fp64
 8 134217728 5308725.119 5308853.865 5309057.951 0.40449429405748066 0.4045098438587365 0.40451965393991235 0.8089885881149613 0.809019687717473 0.8090393078798247
 16 67108864 2654597.044 2654859.781 2655027.866 0.808836575879464 0.8088877850984327 0.8089678442360233 1.617673151758928 1.6177755701968655 1.6179356884720466
 24 33554432 1327201.128 1327245.951 1327323.914 1.213428552753401 1.2134998300703048 1.2135408130846617 2.426857105506802 2.4269996601406096 2.4270816261693233
 32 33554432 1328082.8 1328112.125 1328205.824 1.6168304709978443 1.6169445392270627 1.6169802424969288 3.2336609419956885 3.2338890784541254 3.2339604849938577
 40 16777216 879694.939 880470.991 880678.892 1.524025717196365 1.5243855774005846 1.5257303645803968 3.04805143439273 3.048771154801169 3.0514607291607936
 48 16777216 877223.969 877301.931 877334.118 1.835803148373628 1.8358705014636518 1.8360336617751492 3.671606296747256 3.6717410029273037 3.6720673235502983
 56 16777216 1171158.075 1171353.102 1171466.112 1.6040141261892515 1.6041688785317274 1.6044360126193897 3.208028252378503 3.208337757063455 3.2088720252387795
 64 16777216 1167213.917 1167321.92 1167530.06 1.8393390642121883 1.8396670286119532 1.8398372540994987 3.6786781284243766 3.6793340572239064 3.6796745081989974
 72 8388608 729690.075 731466.055 731701.851 1.6508903870464582 1.6514225694314684 1.655441938140655 3.3017807740929164 3.3028451388629367 3.31088387628131
 80 8388608 728722.095 728776.932 728945.017 1.8412599698174492 1.8416846377349385 1.8418232261778753 3.6825199396348984 3.683369275469877 3.6836464523557506
 88 8388608 876016.14 876707.792 877002.954 1.6834550000842983 1.6840217703916562 1.6853513772017943 3.3669100001685965 3.3680435407833125 3.3707027544035886
 96 8388608 873693.943 873699.903 873857.021 1.8431078509352619 1.8434392981728418 1.8434518733981886 3.6862157018705237 3.6868785963456836 3.6869037467963772
 104 8388608 1022505.045 1022958.994 1026612.043 1.6996006192380118 1.7056699967779942 1.7064272421267126 3.3992012384760235 3.4113399935559885 3.412854484253425
 112 8388608 1018934.965 1019064.903 1019071.817 1.8438820117032046 1.8438945217996578 1.8441296614058191 3.6877640234064093 3.6877890435993157 3.6882593228116383
 120 8388608 1167550.802 1168739.08 1169902.086 1.7208841185022044 1.7225965610733232 1.7243497384022182 3.4417682370044087 3.4451931221466463 3.4486994768044363
 128 8388608 1163989.067 1164035.082 1164118.052 1.8447301322323282 1.8448616207599837 1.844934552121528 3.6894602644646564 3.6897232415199674 3.689869104243056
 136 4194304 656386.852 657160.044 658236.027 1.7331939322731722 1.7360317298901393 1.7380766913960064 3.4663878645463444 3.4720634597802786 3.476153382792013
 144 4194304 654446.84 654528.141 654571.056 1.845421579410624 1.8455425769080875 1.8457718460371815 3.690843158821248 3.691085153816175 3.691543692074363
 152 4194304 728990.078 729039.907 729104.042 1.7488154536935074 1.7489693002498423 1.7490888483670146 3.497630907387015 3.4979386004996846 3.4981776967340292
 160 4194304 726981.878 727023.84 727108.955 1.8459094345771057 1.8461255410826694 1.8462321009878049 3.6918188691542113 3.6922510821653387 3.6924642019756098
 176 4194304 799716.949 799742.937 799758.911 1.846050087962071 1.8460869608155102 1.8461469521762004 3.692100175924142 3.6921739216310203 3.692293904352401
 192 4194304 872053.862 872140.884 872207.88 1.8465927365847692 1.8467345878948613 1.8469188729996129 3.6931854731695384 3.6934691757897227 3.6938377459992258
 208 4194304 944715.023 944770.813 944813.013 1.8467468588940783 1.846829347383745 1.8469384116060572 3.6934937177881566 3.69365869476749 3.6938768232121144
 224 4194304 1017191.887 1017307.043 1017320.871 1.8470555805593019 1.8470806871234844 1.8472897945950681 3.6941111611186037 3.6941613742469688 3.6945795891901363
 240 4194304 1089689.016 1089782.0 1090015.888 1.8470060318973993 1.8474024346153632 1.8475600748828689 3.6940120637947986 3.6948048692307265 3.6951201497657378
 264 2097152 617184.877 618111.134 618551.016 1.790145400068343 1.79141936634327 1.7941078877083372 3.580290800136686 3.58283873268654 3.5882157754166744
 288 2097152 653620.005 653652.906 653739.929 1.8477677412908948 1.8480137407971686 1.8481067635009119 3.6955354825817897 3.6960274815943372 3.6962135270018237
 312 2097152 727396.011 729089.022 729249.001 1.7944801380674087 1.794873888527703 1.7990514495686447 3.5889602761348174 3.589747777055406 3.5981028991372894
 336 2097152 762426.138 762433.052 762560.844 1.848096653648794 1.8484064145739578 1.848423176698593 3.696193307297588 3.6968128291479156 3.696846353397186
 368 2097152 835069.895 835141.182 835213.9 1.8480342245261963 1.8481951378611337 1.8483529118242252 3.6960684490523925 3.6963902757222673 3.6967058236484505
 400 2097152 907623.053 907711.029 907816.887 1.8480837094188136 1.8482992344472218 1.848478390290512 3.6961674188376272 3.6965984688944435 3.696956780581024
 440 2097152 1018907.785 1020535.946 1021074.057 1.8074044163086596 1.80835742947951 1.8112470894507886 3.614808832617319 3.61671485895902 3.622494178901577
 480 2097152 1088946.104 1088979.006 1088995.934 1.848735938439234 1.8487646767361094 1.8488205363008485 3.697471876878468 3.697529353472219 3.697641072601697
 528 1048576 598819.017 598837.852 599128.008 1.8481797566038674 1.8490752585225692 1.8491334185534058 3.6963595132077347 3.6981505170451383 3.6982668371068117
 576 1048576 653223.991 653314.829 653355.122 1.8488560222843098 1.848970049935909 1.8492271696126357 3.6977120445686196 3.697940099871818 3.6984543392252713
 632 1048576 726497.889 727687.836 728058.1 1.8204591968690413 1.821385487609003 1.8243687752821538 3.6409183937380827 3.642770975218006 3.6487375505643076
 688 1048576 798077.106 798225.164 798250.914 1.8075025667931774 1.8075608751417414 1.8078962109708732 3.615005133586355 3.6151217502834827 3.6157924219417463
 752 1048576 852688.074 852809.906 853087.902 1.8486468982888002 1.8492495137597522 1.849513734374101 3.6972937965776005 3.6984990275195044 3.699027468748202
 824 1048576 944992.065 945617.199 947437.048 1.823924081972357 1.8274342406498465 1.8286431304584552 3.647848163944714 3.654868481299693 3.6572862609169103
 904 1048576 1037868.977 1038388.014 1039381.981 1.8239929522118588 1.8257389168977833 1.8266519666865426 3.6479859044237175 3.6514778337955667 3.6533039333730852
 992 1048576 1124667.883 1124825.001 1124922.037 1.8493501910123928 1.8495097300917838 1.8497681097202632 3.6987003820247857 3.6990194601835675 3.6995362194405264
 1088 524288 616845.131 616847.992 616874.933 1.849403545142918 1.8494843183342973 1.8494928964592896 3.698807090285836 3.6989686366685945 3.698985792918579
 1192 524288 682792.902 682954.073 683718.92 1.8280941998796816 1.8301415005983865 1.8305734994298462 3.656188399759363 3.660283001196773 3.6611469988596923
 1304 524288 743081.093 746539.116 752506.971 1.8170504150718358 1.831575967949682 1.840099441205941 3.6341008301436717 3.663151935899364 3.680198882411882
 1432 524288 816902.161 817399.979 818236.828 1.8351176341820685 1.8369964161694698 1.8381158768901824 3.670235268364137 3.6739928323389397 3.676231753780365
 1568 524288 908408.88 908553.123 908704.996 1.8093519626693015 1.8096544124696163 1.8099417610272592 3.618703925338603 3.6193088249392327 3.6198835220545185
 1720 524288 975480.08 975916.862 976533.175 1.8468913972123886 1.8480577498209065 1.8488852381280816 3.693782794424777 3.696115499641813 3.697770476256163
 1888 524288 1093442.917 1093507.051 1094202.042 1.809274166936713 1.810424071970616 1.810530259258152 3.618548333873426 3.620848143941232 3.621060518516304
 2072 262144 588196.039 588561.058 589040.995 1.84422603048197 1.8457298885717308 1.8468753000222091 3.68845206096394 3.6914597771434616 3.6937506000444182
 2272 262144 657953.978 658213.854 658242.941 1.8096393623156226 1.8097193317356093 1.810434127354725 3.6192787246312452 3.6194386634712186 3.62086825470945
 2496 262144 722993.851 722995.043 723124.981 1.809677279009671 1.8100025175414653 1.8100055016927106 3.619354558019342 3.6200050350829307 3.620011003385421
 2744 262144 777992.01 778050.184 778248.072 1.8485703000880676 1.8490404624080135 1.8491787235706958 3.697140600176135 3.698080924816027 3.6983574471413916
 3016 262144 852495.909 852975.13 853848.934 1.851911438938448 1.8538085723554447 1.8548506700223943 3.703822877876896 3.7076171447108894 3.7097013400447887
 3312 262144 958518.028 959129.095 959405.899 1.8099136745041005 1.8104360143511233 1.8115901895170194 3.619827349008201 3.6208720287022467 3.623180379034039
 3640 262144 1028597.832 1029437.065 1029638.052 1.8534749335390726 1.8538368054583307 1.8553493509599386 3.706949867078145 3.7076736109166615 3.710698701919877
 4000 262144 1157885.075 1158137.083 1158444.881 1.8103166015025964 1.810797729201112 1.811191840433732 3.620633203005193 3.621595458402224 3.622383680867464
 4400 131072 636682.034 636994.839 637207.985 1.8101367640582848 1.8107424572085111 1.8116320838417126 3.6202735281165697 3.6214849144170222 3.623264167683425
 4840 131072 684628.963 684920.073 685400.009 1.8511481519399864 1.8524452852471738 1.853232960581015 3.7022963038799728 3.7048905704943476 3.70646592116203
 5320 131072 751285.076 751477.003 751478.195 1.8558170939344423 1.8558200376492426 1.8562941346115598 3.7116341878688845 3.7116400752984853 3.7125882692231196
 5848 131072 825872.898 825979.233 826030.016 1.8558866897156436 1.856000793666443 1.8562397624531322 3.7117733794312873 3.712001587332886 3.7124795249062643
 6432 131072 930128.098 930232.048 930702.925 1.8116524217434902 1.8125694676130963 1.8127720382015597 3.6233048434869803 3.6251389352261927 3.6255440764031195
 7072 131072 1023776.77 1023813.963 1024002.075 1.8104283314074343 1.8107609731827812 1.8108267566961889 3.6208566628148686 3.6215219463655623 3.6216535133923777
 7776 131072 1124454.975 1124569.893 1124866.009 1.8121551613175289 1.8126323287582449 1.8128175776891375 3.6243103226350577 3.6252646575164897 3.625635155378275
 8552 65536 603567.123 603920.937 603967.19 1.8559414527136815 1.8560835952604173 1.8571716405434495 3.711882905427363 3.7121671905208347 3.714343281086899
 9400 65536 663377.047 663595.915 663690.805 1.856401792397892 1.856667246060428 1.8572798163153812 3.712803584795784 3.713334492120856 3.7145596326307624
 10336 65536 747870.922 748227.119 748311.043 1.8104238934771408 1.810626957508072 1.8114893254266677 3.6208477869542817 3.621253915016144 3.6229786508533355
 11368 65536 801499.128 802371.025 802438.021 1.856874246989351 1.8570292914054318 1.8590494286850927 3.713748493978702 3.7140585828108637 3.7180988573701854
 12504 65536 881649.017 881843.09 881941.795 1.8583134366593885 1.8585214383207334 1.858930545373704 3.716626873318777 3.7170428766414667 3.717861090747408
 13752 65536 969496.965 969615.936 969631.195 1.8589564293050618 1.858985683997669 1.8592138078534368 3.7179128586101235 3.717971367995338 3.7184276157068736
 15120 65536 1089946.032 1089983.94 1090003.014 1.8181680367353554 1.81819985347674 1.8182630899288417 3.636336073470711 3.63639970695348 3.6365261798576833
 16632 32768 586354.971 586425.066 586447.001 1.8586415313597962 1.8587110531185922 1.8589332501796083 3.7172830627195923 3.7174221062371844 3.7178665003592166
 18288 32768 659201.145 659404.993 661481.857 1.8118748916797578 1.8175815784276295 1.8181436380848517 3.6237497833595156 3.635163156855259 3.6362872761697034
 20112 32768 725298.166 725486.994 728034.019 1.8104374213315437 1.8167934682506521 1.8172664619697936 3.6208748426630875 3.6335869365013043 3.634532923939587
 22120 32768 779721.022 782762.051 782914.877 1.8516142208905813 1.851975728956232 1.8591987122286413 3.7032284417811625 3.703951457912464 3.7183974244572826
 24328 32768 857479.811 857560.873 857604.98 1.8590841298519514 1.8591797482812629 1.859355506155468 3.7181682597039027 3.7183594965625257 3.718711012310936
 26760 32768 943078.995 943670.988 943747.997 1.858275053907214 1.858426699878581 1.8595932782916027 3.716550107814428 3.716853399757162 3.7191865565832054
 29432 32768 1037254.81 1037306.07 1037389.994 1.8593350265146282 1.8594854573636113 1.8595773511043057 3.7186700530292565 3.7189709147272225 3.7191547022086113
 32368 32768 1151453.018 1152510.166 1153170.109 1.839511128015199 1.8405644571121293 1.8422542777164357 3.679022256030398 3.6811289142242587 3.6845085554328714
 35600 16384 635516.167 635954.857 636162.043 1.833716445103909 1.8343138465880133 1.8355800537801266 3.667432890207818 3.6686276931760267 3.671160107560253
 39160 16384 690227.985 690402.985 699742.079 1.8338112263218629 1.8586172248371724 1.8590884575623228 3.6676224526437258 3.717234449674345 3.7181769151246455
 43072 16384 774564.028 774706.125 793120.146 1.7795327771184872 1.8218305631700018 1.822164785581806 3.5590655542369745 3.6436611263400036 3.644329571163612
 47376 16384 855346.918 855533.123 855686.903 1.8142345787428746 1.8145606829999965 1.8149557043239386 3.6284691574857493 3.629121365999993 3.629911408647877
 52112 16384 944656.849 944822.788 944912.195 1.8071584058664838 1.8073294142435523 1.8076468908341128 3.6143168117329676 3.6146588284871046 3.6152937816682256
 57320 16384 1010694.981 1028698.921 1029047.966 1.8252421870099687 1.8258615049135452 1.858386353261212 3.6504843740199373 3.6517230098270903 3.716772706522424
 63048 16384 1111001.968 1111238.956 1131994.009 1.8250598921676802 1.8591472633722175 1.8595438383597893 3.6501197843353603 3.718294526744435 3.7190876767195786
 69352 8192 611037.016 611138.821 622156.858 1.8263290895043063 1.8592554243907213 1.8595651953105246 3.6526581790086126 3.7185108487814427 3.719130390621049
 76280 8192 672066.927 672200.918 684412.956 1.8260488920376312 1.859223167558959 1.8595938436946768 3.6520977840752624 3.718446335117918 3.7191876873893537
 83904 8192 754285.097 760684.013 760790.11 1.8069150977790709 1.807167118681118 1.8224980732981395 3.6138301955581418 3.614334237362236 3.644996146596279
 92288 8192 829477.072 836766.958 836913.109 1.8066948357478767 1.8070103958383117 1.82289136498278 3.6133896714957534 3.6140207916766234 3.64578272996556
 101512 8192 894654.036 894759.893 912151.814 1.8233506555302428 1.8587920860239093 1.859012021491624 3.6467013110604856 3.7175841720478187 3.718024042983248
 111656 8192 984188.08 984430.075 1007642.984 1.81549609638328 1.8583055825473436 1.8587625080767085 3.63099219276656 3.716611165094687 3.717525016153417
 122816 8192 1113461.018 1113515.139 1113663.912 1.8068443471301063 1.8070857535058624 1.8071735889006222 3.6136886942602127 3.614171507011725 3.6143471778012444
 135096 4096 595432.043 595455.17 611867.189 1.8087363596154522 1.8585890051135165 1.8586611940197515 3.6174727192309044 3.717178010227033 3.717322388039503
 148600 4096 655111.79 655211.21 655236.959 1.8578488030617943 1.85792181424979 1.858203773130079 3.7156976061235887 3.71584362849958 3.716407546260158
 163456 4096 740885.973 740930.08 741014.004 1.8070259735604135 1.8072306525873536 1.8073382420482131 3.614051947120827 3.614461305174707 3.6146764840964263
 179800 4096 792671.919 792771.101 814554.93 1.8082532506432685 1.8579405810101546 1.858173053308326 3.616506501286537 3.715881162020309 3.716346106616652
 197776 4096 896411.896 896471.024 896678.925 1.8068685979209338 1.8072876296334148 1.8074068396789775 3.6137371958418676 3.6145752592668297 3.614813679357955
 217552 4096 986116.171 986123.085 986295.223 1.806949828449083 1.8072652502603161 1.8072779216192372 3.613899656898166 3.6145305005206323 3.6145558432384743
 239304 4096 1055633.068 1055744.171 1083996.058 1.8084737057226459 1.8568687584068126 1.8570641896564766 3.6169474114452917 3.7137375168136253 3.714128379312953
 263232 2048 596480.131 596549.988 596655.13 1.8070711501298917 1.807389646615834 1.807601319749576 3.6141423002597834 3.614779293231668 3.615202639499152
 289552 2048 656131.029 656143.904 656275.988 1.8071741366225333 1.8075379269240304 1.8075733955267645 3.6143482732450667 3.6150758538480607 3.615146791053529
 318504 2048 702819.109 720715.046 721418.858 1.8083702269950919 1.810136185224028 1.8562278220582642 3.6167404539901837 3.620272370448056 3.7124556441165284
 350352 2048 793868.065 793915.987 793923.14 1.8075323916116113 1.8075486770617204 1.8076577900888355 3.6150647832232226 3.615097354123441 3.615315580177671
 385384 2048 851042.986 851043.94 872912.169 1.808352455217061 1.8548194632582662 1.8548215424690662 3.616704910434122 3.7096389265165324 3.7096430849381323
 423920 2048 960447.073 960470.2 960870.981 1.8070858151974931 1.807839868431108 1.8078834001506714 3.6141716303949862 3.615679736862216 3.615766800301343
 466312 2048 1029670.0 1029765.844 1030097.008 1.854207843694659 1.8548041412801026 1.8549767906222379 3.708415687389318 3.7096082825602053 3.7099535812444757
 512936 2048 1133651.972 1133815.05 1133913.04 1.8528632989351634 1.8530234327018322 1.8532899936595355 3.705726597870327 3.7060468654036645 3.706579987319071
 564224 1024 638947.964 639107.943 639136.076 1.807957327697459 1.8080369124750497 1.8084896065182545 3.615914655394918 3.6160738249500994 3.616979213036509
 620640 1024 702800.989 702882.051 702914.953 1.8082852193926795 1.8083698654584082 1.8085784452417724 3.616570438785359 3.6167397309168163 3.6171568904835447
 682704 1024 773119.926 773121.119 773327.827 1.8080013975754683 1.8084847996501312 1.808487590319849 3.6160027951509366 3.6169695993002624 3.616975180639698
 750968 1024 830804.11 831315.994 849479.914 1.8104989166347727 1.8500575895331564 1.8511974669937536 3.6209978332695454 3.7001151790663127 3.7023949339875073
 826064 1024 935438.156 935480.118 935497.046 1.8084280214819621 1.8084607459289692 1.80854187008382 3.6168560429639243 3.6169214918579384 3.61708374016764
 908664 1024 1007817.03 1008161.068 1008201.838 1.8458048793995554 1.8458795236873797 1.8465096506654586 3.691609758799111 3.6917590473747595 3.693019301330917
 999528 1024 1108426.094 1108516.932 1108669.996 1.8463865274477944 1.8466414764695716 1.8467928128729165 3.692773054895589 3.693282952939143 3.693585625745833
 1099480 512 609681.129 609812.975 609836.102 1.8461805004781433 1.846250516398081 1.8466497755091253 3.6923610009562866 3.692501032796162 3.6932995510182507
 1209424 512 684054.136 684129.0 684324.026 1.8097423573434495 1.8102582641577831 1.810456381773854 3.619484714686899 3.6205165283155663 3.620912763547708
 1330360 512 738893.032 739081.86 739088.058 1.8432020721406381 1.8432175293816575 1.8436885733143578 3.6864041442812763 3.686435058763315 3.6873771466287155
 1463392 512 827542.067 827666.044 827865.124 1.8100936548209996 1.8105290398986091 1.8108002816490052 3.620187309641999 3.6210580797972183 3.6216005632980104
 1609728 512 909826.04 910372.019 910495.043 1.810401368654129 1.8106460189875409 1.8117325725256226 3.620802737308258 3.6212920379750817 3.623465145051245
 1770696 512 987869.978 989012.957 989042.997 1.833279957999642 1.8333356415268884 1.8354568357982837 3.666559915999284 3.666671283053777 3.6709136715965673
 1947760 512 1101312.876 1101566.076 1101749.897 1.810307625560867 1.8106097159803969 1.8110259885856452 3.620615251121734 3.6212194319607938 3.6220519771712905
 2142536 256 597502.947 597653.151 597686.052 1.8353756597284623 1.835476697754414 1.8359381112809807 3.6707513194569246 3.670953395508828 3.6718762225619614
 2356784 256 665387.869 665633.917 665650.129 1.8127742419471535 1.8128183933872468 1.8134887397533845 3.625548483894307 3.6256367867744936 3.626977479506769
 2592456 256 724627.972 725324.154 725470.066 1.8296240385471674 1.8299921003320125 1.8317502543222277 3.6592480770943348 3.659984200664025 3.6635005086444554
 2851696 256 805073.023 805129.051 805449.963 1.8127362580808761 1.8134587867454803 1.813584992028729 3.6254725161617523 3.6269175734909607 3.627169984057458
 3136864 256 885018.11 885479.927 886008.978 1.8127066518280812 1.813789696443339 1.8147361617266793 3.6254133036561624 3.627579392886678 3.6294723234533586
 3450544 256 974088.192 974873.066 974928.856 1.812110203864968 1.8122139072411299 1.8136741031350063 3.624220407729936 3.6244278144822597 3.6273482062700126
 3795592 256 1063614.13 1063933.134 1064159.87 1.8261758959206005 1.8265650743423505 1.82711290606867 3.652351791841201 3.653130148684701 3.65422581213734
 4175144 256 1171657.085 1171831.846 1172190.905 1.8236566406390946 1.824215424164194 1.8244875188886862 3.647313281278189 3.648430848328388 3.6489750377773724
 4592656 128 646212.101 646378.04 646616.936 1.8182634424533537 1.818935457646426 1.8194025370007731 3.6365268849067074 3.637870915292852 3.6388050740015463
 5051920 128 711061.001 711206.198 711392.879 1.817970854330129 1.8184480445149327 1.8188193673695794 3.635941708660258 3.6368960890298654 3.6376387347391588
 5557112 128 778422.117 778898.001 779064.178 1.8260635159122927 1.8264531044803645 1.8275696963528083 3.6521270318245853 3.652906208960729 3.6551393927056166
 6112816 128 860480.07 860574.007 860635.042 1.818286288184859 1.818415247580212 1.8186137605720492 3.636572576369718 3.636830495160424 3.6372275211440983
 6724096 128 946079.016 946135.044 946640.015 1.8183982809980834 1.8193687961525289 1.819476541481605 3.636796561996167 3.6387375923050578 3.63895308296321
 7396504 128 1037306.07 1037332.058 1040338.993 1.820084642352726 1.825360557785827 1.8254062891967848 3.640169284705452 3.650721115571654 3.6508125783935697
 8136152 128 1141707.897 1141900.063 1144805.908 1.8193956699950922 1.8240255688645146 1.8243325788259832 3.6387913399901843 3.6480511377290292 3.6486651576519664
 8949760 64 626216.888 626366.854 626477.957 1.8285867319031621 1.8289110809174456 1.8293490673154758 3.6571734638063242 3.657822161834891 3.6586981346309515
 9844736 64 688502.073 688616.991 688763.142 1.829549421504904 1.8299377222308473 1.830243157452338 3.659098843009808 3.6598754444616945 3.660486314904676
 10829208 64 755830.05 756829.977 756867.886 1.8314142397105218 1.8315059737650958 1.833928968555828 3.6628284794210435 3.6630119475301917 3.667857937111656
 11912128 64 833278.179 833518.982 833842.039 1.8285866059578701 1.829295333312517 1.829823968065291 3.6571732119157403 3.658590666625034 3.659647936130582
 13103336 64 915117.025 915233.85 917104.006 1.8288296605695995 1.832566625458619 1.8328005732381605 3.657659321139199 3.665133250917238 3.665601146476321
 14413664 64 1007923.841 1008723.021 1008749.962 1.8289457858735463 1.8289946334039302 1.8304448381432818 3.6578915717470926 3.6579892668078604 3.6608896762865637
 15855024 64 1098865.986 1109097.958 1109580.04 1.8290190872575536 1.829814091137295 1.8468522075084046 3.658038174515107 3.65962818227459 3.6937044150168092
 17440520 32 594965.935 601667.166 603077.173 1.8508299268690778 1.8551673467918643 1.8760625009564622 3.7016598537381555 3.7103346935837287 3.7521250019129244
 19184568 32 651947.975 656523.943 661401.033 1.8563810619267658 1.8701714767468884 1.8832980530386645 3.7127621238535315 3.740342953493777 3.766596106077329
 21103024 32 714004.04 714921.951 716835.976 1.884104008753043 1.889148226755175 1.8915768823941108 3.768208017506086 3.77829645351035 3.7831537647882216
 23213320 32 784347.057 785887.957 788815.975 1.883395528342336 1.8904125795122726 1.8941264160311624 3.766791056684672 3.780825159024545 3.7882528320623248
 25534648 32 862154.961 864254.951 865705.967 1.88772809047763 1.8908974372771628 1.8955031820549948 3.77545618095526 3.7817948745543255 3.7910063641099896
 28088112 32 948686.838 950170.994 950170.994 1.8919112237181175 1.8919112237181175 1.8948709900832417 3.783822447436235 3.783822447436235 3.7897419801664833
 30896920 32 1043299.913 1045142.889 1047648.907 1.8874671340634541 1.8919928564906496 1.895335037759176 3.7749342681269082 3.7839857129812993 3.790670075518352
 33986608 16 561273.813 561532.021 561567.068 1.9366724260974648 1.9367932999852917 1.937684300977712 3.8733448521949296 3.8735865999705834 3.875368601955424
 37385264 16 616763.115 618128.061 619381.905 1.9314875658177324 1.9354054984408808 1.9396887052819298 3.862975131635465 3.8708109968817617 3.8793774105638597
 41123784 16 678544.044 679976.94 680543.184 1.933692260739768 1.9353025236414634 1.9393893434572684 3.867384521479536 3.8706050472829268 3.878778686914537
 45236160 16 747252.941 747355.223 748081.923 1.9350248622435968 1.9369064073564384 1.9371715259666005 3.8700497244871936 3.8738128147128768 3.874343051933201
 49759776 16 821593.046 821684.837 822410.822 1.9361525765525491 1.9378632296703802 1.9380797339416624 3.8723051531050983 3.8757264593407603 3.876159467883325
 54735752 16 904367.924 905755.997 905983.925 1.9333058961283445 1.9337924008247003 1.9367604904129705 3.866611792256689 3.8675848016494005 3.873520980825941
 60209320 16 993226.051 995441.914 995548.964 1.9353123850973137 1.935520508934487 1.939838607797451 3.8706247701946275 3.871041017868974 3.879677215594902
 66230248 16 1094451.904 1096884.012 1098212.957 1.92983330099246 1.932171417227294 1.9364651185256654 3.85966660198492 3.864342834454588 3.8729302370513308
 72853272 8 573731.899 574227.095 574585.199 2.028684960957374 2.029950105367285 2.031702183601264 4.057369921914748 4.05990021073457 4.063404367202528
 80138592 8 631530.046 631695.986 632592.916 2.0269235389287856 2.0298015191123913 2.0303348670761423 4.053847077857571 4.0596030382247825 4.060669734152285
 88152448 8 694155.931 695163.965 695978.88 2.026554552919767 2.0289302078539126 2.031876564056902 4.053109105839534 4.057860415707825 4.063753128113804
 96967688 8 763192.892 764405.966 765974.045 2.025503368067778 2.0296584236758823 2.032884509621455 4.051006736135556 4.059316847351765 4.06576901924291
 106664456 8 839998.007 840773.106 841025.829 2.029225782553225 2.0298357354927097 2.03170874428039 4.05845156510645 4.059671470985419 4.06341748856078
 117330896 8 924457.073 926412.821 926506.996 2.026206325591523 2.026412300699366 2.0306993053857028 4.052412651183046 4.052824601398732 4.0613986107714055
 129063984 8 1015563.011 1017593.861 1018465.996 2.02758241523068 2.0293201670563144 2.033378255837244 4.05516483046136 4.058640334112629 4.066756511674488
 141970376 4 504816.055 505397.081 505793.095 2.2455091206810565 2.247268634303806 2.2498551635803263 4.491018241362113 4.494537268607612 4.499710327160653
 156167408 4 556621.075 557111.025 557341.099 2.24160620173464 2.242531933378989 2.244505858855596 4.48321240346928 4.485063866757978 4.489011717711192
 171784144 4 611305.952 611712.217 611763.0 2.2464143009629547 2.246600793326971 2.2480938513747692 4.492828601925909 4.493201586653942 4.4961877027495385
 188962552 4 671741.962 672223.091 672577.143 2.2476238327950435 2.2488076298468003 2.2504183176217896 4.495247665590087 4.4976152596936005 4.500836635243579
 207858800 4 738976.002 739670.992 740664.005 2.2451076179947482 2.2481216892171973 2.2502359961616185 4.4902152359894965 4.496243378434395 4.500471992323237
 228644680 4 813436.031 813597.202 813733.816 2.247857228044705 2.248234673747071 2.2486801300789687 4.49571445608941 4.496469347494142 4.497360260157937
 251509144 4 894425.154 894723.177 895589.828 2.2466458294789837 2.248821986199649 2.2495712950398534 4.4932916589579674 4.497643972399298 4.499142590079707
 276660056 2 386508.942 386721.849 386889.935 2.8603489620374845 2.8615921931010417 2.8631684904200743 5.720697924074969 5.7231843862020835 5.7263369808401485
 304326056 2 425179.005 425214.052 425472.021 2.8610676235277053 2.8628033769683605 2.863039354447899 5.7221352470554105 5.725606753936721 5.726078708895798
 334758656 2 467628.002 467742.92 468106.985 2.8605311753679556 2.86275765328527 2.8634611662968807 5.721062350735911 5.72551530657054 5.7269223325937615
 368234520 2 514501.095 514519.93 514945.03 2.8603792525194387 2.862742518059505 2.862847318138361 5.720758505038877 5.72548503611901 5.725694636276722
 405057968 2 565838.099 565927.029 566539.049 2.8598767814149384 2.862969586137226 2.863419545031378 5.719753562829877 5.725939172274452 5.726839090062756
 445563760 2 622460.127 622539.043 622980.118 2.860853803363272 2.862880746260279 2.8632437046043915 5.721707606726544 5.725761492520558 5.726487409208783
 490120136 2 684704.065 684796.81 685462.952 2.860082427912165 2.862864597748345 2.8632523804280323 5.72016485582433 5.72572919549669 5.726504760856065
 539132144 1 376698.017 376822.948 377049.923 2.859738783184952 2.8614613141872667 2.862410311015786 5.719477566369904 5.722922628374533 5.724820622031572
 593045352 1 414382.935 414439.917 414692.163 2.8601714954521578 2.861912319126345 2.86230586208865 5.7203429909043155 5.72382463825269 5.7246117241773
 652349880 1 455730.2 455814.123 456426.859 2.8585078513094255 2.8623504498126313 2.8628775534296387 5.717015702618851 5.724700899625263 5.725755106859277
 717584864 1 501303.911 501404.047 501837.969 2.859826909589617 2.8623018433674505 2.8628735912654784 5.719653819179234 5.724603686734901 5.725747182530957
 789343344 1 551431.179 551537.991 551946.163 2.860218611574984 2.862335349080241 2.8628897822986534 5.720437223149968 5.724670698160482 5.725779564597307
 868277672 1 606647.015 606675.863 607247.829 2.859714372070649 2.862410473053549 2.8625465897990114 5.719428744141298 5.724820946107098 5.725093179598023
 955105432 1 667258.978 667433.023 667886.972 2.8600810377837407 2.8620262980305062 2.862772816823755 5.720162075567481 5.7240525960610125 5.72554563364751
 1050615968 1 734127.045 734139.919 734616.995 2.86030945418027 2.8621682074749026 2.8622183998138904 5.72061890836054 5.724336414949805 5.724436799627781
 
META_DATA
 FLOPS          32
 ERT_VERSION  1.1.0
 HOSTNAME  ('graoully-1.nancy.grid5000.fr', [], ['172.16.70.1'])
 UNAME  uname_result(system='Linux', node='graoully-1.nancy.grid5000.fr', release='4.19.0-14-amd64', version='#1 SMP Debian 4.19.171-2 (2021-01-30)', machine='x86_64', processor='')
 TIMESTAMP_DATA  1615914545.2329817
 CONFIG  {'ERT_RESULTS': ['Results.graoully.01'], 'ERT_DRIVER': ['driver1'], 'ERT_KERNEL': ['kernel1'], 'ERT_OPENMP': ['False'], 'ERT_FLOPS': ['1,2,4,8,16,32'], 'ERT_ALIGN': ['64'], 'ERT_CC': ['g++'], 'ERT_CFLAGS': ['-O3', '-DERT_INTEL'], 'ERT_LD': ['g++'], 'ERT_LDFLAGS': [], 'ERT_LDLIBS': [], 'ERT_PRECISION': ['FP64'], 'ERT_RUN': ['ERT_CODE'], 'ERT_NUM_EXPERIMENTS': ['3'], 'ERT_MEMORY_MAX': ['1073741824'], 'ERT_WORKING_SET_MIN': ['1'], 'ERT_TRIALS_MIN': ['1'], 'ERT_GNUPLOT': ['gnuplo'], 'ERT_MPI': [False], 'ERT_GPU': [False], 'ERT_HIP': [False], 'ERT_OCL': [False], 'ERT_SYCL': [False], 'ERT_WSS_MULT': [1.1]}
 TIMESTAMP_DATA  1615914873.3787696
 TIMESTAMP_DATA  1615915201.5203109
 