fp64
 8 134217728 2622940.063 2623103.142 2623297.93 0.8186198080825688 0.818680597653754 0.8187314984025237 0.8186198080825688 0.818680597653754 0.8187314984025237
 16 67108864 1311397.076 1311812.162 1311879.873 1.6369514405988606 1.6370359341126464 1.6375540919690141 1.6369514405988606 1.6370359341126464 1.6375540919690141
 24 33554432 655750.99 655866.146 656208.992 2.454420399042627 2.4557034172640466 2.456134661725787 2.454420399042627 2.4557034172640466 2.456134661725787
 32 33554432 656008.005 656042.099 656069.994 3.2732538717507635 3.2733930509541884 3.2735631754981407 3.2732538717507635 3.2733930509541884 3.2735631754981407
 40 16777216 329460.859 329550.982 329662.8 4.071364072622086 4.072745503152529 4.073859590100808 4.071364072622086 4.072745503152529 4.073859590100808
 48 16777216 330422.163 330468.893 330492.02 4.873378594738838 4.873719645376728 4.874408911850141 4.873378594738838 4.873719645376728 4.874408911850141
 56 16777216 376205.206 376825.809 377364.874 4.979393476882005 4.986516706449902 4.9947426618014426 4.979393476882005 4.986516706449902 4.9947426618014426
 64 16777216 375840.187 376081.944 376235.962 5.707810695671883 5.710148233013814 5.71382125243568 5.707810695671883 5.710148233013814 5.71382125243568
 72 8388608 235165.119 235439.062 236079.931 5.116739685932896 5.130667535534099 5.136644231664305 5.116739685932896 5.130667535534099 5.136644231664305
 80 8388608 234308.004 234356.165 234369.993 5.726745402940725 5.727083305019947 5.728260482300895 5.726745402940725 5.727083305019947 5.728260482300895
 88 8388608 279829.025 280328.989 280479.908 5.2638173569281115 5.266651206022791 5.276061009039358 5.2638173569281115 5.266651206022791 5.276061009039358
 96 8388608 280322.79 280380.964 280548.096 5.740950514239098 5.744372631517168 5.745564732714026 5.740950514239098 5.744372631517168 5.745564732714026
 104 8388608 325762.987 326560.974 326580.048 5.342734422036707 5.343046484176643 5.35613477782852 5.342734422036707 5.343046484176643 5.35613477782852
 112 8388608 326458.931 326536.894 326642.036 5.75262209056277 5.7544743841411075 5.755848633836273 5.75262209056277 5.7544743841411075 5.755848633836273
 120 8388608 371422.052 372648.001 372669.935 5.402276199178772 5.402594176266626 5.420426464070044 5.402276199178772 5.402594176266626 5.420426464070044
 128 8388608 372684.002 372993.946 373042.107 5.756678958496233 5.7574222612181485 5.7622104422931475 5.756678958496233 5.7574222612181485 5.7622104422931475
 136 4194304 208187.103 209131.002 209659.1 5.441455620099485 5.4551963940764745 5.479929695741046 5.441455620099485 5.4551963940764745 5.479929695741046
 144 4194304 209380.15 209387.064 209412.098 5.768336994551289 5.769026648179182 5.769217148808042 5.768336994551289 5.769026648179182 5.769217148808042
 152 4194304 232608.08 232722.044 232852.936 5.4758528619110916 5.478932696208187 5.481617044429411 5.4758528619110916 5.478932696208187 5.481617044429411
 160 4194304 232487.202 232500.076 232573.986 5.770969071321674 5.772803618352365 5.7731232878788745 5.770969071321674 5.772803618352365 5.7731232878788745
 176 4194304 255558.014 255634.069 255636.215 5.77537501093106 5.775423494119636 5.777142281282558 5.77537501093106 5.775423494119636 5.777142281282558
 192 4194304 278533.936 278595.924 278598.07 5.78113386069042 5.781178392258172 5.782464999166206 5.78113386069042 5.781178392258172 5.782464999166206
 208 4194304 301659.822 301666.975 301826.0 5.780915043766939 5.783962477165424 5.784099627294749 5.780915043766939 5.783962477165424 5.784099627294749
 224 4194304 324719.906 324969.053 324977.875 5.782080370856015 5.782237338150472 5.786673860394625 5.782080370856015 5.782237338150472 5.786673860394625
 240 4194304 347809.076 347836.971 347960.949 5.785896163882458 5.787958405376063 5.788422611490448 5.785896163882458 5.787958405376063 5.788422611490448
 264 2097152 196855.068 197772.026 197918.892 5.59469712471915 5.598851760764183 5.624931414008604 5.59469712471915 5.598851760764183 5.624931414008604
 288 2097152 208510.876 208529.949 208672.047 5.788794279666984 5.792738922120007 5.79326879812255 5.788794279666984 5.792738922120007 5.79326879812255
 312 2097152 230896.95 232501.03 232826.948 5.620581548833427 5.628460433057006 5.667562295647473 5.620581548833427 5.628460433057006 5.667562295647473
 336 2097152 243086.815 243098.021 243124.008 5.796573343756327 5.797192993191828 5.797460236582555 5.796573343756327 5.797192993191828 5.797460236582555
 368 2097152 266157.866 266162.872 266207.933 5.798113732395796 5.799095344898443 5.799204416524741 5.798113732395796 5.799095344898443 5.799204416524741
 400 2097152 289213.896 289216.995 289320.946 5.798825225740828 5.800909452088042 5.800971610299111 5.798825225740828 5.800909452088042 5.800971610299111
 440 2097152 323401.928 326107.979 327152.014 5.641089405000575 5.659149358010649 5.706502034211744 5.641089405000575 5.659149358010649 5.706502034211744
 480 2097152 347001.076 347046.852 347128.153 5.7997771215059 5.801135807449997 5.801901086900375 5.7997771215059 5.801135807449997 5.801901086900375
 528 1048576 197221.994 197301.865 197345.018 5.610966353353799 5.612193559346233 5.614466386543074 5.610966353353799 5.612193559346233 5.614466386543074
 576 1048576 213910.103 213943.958 214045.048 5.643482824232401 5.64614940890268 5.64704301039956 5.643482824232401 5.64614940890268 5.64704301039956
 632 1048576 230099.916 230748.892 230911.016 5.739873683635778 5.743906514619365 5.760106683394009 5.739873683635778 5.743906514619365 5.760106683394009
 688 1048576 253558.159 253576.994 253687.859 5.687464042179488 5.689950626987873 5.690373292227603 5.687464042179488 5.689950626987873 5.690373292227603
 752 1048576 276303.053 276414.156 276471.853 5.704227344980395 5.705418010501603 5.707712190932613 5.704227344980395 5.705418010501603 5.707712190932613
 824 1048576 298405.886 298760.891 300060.034 5.759025035636702 5.784067794870781 5.790948935906713 5.759025035636702 5.784067794870781 5.790948935906713
 904 1048576 326421.976 326621.771 326906.919 5.7992819907247055 5.8043448916330815 5.807897590816618 5.7992819907247055 5.8043448916330815 5.807897590816618
 992 1048576 361443.043 361455.917 361580.133 5.753564961490847 5.755542200738133 5.755747203578075 5.753564961490847 5.755542200738133 5.755747203578075
 1088 524288 197767.019 197777.033 198005.915 5.761700038102397 5.7683678973988854 5.768659980661386 5.761700038102397 5.7683678973988854 5.768659980661386
 1192 524288 214040.995 214731.216 215194.941 5.808234088551366 5.82077732005206 5.839547662353186 5.808234088551366 5.82077732005206 5.839547662353186
 1304 524288 233850.002 233922.958 233974.934 5.843972602637853 5.845271091347946 5.847094685934619 5.843972602637853 5.845271091347946 5.847094685934619
 1432 524288 256494.045 256662.846 256788.969 5.847450682353882 5.850324094045151 5.8541742440843025 5.847450682353882 5.850324094045151 5.8541742440843025
 1568 524288 282891.989 282974.958 283002.853 5.809719409436484 5.810292117792275 5.811996210327469 5.809719409436484 5.810292117792275 5.811996210327469
 1720 524288 307519.913 307930.946 308049.917 5.854735289540753 5.8569973022458095 5.864825800727903 5.854735289540753 5.8569973022458095 5.864825800727903
 1888 524288 339593.887 339655.161 339720.011 5.827479759501126 5.828592394036962 5.829644065412756 5.827479759501126 5.828592394036962 5.829644065412756
 2072 262144 185151.1 185233.116 185334.921 5.8614141907989366 5.864635651866915 5.86723349739753 5.8614141907989366 5.864635651866915 5.86723349739753
 2272 262144 203882.933 203891.039 203909.874 5.841709931123786 5.84224957527437 5.842481852073416 5.841709931123786 5.84224957527437 5.842481852073416
 2496 262144 223753.929 223829.985 223918.915 5.844181801256048 5.8465037559646 5.848491035882548 5.844181801256048 5.8465037559646 5.848491035882548
 2744 262144 244641.066 244770.05 244957.924 5.873034227706796 5.87754209307879 5.8806409550226535 5.873034227706796 5.87754209307879 5.8806409550226535
 3016 262144 268630.028 268637.18 268810.034 5.882416606517003 5.8862016344870804 5.886358348590874 5.882416606517003 5.8862016344870804 5.886358348590874
 3312 262144 296000.004 296123.028 296249.866 5.86140976009758 5.863920370286095 5.866357542346519 5.86140976009758 5.863920370286095 5.866357542346519
 3640 262144 324120.045 324218.035 324309.111 5.884535016964109 5.8861880400946855 5.887967589292418 5.884535016964109 5.8861880400946855 5.887967589292418
 4000 262144 357146.025 357198.954 357255.936 5.870166983033698 5.871103418740693 5.871973515594916 5.870166983033698 5.871103418740693 5.871973515594916
 4400 131072 196272.135 196299.076 196329.832 5.874978795886711 5.875899283397544 5.8767058298927655 5.874978795886711 5.875899283397544 5.8767058298927655
 4840 131072 215258.121 215400.934 215420.008 5.889782345565599 5.890303892554152 5.894211814661338 5.889782345565599 5.890303892554152 5.894211814661338
 5320 131072 236517.906 236585.14 236652.136 5.8930635639815225 5.894732357239342 5.89640802925086 5.8930635639815225 5.894732357239342 5.89640802925086
 5848 131072 260018.826 260041.952 260149.002 5.892846408075015 5.895272282835348 5.895796606665703 5.892846408075015 5.895272282835348 5.895796606665703
 6432 131072 286413.908 286424.16 286427.975 5.886681313164331 5.886759720269408 5.886970433014029 5.886681313164331 5.886759720269408 5.886970433014029
 7072 131072 314796.925 314802.885 314815.044 5.888798528954672 5.889025978907404 5.889137474897508 5.888798528954672 5.889025978907404 5.889137474897508
 7776 131072 346002.102 346148.014 346215.963 5.887746267782575 5.888902034838773 5.891385434415655 5.887746267782575 5.888902034838773 5.891385434415655
 8552 65536 189934.015 189965.01 190056.086 5.897878713549852 5.900706366925151 5.901669292885742 5.897878713549852 5.900706366925151 5.901669292885742
 9400 65536 208765.984 208827.972 208855.152 5.899192757284723 5.8999605665854 5.901712416904087 5.899192757284723 5.8999605665854 5.901712416904087
 10336 65536 229767.799 229788.065 229796.886 5.895468017786803 5.8956943303386975 5.896214342898415 5.895468017786803 5.8956943303386975 5.896214342898415
 11368 65536 252381.086 252401.114 252523.899 5.900536550799891 5.903406971492211 5.903875443344434 5.900536550799891 5.903406971492211 5.903875443344434
 12504 65536 277553.082 277562.141 277648.926 5.902865577805261 5.904711219243693 5.904903941942176 5.902865577805261 5.904711219243693 5.904903941942176
 13752 65536 305220.127 305227.995 305227.995 5.905428641956647 5.905428641956647 5.905580872784317 5.905428641956647 5.905428641956647 5.905580872784317
 15120 65536 335864.067 335872.889 336117.029 5.896186354782995 5.900472187262485 5.900627172480466 5.896186354782995 5.900472187262485 5.900627172480466
 16632 32768 184545.04 184547.901 184756.041 5.8996433680888405 5.906297205731968 5.906388771001376 5.8996433680888405 5.906297205731968 5.906388771001376
 18288 32768 203029.156 203058.004 203093.052 5.901345989915991 5.902364567712386 5.903203222693788 5.901345989915991 5.902364567712386 5.903203222693788
 20112 32768 223256.111 223259.926 223376.036 5.9006331010368545 5.903701822421996 5.9038027048675055 5.9006331010368545 5.903701822421996 5.9038027048675055
 22120 32768 245387.077 245407.104 245434.046 5.9065005186770225 5.907148963381273 5.907631068933594 5.9065005186770225 5.907148963381273 5.907631068933594
 24328 32768 269876.003 269961.119 269984.007 5.9053861216305314 5.905886795498132 5.9077494489200655 5.9053861216305314 5.905886795498132 5.9077494489200655
 26760 32768 296831.131 296944.141 297224.045 5.900408764035225 5.905970577813152 5.908219107920996 5.900408764035225 5.905970577813152 5.908219107920996
 29432 32768 326442.957 326447.01 326455.832 5.9084732540480385 5.908632926366825 5.908706285858083 5.9084732540480385 5.908632926366825 5.908706285858083
 32368 32768 359146.118 359249.115 359629.154 5.898490776974104 5.904730615689895 5.9064239920310095 5.898490776974104 5.904730615689895 5.9064239920310095
 35600 16384 197487.116 197567.94 197790.861 5.897849850605584 5.904504546638488 5.906921036813357 5.897849850605584 5.904504546638488 5.906921036813357
 39160 16384 217171.907 217182.875 217250.109 5.906532732740769 5.908361237045048 5.908659631560909 5.906532732740769 5.908361237045048 5.908659631560909
 43072 16384 238932.133 238963.842 239027.023 5.90470181273186 5.9062629901974875 5.907046818185815 5.90470181273186 5.9062629901974875 5.907046818185815
 47376 16384 262773.991 262807.131 262819.052 5.906789314497642 5.907057248001387 5.90780222232877 5.906789314497642 5.907057248001387 5.90780222232877
 52112 16384 289048.195 289267.778 289330.006 5.9019319828168815 5.903201621025347 5.907686142098206 5.9019319828168815 5.903201621025347 5.907686142098206
 57320 16384 317831.039 317835.808 317929.983 5.907784293499616 5.90953477463433 5.9096234461858215 5.907784293499616 5.90953477463433 5.9096234461858215
 63048 16384 349573.135 349675.894 350054.026 5.9018228917612845 5.908204996252901 5.909941746524657 5.9018228917612845 5.908204996252901 5.909941746524657
 69352 8192 192257.881 192282.915 192301.989 5.908743710393967 5.9093298434756925 5.910099300428678 5.908743710393967 5.9093298434756925 5.910099300428678
 76280 8192 211458.206 211570.024 211640.12 5.9051729889399045 5.90712945232733 5.910253111671627 5.9051729889399045 5.90712945232733 5.910253111671627
 83904 8192 232614.994 232636.929 232686.996 5.907864038951279 5.909135501010676 5.9096927174006675 5.907864038951279 5.909135501010676 5.9096927174006675
 92288 8192 255882.978 255885.839 255935.907 5.9079111240143405 5.909067097691169 5.909133166333557 5.9079111240143405 5.909067097691169 5.909133166333557
 101512 8192 281405.926 281417.131 281621.218 5.905707743938526 5.90999063237554 5.910225955938114 5.905707743938526 5.90999063237554 5.910225955938114
 111656 8192 309530.973 309559.822 309561.968 5.9095499224891865 5.909590889996054 5.910141677485697 5.9095499224891865 5.909590889996054 5.910141677485697
 122816 8192 340498.924 340523.958 340881.109 5.902988727955588 5.909179946745481 5.9096143986640035 5.902988727955588 5.909179946745481 5.9096143986640035
 135096 4096 187239.17 187347.889 187383.89 5.9060916709542095 5.907226592769348 5.910656578962617 5.9060916709542095 5.907226592769348 5.910656578962617
 148600 4096 205933.094 205973.864 206192.97 5.9038443454207 5.9101245971673375 5.911294665441194 5.9038443454207 5.9101245971673375 5.911294665441194
 163456 4096 226608.992 226891.041 226902.008 5.901364927541761 5.901650175777545 5.908995667744729 5.901364927541761 5.901650175777545 5.908995667744729
 179800 4096 249186.993 249225.14 249345.064 5.907161651293005 5.910004103117366 5.910908841056564 5.907161651293005 5.910004103117366 5.910908841056564
 197776 4096 274096.012 274225.95 274236.917 5.907960932918452 5.908197207448821 5.910998048377297 5.907960932918452 5.908197207448821 5.910998048377297
 217552 4096 301502.943 301512.003 301741.838 5.90632706360064 5.910829307846825 5.911006925063415 5.90632706360064 5.910829307846825 5.911006925063415
 239304 4096 331664.801 331772.089 331869.841 5.907069958791465 5.908810394234218 5.910721795286321 5.907069958791465 5.908810394234218 5.910721795286321
 263232 2048 182395.935 182411.909 182496.071 5.908062930297278 5.910788818069987 5.911306477307184 5.908062930297278 5.910788818069987 5.911306477307184
 289552 2048 200639.963 200650.93 200703.144 5.9092496926704845 5.91078741573737 5.911110499955585 5.9092496926704845 5.91078741573737 5.911110499955585
 318504 2048 220696.926 220702.887 220789.909 5.908750041651587 5.9110798310490615 5.911239488673258 5.908750041651587 5.9110798310490615 5.911239488673258
 350352 2048 242770.91 242775.917 242856.979 5.908999600954437 5.910972594534573 5.911094504691686 5.908999600954437 5.910972594534573 5.911094504691686
 385384 2048 267032.146 267055.988 267064.095 5.910689207397948 5.9108686377779325 5.911396390455551 5.910689207397948 5.9108686377779325 5.911396390455551
 423920 2048 293726.921 293756.008 293764.83 5.910769917556162 5.910947428179921 5.911532773667689 5.910769917556162 5.910947428179921 5.911532773667689
 466312 2048 323098.183 323109.865 323206.902 5.909570433616544 5.911345207612277 5.91155893934569 5.909570433616544 5.911345207612277 5.91155893934569
 512936 2048 355401.993 355412.006 355416.059 5.91134194079846 5.911409351770744 5.911575898225196 5.91134194079846 5.911409351770744 5.911575898225196
 564224 1024 195417.881 195428.133 195436.954 5.912549946925595 5.9128168204932905 5.913127018299825 5.912549946925595 5.9128168204932905 5.913127018299825
 620640 1024 214940.071 214950.085 214956.999 5.9131394926107985 5.91332969233299 5.913605192770222 5.9131394926107985 5.91332969233299 5.913605192770222
 682704 1024 236438.99 236449.003 236567.974 5.910258131559262 5.913231920034782 5.913482340624109 5.910258131559262 5.913231920034782 5.913482340624109
 750968 1024 260088.921 260107.994 260223.866 5.910228326251981 5.9128611941084745 5.913294799665841 5.910228326251981 5.9128611941084745 5.913294799665841
 826064 1024 286089.897 286116.123 286159.039 5.91202387983977 5.912910654112282 5.913452693507734 5.91202387983977 5.912910654112282 5.913452693507734
 908664 1024 314696.074 314707.041 314735.174 5.912729258535304 5.913257822534704 5.913463896597578 5.912729258535304 5.913257822534704 5.913463896597578
 999528 1024 346199.036 346250.057 346315.145 5.910897555462092 5.9120086845213144 5.912879965384999 5.910897555462092 5.9120086845213144 5.912879965384999
 1099480 512 190279.007 190289.021 190304.041 5.916151407420717 5.916618384410102 5.916929764091106 5.916151407420717 5.916618384410102 5.916929764091106
 1209424 512 209335.089 209432.84 209501.028 5.911427680440785 5.913352347225009 5.916113643040513 5.911427680440785 5.913352347225009 5.916113643040513
 1330360 512 230227.947 230252.981 230252.981 5.916486440625063 5.916486440625063 5.917129773997421 5.916486440625063 5.916486440625063 5.917129773997421
 1463392 512 253260.136 253278.017 253494.024 5.911434851024339 5.916476391237698 5.916894113963517 5.911434851024339 5.916476391237698 5.916894113963517
 1609728 512 278593.063 278754.95 278828.144 5.911747101110425 5.913299376387755 5.916735521874784 5.911747101110425 5.913299376387755 5.916735521874784
 1770696 512 306432.962 306473.017 306495.905 5.915879052282933 5.916320861617647 5.91709420607304 5.915879052282933 5.916320861617647 5.91709420607304
 1947760 512 337118.149 337211.132 337298.155 5.913184553292323 5.914710549947088 5.916341929131796 5.913184553292323 5.914710549947088 5.916341929131796
 2142536 256 185211.897 185213.804 185312.033 5.919628716177325 5.922768218723049 5.922829201409238 5.919628716177325 5.922768218723049 5.922829201409238
 2356784 256 203721.046 203722.0 203788.996 5.9211902098973 5.923137452017946 5.923165189324622 5.9211902098973 5.923137452017946 5.923165189324622
 2592456 256 224081.039 224082.947 224364.996 5.915973951658662 5.923420277045893 5.923470713646593 5.915973951658662 5.923420277045893 5.923470713646593
 2851696 256 246493.101 246495.962 246520.042 5.922716628451654 5.923295214061153 5.923363964657169 5.922716628451654 5.923295214061153 5.923363964657169
 3136864 256 271201.849 271322.012 271543.026 5.914622045936838 5.91943998999978 5.92206275112822 5.914622045936838 5.91943998999978 5.92206275112822
 3450544 256 298321.962 298468.828 298655.033 5.915448704325033 5.919139160488814 5.922053194327007 5.915448704325033 5.919139160488814 5.922053194327007
 3795592 256 328065.157 328093.052 328237.057 5.920547551095061 5.923146168910641 5.923649807163154 5.920547551095061 5.923146168910641 5.923649807163154
 4175144 256 360866.07 360906.839 361019.135 5.921220015110834 5.9230624000450165 5.9237315605759235 5.921220015110834 5.9230624000450165 5.9237315605759235
 4592656 128 198035.002 198058.128 198067.904 5.93594374583779 5.936236739549512 5.936929957462771 5.93594374583779 5.936236739549512 5.936929957462771
 5051920 128 217829.943 217849.97 218065.977 5.930734990355693 5.936615552437303 5.93716135710507 5.930734990355693 5.936615552437303 5.93716135710507
 5557112 128 239602.089 239661.932 239736.08 5.934111678142064 5.935947608066517 5.937430169901399 5.934111678142064 5.935947608066517 5.937430169901399
 6112816 128 263638.02 263640.165 263726.95 5.933716277384621 5.9356695365442524 5.935717830076253 5.933716277384621 5.9356695365442524 5.935717830076253
 6724096 128 289957.047 289973.021 290014.982 5.935447072868807 5.936305971030318 5.936633007577842 5.935447072868807 5.936305971030318 5.936633007577842
 7396504 128 318948.984 318984.985 319040.06 5.9350071085117015 5.9360318292097665 5.93670185198019 5.9350071085117015 5.9360318292097665 5.93670185198019
 8136152 128 350806.952 350823.879 350961.924 5.934703366852982 5.937038601639771 5.937325073306986 5.934703366852982 5.937038601639771 5.937325073306986
 8949760 64 192073.107 192084.074 192105.055 5.96324380948747 5.963895163947845 5.964235690736236 5.96324380948747 5.963895163947845 5.964235690736236
 9844736 64 211302.042 211312.056 211401.939 5.960807237439766 5.963342706769177 5.963625320762399 5.960807237439766 5.963342706769177 5.963625320762399
 10829208 64 232453.823 232460.022 232497.931 5.961939609690548 5.962911867916798 5.96307088483548 5.961939609690548 5.962911867916798 5.96307088483548
 11912128 64 255664.11 255713.94 255760.193 5.961648550992452 5.962726881451984 5.963889041758735 5.961648550992452 5.962726881451984 5.963889041758735
 13103336 64 281222.105 281276.941 281320.095 5.961987919846252 5.962902618455311 5.964065335475674 5.961987919846252 5.962902618455311 5.964065335475674
 14413664 64 309376.001 309408.903 309437.99 5.9622575495659085 5.96281805116642 5.963452194212052 5.9622575495659085 5.96281805116642 5.963452194212052
 15855024 64 340327.024 340348.959 340455.055 5.9609720642861355 5.962830260926404 5.9632145815138085 5.9609720642861355 5.962830260926404 5.9632145815138085
 17440520 32 185508.013 185511.827 185606.003 6.013777905663968 6.016830829874799 6.016954534465312 6.013777905663968 6.016830829874799 6.016954534465312
 19184568 32 204025.984 204067.945 204182.863 6.013297756531114 6.016684060791615 6.017921482001038 6.013297756531114 6.016684060791615 6.017921482001038
 21103024 32 224880.219 224982.023 225222.111 5.996718217422267 6.003117573531643 6.00583520420709 5.996718217422267 6.003117573531643 6.00583520420709
 23213320 32 247612.953 247716.188 247773.886 5.996001047503448 5.997397634748037 5.999898074799019 5.996001047503448 5.997397634748037 5.999898074799019
 25534648 32 272321.939 272570.133 272655.01 5.9937188463912685 5.995585260986757 6.00104963265556 5.9937188463912685 5.995585260986757 6.00104963265556
 28088112 32 299784.899 299900.055 299920.082 5.993727248980947 5.9941275035778165 5.996430020312664 5.993727248980947 5.9941275035778165 5.996430020312664
 30896920 32 329891.92 329900.026 329952.955 5.992984302868268 5.993945814360136 5.994093095702374 5.992984302868268 5.993945814360136 5.994093095702374
 33986608 16 178267.002 178336.859 178380.966 6.096903051864851 6.098410962817283 6.100800730356143 6.096903051864851 6.098410962817283 6.100800730356143
 37385264 16 195856.094 196131.229 196160.078 6.098735584719741 6.099632649525692 6.108201300083111 6.098735584719741 6.099632649525692 6.108201300083111
 41123784 16 215543.032 215559.006 215764.999 6.099048011026106 6.104876397509459 6.105328832898667 6.099048011026106 6.104876397509459 6.105328832898667
 45236160 16 237003.088 237343.073 237372.875 6.098241511377405 6.0990072375105715 6.107756368136435 6.098241511377405 6.0990072375105715 6.107756368136435
 49759776 16 260841.131 261049.986 261179.924 6.096612663077427 6.099647260659113 6.104531236678313 6.096612663077427 6.099647260659113 6.104531236678313
 54735752 16 286751.032 287112.951 287153.006 6.099689111386144 6.100540076299101 6.108239791792624 6.099689111386144 6.100540076299101 6.108239791792624
 60209320 16 315509.081 315917.969 316113.949 6.094948502256697 6.098729509115071 6.106633235066853 6.094948502256697 6.098729509115071 6.106633235066853
 66230248 16 347197.771 347553.015 347582.102 6.097459920419033 6.0979702218955 6.1042095111837575 6.097459920419033 6.0979702218955 6.1042095111837575
 72853272 8 184073.925 184383.869 184837.818 6.3063520475014485 6.321878146509659 6.332522936097549 6.3063520475014485 6.321878146509659 6.332522936097549
 80138592 8 202544.928 202755.928 203148.127 6.311736617684887 6.32394566535189 6.330533598945513 6.311736617684887 6.32394566535189 6.330533598945513
 88152448 8 222805.977 223050.117 223091.125 6.322255840522566 6.323418193947865 6.330347089387103 6.322255840522566 6.323418193947865 6.330347089387103
 96967688 8 245208.979 245339.87 245594.978 6.31724239898749 6.323811160411881 6.327186770758504 6.31724239898749 6.323811160411881 6.327186770758504
 106664456 8 269514.084 269925.833 270133.972 6.317721845070268 6.322593421430693 6.332252736743807 6.317721845070268 6.322593421430693 6.332252736743807
 117330896 8 296481.133 297083.139 297161.102 6.317429580672372 6.3190874524858165 6.331918382138672 6.317429580672372 6.3190874524858165 6.331918382138672
 129063984 8 326297.998 326672.077 326816.082 6.318611163082237 6.3213965606249225 6.328643622263351 6.318611163082237 6.3213965606249225 6.328643622263351
 141970376 4 166297.913 166470.051 166530.132 6.820165181878315 6.82262665973473 6.829688884911022 6.820165181878315 6.82262665973473 6.829688884911022
 156167408 4 182881.117 183121.92 183294.058 6.8160379972601195 6.822445199351339 6.831428441023793 6.8160379972601195 6.822445199351339 6.831428441023793
 171784144 4 201172.829 201511.145 201860.905 6.808020364319678 6.819836947480002 6.831305991128653 6.808020364319678 6.819836947480002 6.831305991128653
 188962552 4 221437.931 221664.906 221713.066 6.818273921664139 6.819755293154073 6.826745576845188 6.818273921664139 6.819755293154073 6.826745576845188
 207858800 4 243534.088 243910.074 243934.87 6.81686222228089 6.817555227341697 6.8280806750962935 6.81686222228089 6.817555227341697 6.8280806750962935
 228644680 4 267867.088 268162.966 268173.933 6.820787611747484 6.821066559951459 6.828600906730282 6.820787611747484 6.821066559951459 6.828600906730282
 251509144 4 294650.078 294989.824 295046.806 6.819504943225856 6.820822239617323 6.82868698239408 6.819504943225856 6.820822239617323 6.82868698239408
 276660056 2 136455.059 136677.98 136852.98 8.086343636799139 8.096697244135449 8.109924484368145 8.086343636799139 8.096697244135449 8.109924484368145
 304326056 2 150118.828 150382.996 151438.951 8.038250502672858 8.094693259070327 8.108937701005766 8.038250502672858 8.094693259070327 8.108937701005766
 334758656 2 165046.93 165416.002 165548.801 8.08845860502487 8.09495216792871 8.113053808392559 8.08845860502487 8.09495216792871 8.113053808392559
 368234520 2 181504.011 182000.16 182658.911 8.063872011149789 8.093059258849003 8.115181983498976 8.063872011149789 8.093059258849003 8.115181983498976
 405057968 2 199769.974 200214.863 200968.981 8.062099255008912 8.092465502923226 8.110487474959575 8.062099255008912 8.092465502923226 8.110487474959575
 445563760 2 219933.033 220254.898 221198.082 8.057280713672734 8.091783911202738 8.103625979640812 8.057280713672734 8.091783911202738 8.103625979640812
 490120136 2 242007.017 242190.838 242437.84 8.086528670606866 8.09477583953857 8.100924379395165 8.086528670606866 8.09477583953857 8.100924379395165
 539132144 1 132977.009 133295.774 133327.007 8.08736588529284 8.08926086433918 8.108651985096161 8.08736588529284 8.08926086433918 8.108651985096161
 593045352 1 146252.871 146605.968 146703.959 8.084926351578556 8.090330292693132 8.109862704849055 8.084926351578556 8.090330292693132 8.109862704849055
 652349880 1 160953.045 161167.145 161242.008 8.091562342736392 8.095320916679391 8.106089325616672 8.091562342736392 8.095320916679391 8.106089325616672
 717584864 1 177103.996 177442.074 177580.833 8.081782835200462 8.088102757410285 8.103542327751882 8.081782835200462 8.088102757410285 8.103542327751882
 789343344 1 194797.039 195122.004 195186.138 8.088108634026048 8.090767087447503 8.104264295310978 8.088108634026048 8.090767087447503 8.104264295310978
 868277672 1 214177.132 214561.939 214674.95 8.089231389130402 8.093492033552138 8.108033419739693 8.089231389130402 8.093492033552138 8.108033419739693
 955105432 1 235625.029 236080.885 236147.881 8.089045118300257 8.091340660638407 8.106994711499855 8.089045118300257 8.091340660638407 8.106994711499855
 1050615968 1 259103.06 259730.101 259776.115 8.088626377371146 8.090059365125338 8.109637670817165 8.088626377371146 8.090059365125338 8.109637670817165
 
META_DATA
 FLOPS          16
 ERT_VERSION  1.1.0
 HOSTNAME  ('graoully-2.nancy.grid5000.fr', [], ['172.16.70.2'])
 UNAME  uname_result(system='Linux', node='graoully-2.nancy.grid5000.fr', release='4.19.0-14-amd64', version='#1 SMP Debian 4.19.171-2 (2021-01-30)', machine='x86_64', processor='')
 TIMESTAMP_DATA  1615575660.8169885
 CONFIG  {'ERT_RESULTS': ['Results.graoully.01'], 'ERT_DRIVER': ['driver1'], 'ERT_KERNEL': ['kernel1'], 'ERT_OPENMP': ['False'], 'ERT_FLOPS': ['1,2,4,8,16,32'], 'ERT_ALIGN': ['64'], 'ERT_CC': ['g++'], 'ERT_CFLAGS': ['-O3'], 'ERT_LD': ['g++'], 'ERT_LDFLAGS': [], 'ERT_LDLIBS': [], 'ERT_PRECISION': ['FP64'], 'ERT_RUN': ['ERT_CODE'], 'ERT_NUM_EXPERIMENTS': ['3'], 'ERT_MEMORY_MAX': ['1073741824'], 'ERT_WORKING_SET_MIN': ['1'], 'ERT_TRIALS_MIN': ['1'], 'ERT_GNUPLOT': ['gnuplo'], 'ERT_MPI': [False], 'ERT_GPU': [False], 'ERT_HIP': [False], 'ERT_OCL': [False], 'ERT_SYCL': [False], 'ERT_WSS_MULT': [1.1]}
 TIMESTAMP_DATA  1615575782.7508144
 TIMESTAMP_DATA  1615575904.8928509
 