fp64
 8 134217728 608462.095 608538.866 609050.035 3.525956037421458 3.5289178193591333 3.529363070677394 0.8814890093553645 0.8822294548397833 0.8823407676693485
 16 67108864 304250.956 304272.175 304404.974 7.054693028767658 7.057772035842581 7.058264257352079 1.7636732571919145 1.7644430089606453 1.7645660643380197
 24 33554432 157345.057 157351.017 157355.07 10.235531247896873 10.235794891621197 10.236182608520075 2.558882811974218 2.558948722905299 2.5590456521300187
 32 33554432 152143.955 152251.005 152683.02 14.064980166098366 14.104889803518867 14.114814144275401 3.5162450415245914 3.526222450879717 3.5287035360688503
 40 16777216 76359.987 76716.9 76719.046 17.494707637527192 17.4951970165635 17.576971038510003 4.373676909381798 4.373799254140875 4.394242759627501
 48 16777216 76125.86 76195.955 76230.049 21.128318256754632 21.13777215601537 21.157235346832206 5.282079564188658 5.284443039003842 5.289308836708051
 56 16777216 77888.012 78135.967 78218.937 24.022931838104626 24.048440995169354 24.12499874820274 6.005732959526156 6.012110248792339 6.031249687050685
 64 16777216 76615.095 76776.028 77224.97 27.80815127542296 27.970757330660554 28.02951099910533 6.95203781885574 6.9926893326651385 7.0073777497763325
 72 8388608 40390.968 40471.077 40488.958 29.834295859132755 29.84747729841734 29.90667497743555 7.458573964783189 7.461869324604335 7.4766687443588875
 80 8388608 39843.082 39898.872 39911.032 33.6292301336633 33.639479331646264 33.68658277991647 8.407307533415825 8.409869832911566 8.421645694979118
 88 8388608 41123.867 41124.105 41465.998 35.6049553660809 35.90096387508007 35.90117164808455 8.901238841520225 8.975240968770018 8.975292912021137
 96 8388608 40926.933 40931.94 40932.178 39.34832727444897 39.348556066484996 39.353369967888874 9.837081818612242 9.837139016621249 9.838342491972218
 104 8388608 43181.896 43184.996 43224.096 40.367078214892 40.40362685225212 40.40652740213167 10.091769553723 10.10090671306303 10.101631850532918
 112 8388608 42896.986 42961.121 42967.081 43.73227476169489 43.73834174392237 43.80373464932944 10.933068690423722 10.934585435980592 10.95093366233236
 120 8388608 47342.062 47370.911 47619.104 42.27853426221543 42.500046494778196 42.52594489864003 10.569633565553858 10.625011623694549 10.631486224660007
 128 8388608 47631.025 47632.933 47673.941 45.045230223362495 45.08401042614781 45.08581639803049 11.261307555840624 11.271002606536953 11.271454099507622
 136 4194304 26529.074 26540.995 26564.121 42.94705207825247 42.98447318949422 43.00378852273547 10.736763019563117 10.746118297373554 10.750947130683867
 144 4194304 26557.207 26560.068 26675.94 45.28273612851131 45.480288378779754 45.485187956700415 11.320684032127827 11.370072094694939 11.371296989175104
 152 4194304 29085.159 29355.049 29386.997 43.388863993146366 43.436085424350686 43.8391420174117 10.847215998286591 10.859021356087672 10.959785504352926
 160 4194304 29592.991 29603.004 29615.164 45.32060940131887 45.33922570830987 45.354566559358595 11.330152350329717 11.334806427077467 11.338641639839649
 176 4194304 32207.966 32236.099 32349.11 45.639432058563585 45.7994315006912 45.83943636800908 11.409858014640896 11.4498578751728 11.45985909200227
 192 4194304 35277.128 35288.095 35302.162 45.62362883043821 45.64181591553752 45.65600510336329 11.405907207609552 11.41045397888438 11.414001275840823
 208 4194304 38075.924 38105.011 38385.868 45.45502172830897 45.79005275710326 45.82503274247528 11.363755432077243 11.447513189275815 11.45625818561882
 224 4194304 41038.99 41084.051 41100.979 45.71784511507621 45.73668239288283 45.786901480762566 11.429461278769052 11.434170598220707 11.446725370190642
 240 4194304 43779.135 43860.912 43958.187 45.799566756472466 45.90114131689738 45.98688210719558 11.449891689118116 11.475285329224345 11.496720526798894
 264 2097152 24764.061 24765.015 24769.068 44.704801004220265 44.71211731549527 44.71383978580896 11.176200251055066 11.178029328873818 11.17845994645224
 288 2097152 26262.999 26270.866 26591.063 45.427275773067066 45.980956699333774 45.99473015248563 11.356818943266767 11.495239174833443 11.498682538121408
 312 2097152 28977.156 29044.867 29266.834 44.71350908677037 45.05521915455836 45.160499808883934 11.178377271692593 11.26380478863959 11.290124952220983
 336 2097152 30499.935 30657.053 30689.001 45.921538599448056 45.9693938618301 46.20620155420003 11.480384649862014 11.492348465457525 11.551550388550007
 368 2097152 33471.107 33644.915 33664.942 45.84899840314592 45.876289834585705 46.11451518469347 11.46224960078648 11.469072458646426 11.528628796173367
 400 2097152 36292.076 36357.164 36448.002 46.030550590948714 46.14555744777013 46.228317167637364 11.507637647737178 11.536389361942533 11.557079291909341
 440 2097152 40492.058 40497.065 40503.979 45.56327070977397 45.57104965507994 45.57668469209444 11.390817677443492 11.392762413769985 11.39417117302361
 480 2097152 43493.032 43576.002 43590.069 46.186343958299304 46.201253616612185 46.2893899878031 11.546585989574826 11.550313404153046 11.572347496950774
 528 1048576 23678.064 23705.006 23943.901 46.24544079095549 46.71149444130071 46.7646449473234 11.561360197738873 11.677873610325177 11.69116123683085
 576 1048576 26036.978 26051.998 26094.913 46.290997482919366 46.367251832277894 46.39399979521433 11.572749370729841 11.591812958069474 11.598499948803582
 632 1048576 31059.98 31086.922 31099.796 42.61764495175467 42.635294160032956 42.672276801208504 10.654411237938668 10.658823540008239 10.668069200302126
 688 1048576 33097.982 33107.042 33243.179 43.40260526828677 43.581077886692505 43.59300745284108 10.850651317071693 10.895269471673126 10.89825186321027
 752 1048576 36298.99 36310.911 36334.038 43.4044326149491 43.432077592324795 43.44634117918984 10.851108153737275 10.858019398081199 10.86158529479746
 824 1048576 39721.012 39796.114 39869.07 43.34320434361774 43.422663026847296 43.50476387661019 10.835801085904436 10.855665756711824 10.876190969152548
 904 1048576 43406.01 43467.045 43491.84 43.59037023956678 43.61523558824853 43.67656478906953 10.897592559891695 10.903808897062133 10.919141197267383
 992 1048576 46255.827 46281.099 46292.067 44.94020074757085 44.95085097266165 44.97540999537204 11.235050186892712 11.237712743165412 11.24385249884301
 1088 524288 25286.913 25368.929 25377.989 44.95433771367779 44.97039224635774 45.11624997483876 11.238584428419447 11.242598061589435 11.27906249370969
 1192 524288 28123.856 28151.989 28154.85 44.393864360847246 44.3983759726533 44.44278878401312 11.098466090211812 11.099593993163325 11.11069719600328
 1304 524288 30821.8 30839.205 31012.058 44.09069220752779 44.337819473621316 44.362856938919855 11.022673051881947 11.084454868405329 11.090714234729964
 1432 524288 33639.908 33663.988 33852.1 44.35650467770095 44.60436570973113 44.636294249080585 11.089126169425237 11.151091427432782 11.159073562270146
 1568 524288 35501.957 35580.158 35758.972 45.97915085478408 46.21022672243333 46.31201508130946 11.49478771369602 11.552556680608333 11.578003770327365
 1720 524288 40103.912 40112.019 40120.84 44.95296509245569 44.96285066079571 44.97193989454196 11.238241273113923 11.240712665198927 11.24298497363549
 1888 524288 42500.973 42515.039 42679.071 46.38600235698663 46.56496935119829 46.580380359762586 11.596500589246657 11.641242337799573 11.645095089940646
 2072 262144 23991.108 24035.931 24036.884 45.19407490588215 45.19586680457686 45.28030702041772 11.298518726470537 11.298966701144215 11.32007675510443
 2272 262144 25419.95 25449.991 25454.998 46.79561695506714 46.8048234673246 46.860136861008776 11.698904238766785 11.70120586683115 11.715034215252194
 2496 262144 27820.826 28095.961 28489.113 45.934137998610204 46.57690292209617 47.037526779399 11.483534499652551 11.644225730524042 11.75938169484975
 2744 262144 31578.064 31656.027 31679.869 45.41200192462917 45.44620435154418 45.55840636715411 11.353000481157293 11.361551087886046 11.389601591788528
 3016 262144 34693.956 34708.023 34708.977 45.557453565975166 45.558705778200036 45.57717799607517 11.389363391493792 11.389676444550009 11.394294499018793
 3312 262144 37000.895 37184.0 37203.074 46.674687580924086 46.69862994836488 46.92972578095746 11.668671895231022 11.67465748709122 11.732431445239365
 3640 262144 41668.892 41706.085 41728.973 45.733412130703535 45.75851029891682 45.79935362812143 11.433353032675884 11.439627574729204 11.449838407030358
 4000 262144 44095.993 44170.141 44478.893 47.14937487315613 47.47895190101385 47.55878839149852 11.787343718289032 11.869737975253463 11.88969709787463
 4400 131072 24421.93 24564.028 24600.983 46.88567119452097 46.95620767082663 47.22942044301986 11.721417798630242 11.739051917706657 11.807355110754965
 4840 131072 27592.182 27592.897 27626.991 45.92526779336917 45.98201341453925 45.98320495276525 11.481316948342293 11.495503353634813 11.495801238191312
 5320 131072 30358.791 30381.918 30412.197 45.85680146685884 45.90250292953855 45.93747096187065 11.46420036671471 11.475625732384637 11.484367740467663
 5848 131072 33266.068 33338.07 33364.058 45.94819107435912 45.98400903231651 46.08353809653729 11.48704776858978 11.496002258079127 11.520884524134322
 6432 131072 35245.18 35453.081 35455.942 47.55508140215256 47.55891901186247 47.83945515386785 11.88877035053814 11.889729752965618 11.959863788466963
 7072 131072 38700.104 38702.011 38872.004 47.69196792632559 47.901448015194866 47.903808423874004 11.922991981581397 11.975362003798717 11.975952105968501
 7776 131072 42521.0 42530.06 42537.928 47.920334624667184 47.92919981772892 47.93941214929093 11.980083656166796 11.98229995443223 11.984853037322733
 8552 65536 24247.885 24254.084 24296.045 46.136222747364855 46.21604114177225 46.22785632643838 11.534055686841214 11.554010285443063 11.556964081609594
 9400 65536 26560.068 26597.977 26631.832 46.26331376677354 46.322199616910716 46.38831496967553 11.565828441693386 11.580549904227679 11.597078742418882
 10336 65536 28073.072 28098.106 28133.869 48.15406626084739 48.21535629483354 48.258352060650864 12.038516565211847 12.053839073708385 12.064588015162716
 11368 65536 32139.063 32155.991 32172.918 46.31306666059945 46.337445983238396 46.36185242861624 11.578266665149863 11.584361495809599 11.59046310715406
 12504 65536 35227.06 35289.049 35290.956 46.4403482863995 46.442857896227245 46.524583317483774 11.610087071599875 11.610714474056811 11.631145829370944
 13752 65536 38689.137 38691.998 38741.112 46.5268561212182 46.58591536162077 46.58936031579096 11.63171403030455 11.646478840405193 11.64734007894774
 15120 65536 41292.191 41454.077 41561.127 47.68418912220546 47.807327612191195 47.99475619978605 11.921047280551365 11.951831903047799 11.998689049946513
 16632 32768 23420.095 23443.937 23514.986 46.35319587262352 46.49367348154876 46.54100472265377 11.58829896815588 11.62341837038719 11.635251180663442
 18288 32768 24822.95 24955.988 25141.954 47.670215608540204 48.02544255110236 48.282833748607636 11.917553902135051 12.00636063777559 12.070708437151909
 20112 32768 27413.845 27438.879 27603.865 47.74911165519756 48.03622013858511 48.08008624839018 11.93727791379939 12.009055034646277 12.020021562097545
 22120 32768 31124.115 31125.069 31126.976 46.57234676442711 46.57520020276903 46.576627801304554 11.643086691106777 11.643800050692258 11.644156950326138
 24328 32768 34181.118 34192.801 34199.953 46.61877190299063 46.62852300400894 46.64446048839011 11.654692975747658 11.657130751002235 11.661115122097527
 26760 32768 37624.121 37637.949 37653.923 46.57531593719995 46.595083063638775 46.612208162949514 11.643828984299988 11.648770765909694 11.653052040737379
 29432 32768 41274.071 41302.919 41374.207 46.61975882703926 46.70022358468175 46.73286412672982 11.654939706759816 11.675055896170438 11.683216031682456
 32368 32768 43842.077 43877.84 44198.99 47.99361360972276 48.34488771553021 48.38432376276334 11.99840340243069 12.086221928882553 12.096080940690834
 35600 16384 24148.941 24236.917 24543.047 47.530398324217856 48.13074204115977 48.306085140545086 11.882599581054464 12.032685510289943 12.076521285136272
 39160 16384 27406.931 27406.931 27410.03 46.814792979066425 46.82008649563864 46.82008649563864 11.703698244766606 11.70502162390966 11.70502162390966
 43072 16384 29277.086 29428.959 29520.988 47.809487135051164 47.958994947799546 48.207779148512245 11.952371783762791 11.989748736949887 12.051944787128061
 47376 16384 32091.141 32094.002 32381.058 47.94212616524142 48.370931365929366 48.375243747176214 11.985531541310355 12.092732841482341 12.093810936794053
 52112 16384 35290.003 35299.063 35302.162 48.371145540604566 48.375392174007565 48.38781158505427 12.092786385151141 12.093848043501891 12.096952896263568
 57320 16384 40091.038 40092.945 40220.022 46.699670129469354 46.84768754203514 46.849915933830395 11.674917532367338 11.711921885508785 11.712478983457599
 63048 16384 44095.993 44096.947 44105.053 46.841727273289976 46.850337824974595 46.85135141417498 11.710431818322494 11.712584456243649 11.712837853543745
 69352 8192 24249.077 24251.938 24266.958 46.82346950944572 46.8524687800208 46.857996615706234 11.70586737736143 11.7131171950052 11.714499153926559
 76280 8192 26668.072 26668.787 26686.907 46.830886771554304 46.86270582910276 46.863962269188406 11.707721692888576 11.71567645727569 11.715990567297101
 83904 8192 28396.13 28400.183 28535.128 48.175117209917545 48.40402387547996 48.41093261652204 12.043779302479386 12.10100596886999 12.10273315413051
 92288 8192 31240.94 31395.912 31477.928 48.03513725553981 48.160620146979646 48.399522933688935 12.008784313884952 12.040155036744911 12.099880733422234
 101512 8192 35483.122 35485.983 35520.077 46.82345164961214 46.86843839157563 46.8722173883121 11.705862912403035 11.717109597893907 11.718054347078025
 111656 8192 39036.989 39065.123 39071.083 46.821632868482304 46.8287762462696 46.86252579572671 11.705408217120576 11.7071940615674 11.715631448931678
 122816 8192 41561.127 41785.002 41799.068 48.14024427530298 48.156449627548184 48.41585128333984 12.035061068825746 12.039112406887046 12.10396282083496
 135096 4096 23606.062 23613.93 23620.129 46.854377128931006 46.866677084246454 46.88229794533285 11.713594282232751 11.716669271061614 11.720574486333213
 148600 4096 25969.982 25969.982 25972.843 46.86938584274351 46.8745492391947 46.8745492391947 11.717346460685878 11.718637309798675 11.718637309798675
 163456 4096 27674.198 27750.015 27804.852 48.158197425398996 48.25336317836225 48.385559429761976 12.039549356349749 12.063340794590562 12.096389857440494
 179800 4096 31417.847 31424.999 31586.17 46.63185185161734 46.87101501578409 46.88168479526939 11.657962962904335 11.717753753946022 11.720421198817348
 197776 4096 33455.849 33720.016 33762.932 47.98697553873579 48.048049324768996 48.42743617117593 11.996743884683948 12.012012331192249 12.106859042793982
 217552 4096 36800.861 36966.085 37007.093 48.15795674629186 48.21138035039416 48.42783390312526 12.039489186572965 12.05284508759854 12.106958475781315
 239304 4096 41845.798 41857.958 41919.231 46.76560903514666 46.83406600962235 46.84767555394689 11.691402258786665 11.708516502405587 11.711918888486723
 263232 2048 22433.043 22490.978 22560.12 47.792222381795845 47.93914573212424 48.06295213716658 11.948055595448961 11.98478643303106 12.015738034291646
 289552 2048 24668.932 24705.887 25151.014 47.1553549292287 48.00495493240133 48.07686818383544 11.788838732307175 12.001238733100333 12.01921704595886
 318504 2048 28033.972 28050.9 28054.953 46.50132131748715 46.508040169834125 46.53612352898119 11.625330329371787 11.627010042458531 11.634030882245298
 350352 2048 30000.925 30150.89 30246.973 47.44414563401104 47.59533771639909 47.83325154141081 11.86103640850276 11.898834429099772 11.958312885352703
 385384 2048 33964.872 33994.913 34006.834 46.418107136936065 46.434384579834045 46.475454522543174 11.604526784234016 11.608596144958511 11.618863630635794
 423920 2048 36361.933 36396.98 36565.065 47.48730297621514 47.70660422925199 47.75258565049334 11.871825744053785 11.926651057312997 11.938146412623334
 466312 2048 41097.879 41105.986 41357.04 46.18352648061854 46.46559145911255 46.47475729830242 11.545881620154635 11.616397864778138 11.618689324575605
 512936 2048 45200.109 45209.169 45213.938 46.467659065662446 46.472560820571594 46.48187587335243 11.616914766415611 11.618140205142899 11.620468968338107
 564224 1024 24207.83 24239.063 24322.033 47.50962849199325 47.67225333751556 47.73376019246665 11.877407122998312 11.91806333437889 11.933440048116662
 620640 1024 26709.08 26853.085 26941.061 47.1796830867203 47.33425302902814 47.589460962339395 11.794920771680076 11.833563257257035 11.897365240584849
 682704 1024 29281.855 29294.014 29444.218 47.48564869340391 47.72912964402898 47.74894869194592 11.871412173350977 11.932282411007245 11.93723717298648
 750968 1024 33095.121 33116.102 33122.063 46.43377630191694 46.442134524165915 46.47157700375231 11.608444075479236 11.610533631041479 11.617894250938077
 826064 1024 35425.901 35459.995 35880.089 47.15091626444963 47.70951242378912 47.75542821056267 11.787729066112407 11.92737810594728 11.938857052640667
 908664 1024 40047.884 40071.011 40071.964 46.44004651231968 46.44115098568389 46.46796999312124 11.61001162807992 11.610287746420973 11.61699249828031
 999528 1024 44064.999 44106.007 44128.895 46.38759579182756 46.411667780309386 46.45485964949188 11.59689894795689 11.602916945077347 11.61371491237297
 1099480 512 24248.123 24257.898 24261.951 46.404657234696415 46.4124105064668 46.4311204623962 11.601164308674104 11.6031026266167 11.60778011559905
 1209424 512 25959.969 26123.047 26181.936 47.301703586778295 47.40833548245731 47.70615003430859 11.825425896694574 11.852083870614328 11.926537508577148
 1330360 512 29350.042 29351.95 29366.016 46.38997131922832 46.41220225572747 46.415219439890414 11.59749282980708 11.603050563931868 11.603804859972604
 1463392 512 31410.933 31426.907 31543.016 47.5069792945608 47.68249729443627 47.70674618292936 11.8767448236402 11.920624323609067 11.92668654573234
 1609728 512 34569.979 34569.979 34667.969 47.54710239875892 47.68187657851918 47.68187657851918 11.88677559968973 11.920469144629795 11.920469144629795
 1770696 512 39047.003 39053.917 39064.884 46.414900502456376 46.42793459104243 46.436155522614634 11.603725125614094 11.606983647760607 11.609038880653658
 1947760 512 41814.089 41842.937 42035.103 47.44858695838094 47.66649721552768 47.69938285633821 11.862146739595236 11.91662430388192 11.924845714084553
 2142536 256 23677.826 23686.886 23692.846 46.29998574253173 46.31163556070646 46.329356081930825 11.574996435632933 11.577908890176616 11.582339020482706
 2356784 256 25346.994 25359.869 25360.107 47.581558232384424 47.58200478086065 47.60617404967232 11.895389558096106 11.895501195215163 11.90154351241808
 2592456 256 28661.966 28664.112 28687.0 46.26965078258444 46.306596625075976 46.31006372696137 11.56741269564611 11.576649156268994 11.577515931740342
 2851696 256 30683.994 30775.07 30776.024 47.44174725104191 47.4432179033224 47.58403850554787 11.860436812760478 11.8608044758306 11.896009626386968
 3136864 256 33735.991 33756.971 33943.892 47.31556322415826 47.5775616242346 47.60714952763652 11.828890806039565 11.89439040605865 11.90178738190913
 3450544 256 37127.972 37250.996 37976.027 46.520888770170714 47.42634339226795 47.58349117479403 11.630222192542679 11.856585848066988 11.895872793698507
 3795592 256 41928.053 41929.96 41931.868 46.34525473561063 46.34736365119356 46.349471653262796 11.586313683902658 11.58684091279839 11.587367913315699
 4175144 256 46151.161 46174.049 46177.864 46.29217427640222 46.29599903616857 46.31895886649526 11.573043569100555 11.573999759042142 11.579739716623815
 4592656 128 24813.89 24876.118 25018.93 46.99321417822424 47.262998832856475 47.381524460695196 11.74830354455606 11.815749708214119 11.845381115173799
 5051920 128 27277.946 27502.06 27703.047 46.684089298913584 47.02525992598372 47.411616695773205 11.671022324728396 11.75631498149593 11.852904173943301
 5557112 128 30802.965 30809.879 30917.883 46.012874555479755 46.17417264118434 46.184536845722484 11.503218638869939 11.543543160296085 11.546134211430621
 6112816 128 33009.052 33117.056 33260.107 47.04978537802058 47.25301959207968 47.40762915578429 11.762446344505145 11.81325489801992 11.851907288946073
 6724096 128 36322.832 36523.819 36678.076 46.9318122357345 47.13002701059272 47.390814020228376 11.732953058933624 11.78250675264818 11.847703505057094
 7396504 128 40996.075 40997.028 41007.996 46.17404430101876 46.18639731641035 46.1874709713064 11.54351107525469 11.546599329102587 11.5468677428266
 8136152 128 45175.076 45202.017 45318.842 45.96002060246818 46.07880466926952 46.10628462473422 11.490005150617044 11.51970116731738 11.526571156183556
 8949760 64 24430.037 24532.08 24586.916 46.592638133225 46.696785596655474 46.89183565297097 11.64815953330625 11.674196399163868 11.722958913242742
 9844736 64 26852.846 26860.952 27028.084 46.62284636972418 46.912939198878725 46.92710068794943 11.655711592431045 11.728234799719681 11.731775171987357
 10829208 64 30221.939 30226.231 30462.027 45.50382100311315 45.85879807508915 45.86531075984238 11.375955250778288 11.464699518772287 11.466327689960595
 11912128 64 32449.007 32625.198 32734.871 46.57884199390919 46.735421621042725 46.98918472297164 11.644710498477297 11.683855405260681 11.74729618074291
 13103336 64 36709.07 36711.931 36720.991 45.67488410103093 45.686156034668954 45.68971668309767 11.418721025257733 11.421539008667239 11.422429170774418
 14413664 64 39247.036 39257.05 39262.056 46.99063625195787 46.99662842725064 47.00861975920933 11.747659062989468 11.74915710681266 11.752154939802333
 15855024 64 43191.91 43540.001 43811.083 46.32259540354206 46.61100196116211 46.98664800885165 11.580648850885515 11.652750490290527 11.746662002212913
 17440520 32 24773.121 24899.96 24968.863 44.703408401095395 44.82711136885361 45.05662730182443 11.175852100273849 11.206777842213402 11.264156825456107
 19184568 32 27809.858 28002.024 28357.983 43.296885818712845 43.84727161150922 44.15025607106659 10.824221454678211 10.961817902877305 11.037564017766648
 21103024 32 32793.045 33121.824 33134.937 40.760407542045435 40.77654467338514 41.18536525046699 10.190101885511359 10.194136168346285 10.296341312616747
 23213320 32 40325.165 40351.868 40646.076 36.55094479476936 36.817440025329184 36.841820238057295 9.13773619869234 9.204360006332296 9.210455059514324
 25534648 32 46736.002 46878.099 47434.807 34.45186299587979 34.86100133881282 34.96699336841007 8.612965748969948 8.715250334703205 8.741748342102518
 28088112 32 52492.857 52824.974 53083.897 33.86411453552478 34.03010038395854 34.24540538915608 8.466028633881194 8.507525095989635 8.56135134728902
 30896920 32 57584.047 57971.001 58089.972 34.04034830658896 34.11020761915083 34.33942181937994 8.51008707664724 8.527551904787707 8.584855454844986
 33986608 16 33064.127 33394.098 33431.768 32.531078105112485 32.56777458100531 32.892792118781784 8.132769526278121 8.141943645251327 8.223198029695446
 37385264 16 36808.968 36888.838 36898.851 32.42183470699399 32.430635196478676 32.501004863814714 8.105458676748498 8.107658799119669 8.125251215953678
 41123784 16 40184.975 40374.041 40486.097 32.50402448030493 32.594237668704004 32.74759006320148 8.126006120076232 8.148559417176001 8.18689751580037
 45236160 16 44631.004 44662.952 44709.206 32.37716008644841 32.410690632361245 32.43389102337917 8.094290021612103 8.102672658090311 8.108472755844792
 49759776 16 48767.09 48959.017 49171.925 32.38256041430145 32.52338240369491 32.65138092102686 8.095640103575363 8.130845600923728 8.162845230256716
 54735752 16 53817.987 53941.011 54583.073 32.08950994752531 32.47147266112606 32.54570008350554 8.022377486881327 8.117868165281514 8.136425020876384
 60209320 16 59194.088 59430.122 59615.135 32.31894450964507 32.41955720703383 32.548828862774265 8.079736127411268 8.104889301758458 8.137207215693566
 66230248 16 65225.84 65231.8 65250.158 32.48065600086363 32.48979693952949 32.49276568918086 8.120164000215908 8.122449234882373 8.123191422295214
 72853272 8 38936.853 39031.029 39047.956 29.8518148299491 29.86476098285802 29.936994445853134 7.462953707487275 7.466190245714505 7.484248611463284
 80138592 8 42789.936 42804.003 42815.208 29.947710916177257 29.95555046568892 29.965398218870902 7.486927729044314 7.48888761642223 7.491349554717726
 88152448 8 47027.111 47092.199 47207.117 29.87768068954518 29.95059050013782 29.99204369581623 7.469420172386295 7.487647625034455 7.498010923954057
 96967688 8 51723.003 51788.092 51820.04 29.939826522712064 29.95829635893904 29.99599632681807 7.484956630678016 7.48957408973476 7.498999081704517
 106664456 8 57018.042 57084.084 57310.104 29.778890228501417 29.89679743306383 29.931425845875243 7.444722557125354 7.474199358265958 7.482856461468811
 117330896 8 62630.892 62712.908 62767.982 29.90847046827155 29.9347358601199 29.97393580152108 7.477117617067887 7.483683965029975 7.49348395038027
 129063984 8 68869.114 68974.972 69019.079 29.919607359582415 29.938739866396755 29.98475839256477 7.479901839895604 7.484684966599189 7.496189598141193
 141970376 4 43956.041 44000.864 44079.065 25.766495001652146 25.81228877687493 25.83861016964654 6.4416237504130365 6.453072194218732 6.459652542411635
 156167408 4 48418.045 48437.119 48468.828 25.776139336399883 25.793013494464855 25.803174498268156 6.444034834099971 6.448253373616214 6.450793624567039
 171784144 4 53354.979 53376.913 53462.982 25.705134666824232 25.746583583805233 25.75716789242856 6.426283666706058 6.436645895951308 6.43929197310714
 188962552 4 58541.059 58547.974 58743.0 25.7341371056977 25.819858702540245 25.822908601636332 6.433534276424425 6.454964675635061 6.455727150409083
 207858800 4 64431.906 64449.072 64467.907 25.79377053453899 25.80130866740797 25.808182672727394 6.448442633634747 6.450327166851992 6.4520456681818485
 228644680 4 70660.114 70781.946 70783.138 25.841711623466026 25.842146809583337 25.88670377746631 6.460427905866506 6.460536702395834 6.471675944366577
 251509144 4 77936.888 77998.161 78933.954 25.49059118462506 25.796417841184745 25.816698660074803 6.372647796156265 6.449104460296186 6.454174665018701
 276660056 2 54714.918 54733.038 54907.084 20.154780465121767 20.218870803407622 20.225566709247374 5.038695116280442 5.0547177008519055 5.056391677311844
 304326056 2 60213.089 60266.972 60278.893 20.194535158434316 20.19852970213934 20.21660479833546 5.048633789608579 5.049632425534835 5.054151199583865
 334758656 2 66137.075 66299.915 67349.911 19.88175788383744 20.19662655676105 20.246353864303796 4.97043947095936 5.0491566391902625 5.061588466075949
 368234520 2 72800.159 72899.103 73076.963 20.155983767415183 20.20516054909482 20.232621744686025 5.038995941853796 5.051290137273705 5.058155436171506
 405057968 2 79993.01 80226.898 80254.078 20.188779341530783 20.19561908027405 20.25466815162975 5.047194835382696 5.048904770068512 5.063667037907438
 445563760 2 88078.022 88236.094 88247.061 20.19619712887662 20.198707345318343 20.234957592485443 5.049049282219155 5.049676836329586 5.058739398121361
 490120136 2 96971.989 97005.844 97893.0 20.026769472791724 20.20992203315091 20.216977750141847 5.006692368197931 5.0524805082877275 5.054244437535462
 539132144 1 53386.927 53437.948 53445.101 20.175175419726497 20.177875991795194 20.19715965296148 5.043793854931624 5.044468997948798 5.04928991324037
 593045352 1 58728.933 58752.06 58789.968 20.175052723280952 20.188070069372888 20.196019975367168 5.043763180820238 5.047017517343222 5.049004993841792
 652349880 1 64551.115 64592.123 64596.176 20.197786320973552 20.199053683372508 20.211885728077668 5.049446580243388 5.049763420843127 5.052971432019417
 717584864 1 71004.868 71056.128 71372.986 20.10802417598165 20.197691154800893 20.212272319131696 5.027006043995413 5.049422788700223 5.053068079782924
 789343344 1 78166.962 78244.209 79082.966 19.96241122266456 20.1764029335385 20.19634187650788 4.99060280566614 5.044100733384625 5.04908546912697
 868277672 1 85870.981 86052.895 86067.915 20.176570374686083 20.18009207011571 20.22284273193525 5.044142593671521 5.045023017528927 5.055710682983812
 955105432 1 94403.982 94545.841 94578.981 20.19699138014608 20.204070785091435 20.234431043385438 5.04924784503652 5.051017696272859 5.0586077608463595
 1050615968 1 103995.085 104322.91 105078.936 19.99669977625202 20.14161545148616 20.205108116407615 4.999174944063005 5.03540386287154 5.051277029101904
 
META_DATA
 FLOPS          4
 ERT_VERSION  1.1.0
 HOSTNAME  ('graoully-2.nancy.grid5000.fr', [], ['172.16.70.2'])
 UNAME  uname_result(system='Linux', node='graoully-2.nancy.grid5000.fr', release='4.19.0-14-amd64', version='#1 SMP Debian 4.19.171-2 (2021-01-30)', machine='x86_64', processor='')
 TIMESTAMP_DATA  1615574434.1950495
 CONFIG  {'ERT_RESULTS': ['Results.graoully.01'], 'ERT_SPEC_GBYTES_DRAM': ['59.00'], 'ERT_SPEC_GFLOPS': ['51.2'], 'ERT_DRIVER': ['driver1'], 'ERT_KERNEL': ['kernel1'], 'ERT_OPENMP': ['False'], 'ERT_FLOPS': ['1,2,4,8,16'], 'ERT_ALIGN': ['64'], 'ERT_CC': ['g++'], 'ERT_CFLAGS': ['-O3'], 'ERT_LD': ['g++'], 'ERT_LDFLAGS': [], 'ERT_LDLIBS': [], 'ERT_PRECISION': ['FP64'], 'ERT_RUN': ['ERT_CODE'], 'ERT_NUM_EXPERIMENTS': ['3'], 'ERT_MEMORY_MAX': ['1073741824'], 'ERT_WORKING_SET_MIN': ['1'], 'ERT_TRIALS_MIN': ['1'], 'ERT_GNUPLOT': ['gnuplo'], 'ERT_MPI': [False], 'ERT_GPU': [False], 'ERT_HIP': [False], 'ERT_OCL': [False], 'ERT_SYCL': [False], 'ERT_WSS_MULT': [1.1]}
 TIMESTAMP_DATA  1615574471.1737397
 TIMESTAMP_DATA  1615574508.3652947
 