fp64
 8 134217728 482861.042 482868.91 483441.83 4.442072478502739 4.447342961053343 4.447415428474348 1.1105181196256848 1.1118357402633356 1.111853857118587
 16 67108864 241687.059 241883.039 241909.981 8.877201507448344 8.878190289315821 8.88538946555678 2.219300376862086 2.2195475723289553 2.221347366389195
 24 33554432 121135.95 121212.006 121229.887 13.285607830352921 13.287567701833101 13.29591038828688 3.3214019575882303 3.3218919254582753 3.32397759707172
 32 33554432 125874.043 125882.149 125884.056 17.059218746494793 17.05947717813429 17.06057576938241 4.264804686623698 4.264869294533573 4.265143942345603
 40 16777216 63035.965 63039.064 63078.88 21.27776016314811 21.291199374406958 21.29224610109483 5.319440040787027 5.322799843601739 5.323061525273707
 48 16777216 62956.095 62969.923 63005.924 25.562877801776224 25.577492543543368 25.583110515352008 6.390719450444056 6.394373135885842 6.395777628838002
 56 16777216 63038.826 63062.191 63106.06 29.77603406075423 29.79674765819665 29.807791661602323 7.444008515188558 7.449186914549163 7.451947915400581
 64 16777216 65559.864 65645.933 65760.136 32.65631397112683 32.713125548843976 32.756072343286135 8.164078492781707 8.178281387210994 8.189018085821534
 72 8388608 32799.006 32902.956 32906.055 36.70933972486218 36.71279723317261 36.82915122488773 9.177334931215546 9.178199308293152 9.207287806221933
 80 8388608 32842.159 32844.067 32862.186 40.842604932003 40.865136464372696 40.867510567743125 10.21065123300075 10.216284116093174 10.216877641935781
 88 8388608 32987.118 33004.045 33231.974 44.42694279912472 44.73375939221996 44.756714060318934 11.10673569978118 11.18343984805499 11.189178515079734
 96 8388608 32779.932 32811.165 32829.046 49.06060127364042 49.08733767911014 49.134108514929196 12.265150318410106 12.271834419777536 12.283527128732299
 104 8388608 32876.015 32910.109 33002.853 52.86907965199251 53.01807004042436 53.0730523148867 13.217269912998127 13.25451751010609 13.268263078721676
 112 8388608 32793.045 32802.82 32830.0 57.235704904051175 57.28312968214318 57.300204723288125 14.308926226012794 14.320782420535796 14.325051180822031
 120 8388608 33293.009 33293.962 33296.108 60.46550305519192 60.46940042762108 60.471131341718014 15.11637576379798 15.11735010690527 15.117782835429503
 128 8388608 32803.059 32833.099 32896.042 65.28091276148055 65.4060601468049 65.4659569401744 16.320228190370138 16.351515036701226 16.3664892350436
 136 4194304 16471.148 16493.082 16497.135 69.15447367073132 69.17146764928472 69.26358065630883 17.28861841768283 17.29286691232118 17.315895164077208
 144 4194304 16781.092 16798.973 16809.94 71.85983721536186 71.90675001382525 71.98336985459586 17.964959303840466 17.97668750345631 17.995842463648966
 152 4194304 17390.966 17390.966 17391.205 73.31685274252128 73.3178603189725 73.3178603189725 18.32921318563032 18.329465079743127 18.329465079743127
 160 4194304 16432.047 16443.014 16463.995 81.52196839224017 81.62598900663833 81.68046744267468 20.380492098060042 20.406497251659584 20.42011686066867
 176 4194304 17427.921 17427.921 17433.882 84.68538493033277 84.71435049539184 84.71435049539184 21.171346232583193 21.17858762384796 21.17858762384796
 192 4194304 17379.045 17408.133 17433.882 92.38405628763576 92.52070489121377 92.67556048102759 23.09601407190894 23.130176222803442 23.168890120256897
 208 4194304 20261.049 20267.01 20337.105 85.79541994792277 86.09214995206497 86.11747910979338 21.44885498698069 21.523037488016243 21.529369777448345
 224 4194304 18622.16 18659.115 18676.043 100.61275785239945 100.70403617749287 100.90387967883426 25.153189463099864 25.176009044373217 25.225969919708565
 240 4194304 21480.083 21488.19 21526.814 93.52363614978046 93.69174043974853 93.72710152004534 23.380909037445115 23.422935109937132 23.431775380011334
 264 2097152 11091.948 11110.067 11112.928 99.64036984672266 99.66602865671287 99.82883583659064 24.910092461680666 24.916507164178217 24.95720895914766
 288 2097152 10954.142 10992.05 11051.893 109.29888228197649 109.8939280661933 110.27422795870274 27.324720570494122 27.473482016548324 27.568556989675685
 312 2097152 14250.04 14250.994 14252.901 91.8144908183955 91.82677699534501 91.83292453915918 22.953622704598875 22.956694248836254 22.958231134789795
 336 2097152 14235.02 14243.126 14243.126 98.94500294387622 98.94500294387622 99.00134625732875 24.736250735969055 24.736250735969055 24.750336564332187
 368 2097152 15295.982 15298.128 15419.006 100.10398024360326 100.894950807053 100.9091061953394 25.025995060900815 25.22373770176325 25.22727654883485
 400 2097152 16492.844 16494.989 16499.043 101.68599475739289 101.71098628801752 101.72421445325014 25.421498689348223 25.42774657200438 25.431053613312535
 440 2097152 18995.047 18996.0 19006.014 97.10051565783337 97.1517035165298 97.15657771207412 24.275128914458342 24.28792587913245 24.28914442801853
 480 2097152 17858.028 17859.936 18110.037 111.16851500634704 112.72525948581226 112.73730335734719 27.79212875158676 28.181314871453065 28.184325839336797
 528 1048576 10558.844 10559.082 10560.036 104.85724253212773 104.86671625431073 104.8690799864076 26.214310633031932 26.216679063577683 26.2172699966019
 576 1048576 10744.095 10745.049 10746.002 112.41013653263789 112.42010641366082 112.43008852769825 28.102534133159473 28.105026603415205 28.10752213192456
 632 1048576 13021.946 13021.946 13024.807 101.75967014328887 101.78202735597277 101.78202735597277 25.439917535822218 25.445506838993193 25.445506838993193
 688 1048576 13350.964 13429.165 15294.075 94.33983918609003 107.44082569541739 108.07014205116575 23.584959796522508 26.860206423854347 27.017535512791437
 752 1048576 14477.015 14481.068 14518.023 108.62762126771668 108.9048338147435 108.93532292395912 27.15690531692917 27.226208453685874 27.23383073098978
 824 1048576 16509.056 16509.056 16559.839 104.35205607977227 104.6730502337626 104.6730502337626 26.088014019943067 26.16826255844065 26.16826255844065
 904 1048576 17256.975 17263.174 17277.002 109.73115636613343 109.8190522785671 109.85850115677866 27.43278909153336 27.454763069641775 27.464625289194665
 992 1048576 18029.213 18031.836 18104.076 114.91195595953089 115.37232170922584 115.38910677909236 28.72798898988272 28.84308042730646 28.84727669477309
 1088 524288 10630.131 10836.84 10847.807 105.16878554347436 105.27521749882807 107.32235454106822 26.29219638586859 26.318804374707018 26.830588635267056
 1192 524288 11194.944 11198.997 11201.143 111.58705785650625 111.60844064874739 111.6488471938761 27.896764464126562 27.902110162186847 27.912211798469023
 1304 524288 13220.072 13220.072 13237.953 103.28961766218688 103.42932353167214 103.42932353167214 25.82240441554672 25.857330882918035 25.857330882918035
 1432 524288 14357.09 14358.044 14365.911 104.52249300444643 104.57976253589973 104.58671165257027 26.130623251111608 26.144940633974933 26.146677913142568
 1568 524288 14885.902 15064.001 15190.84 108.23411792896245 109.14545000362122 110.45129599805239 27.058529482240612 27.286362500905305 27.612823999513097
 1720 524288 16850.948 16893.864 16895.056 106.75020668768424 106.757738786106 107.02962943093765 26.68755167192106 26.6894346965265 26.75740735773441
 1888 524288 17866.135 17866.135 17866.85 110.80361048534017 110.80804482894594 110.80804482894594 27.700902621335043 27.702011207236485 27.702011207236485
 2072 262144 9992.123 9992.838 9999.037 108.64293591472857 108.71033193973523 108.7181108559212 27.160733978682142 27.177582984933807 27.1795277139803
 2272 262144 10617.971 10622.025 10666.847 111.67145605444608 112.14267863237001 112.18549532674369 27.91786401361152 28.035669658092502 28.046373831685923
 2496 262144 11599.064 11602.879 11604.071 112.77273708511434 112.78432258062847 112.82141800407342 28.193184271278586 28.196080645157117 28.205354501018356
 2744 262144 12919.188 12929.201 12933.016 111.23826584611045 111.27108875482716 111.3573292686816 27.809566461527613 27.81777218870679 27.8393323171704
 3016 262144 13969.898 13974.905 14034.986 112.66506486005757 113.14943521977429 113.1899895045762 28.166266215014392 28.287358804943572 28.29749737614405
 3312 262144 15323.877 15388.012 15389.919 112.82982425053699 112.84380698429399 113.31609200465391 28.207456062634247 28.210951746073498 28.329023001163478
 3640 262144 16856.909 16867.161 16868.114 113.13703002007219 113.14342229851248 113.21223363073265 28.284257505018047 28.28585557462812 28.303058407683164
 4000 262144 18201.113 18204.927 18210.888 115.1592388026328 115.19694640906827 115.221085655586 28.7898097006582 28.79923660226707 28.8052714138965
 4400 131072 11132.956 11157.036 11184.931 103.12389052735328 103.38172252917352 103.60533177351999 25.78097263183832 25.84543063229338 25.901332943379998
 4840 131072 12152.91 12182.951 12232.065 103.72549197539418 104.14364795524502 104.40108253907913 25.931372993848544 26.035911988811254 26.10027063476978
 5320 131072 13264.894 13284.922 13290.167 104.93518102518952 104.9766103256007 105.13510925907134 26.23379525629738 26.244152581400176 26.283777314767836
 5848 131072 14532.804 14541.149 14566.898 105.23984667154255 105.42620201471011 105.48673965464613 26.309961667885638 26.35655050367753 26.371684913661532
 6432 131072 15671.015 15686.035 15701.056 107.38833158737857 107.49116701575637 107.59419271821258 26.847082896844643 26.872791753939094 26.898548179553146
 7072 131072 17069.817 17105.103 17146.111 108.12261555987826 108.38183014741274 108.60587245897248 27.030653889969564 27.095457536853186 27.15146811474312
 7776 131072 18594.98 18600.225 18633.127 109.39826385555146 109.59177880912732 109.62269085527383 27.349565963887866 27.39794470228183 27.405672713818458
 8552 65536 10725.975 10770.082 10771.036 104.06870276916725 104.0779210408983 104.50590682898292 26.01717569229181 26.019480260224576 26.12647670724573
 9400 65536 11757.851 11769.056 11797.19 104.43815857844113 104.68781863218256 104.78758405766496 26.109539644610283 26.17195465804564 26.19689601441624
 10336 65536 12743.95 12785.912 12938.976 104.703818292885 105.95725920841627 106.30614464118268 26.17595457322125 26.48931480210407 26.57653616029567
 11368 65536 13881.922 13893.127 13905.048 107.15723498401442 107.24918126783122 107.335749041091 26.789308746003606 26.812295316957805 26.83393726027275
 12504 65536 15759.945 15851.974 15870.094 103.27124010733648 103.3892869115228 103.99302078782634 25.81781002683412 25.8473217278807 25.998255196956585
 13752 65536 17179.012 17179.966 17212.868 104.7182923845114 104.9188423306542 104.92466877606232 26.17957309612785 26.22971058266355 26.23116719401558
 15120 65536 18671.989 18679.142 18692.017 106.02433327553683 106.09741282549274 106.1380573863877 26.506083318884208 26.524353206373185 26.534514346596925
 16632 32768 10458.946 10508.06 10538.816 103.42668018874225 103.72939933727062 104.21650059193344 25.856670047185563 25.932349834317655 26.05412514798336
 18288 32768 11365.891 11455.059 11550.903 103.76005823960256 104.62821431124884 105.44904644959202 25.94001455990064 26.15705357781221 26.362261612398004
 20112 32768 12377.977 12434.006 12476.921 105.63984752327917 106.0044552013245 106.48428511379525 26.409961880819793 26.501113800331126 26.621071278448813
 22120 32768 13879.061 13885.021 13931.036 104.05947698362132 104.40433039316254 104.4491641041134 26.01486924590533 26.101082598290635 26.11229102602835
 24328 32768 15105.009 15112.877 15128.851 105.38538637203844 105.49677655683958 105.5517284365736 26.34634659300961 26.374194139209894 26.3879321091434
 26760 32768 16707.897 16726.971 16727.924 104.83927114924722 104.84524424655247 104.96493723895952 26.209817787311806 26.211311061638117 26.24123430973988
 29432 32768 18486.023 18501.997 18572.807 103.85374445553653 104.25120877492306 104.3412935275478 25.963436113884132 26.062802193730764 26.08532338188695
 32368 32768 20116.091 20214.081 20239.115 104.81037575012543 104.94017749310494 105.45136468114009 26.202593937531358 26.235044373276235 26.362841170285023
 35600 16384 12089.968 12114.048 12128.115 96.18483993596696 96.29653110174236 96.48832817423502 24.04620998399174 24.07413277543559 24.122082043558756
 39160 16384 14478.207 14502.048 14520.884 88.36892299394444 88.48370106070536 88.62940556106153 22.09223074848611 22.12092526517634 22.157351390265383
 43072 16384 16609.907 16623.02 16635.18 84.84328369155007 84.90534788504135 84.97237799103871 21.210820922887518 21.226336971260338 21.243094497759678
 47376 16384 18263.102 18291.95 18358.946 84.55914451733776 84.86885039593919 85.00290739218343 21.13978612933444 21.217212598984798 21.250726848045858
 52112 16384 20107.985 20114.899 20114.899 84.8925970744372 84.8925970744372 84.92178684239121 21.2231492686093 21.2231492686093 21.230446710597803
 57320 16384 22068.977 22076.13 22126.913 84.88584738413351 85.08111521358137 85.10869171688384 21.221461846033378 21.270278803395342 21.27717292922096
 63048 16384 24353.027 24357.08 24392.128 84.69768869694354 84.81956227922228 84.83367854024881 21.174422174235886 21.20489056980557 21.208419635062203
 69352 8192 13367.891 13427.973 13448.0 84.49309696609161 84.61911324963194 84.99943394212295 21.123274241522903 21.154778312407984 21.249858485530737
 76280 8192 14726.877 14738.083 14750.957 84.72477548405841 84.7987842109452 84.86330944435808 21.181193871014603 21.1996960527363 21.21582736108952
 83904 8192 16199.112 16206.026 16237.02 84.66351190058273 84.8254307379243 84.86163537853187 21.165877975145683 21.206357684481073 21.215408844632968
 92288 8192 17820.835 17834.902 17874.002 84.59474224071363 84.78020187607423 84.84712371782803 21.148685560178407 21.195050469018557 21.211780929457007
 101512 8192 19606.113 19618.988 19725.8 84.31458333755792 84.7736187004141 84.82928808989318 21.07864583438948 21.193404675103526 21.207322022473296
 111656 8192 21583.08 21588.087 21631.002 84.5717597363266 84.73988010146523 84.7595386756663 21.14293993408165 21.184970025366308 21.189884668916577
 122816 8192 23684.025 23713.827 23732.901 84.78598313792318 84.8541799685053 84.96095338524597 21.196495784480796 21.213544992126327 21.240238346311493
 135096 4096 13041.019 13065.815 13073.206 84.65455466700364 84.70244160046656 84.86349356595522 21.16363866675091 21.17561040011664 21.215873391488806
 148600 4096 14366.865 14390.945 14479.16 84.07471151641394 84.59008077648828 84.73186043023304 21.018677879103485 21.14752019412207 21.18296510755826
 163456 4096 15786.886 15811.92 16198.874 82.66201416221894 84.68494351097146 84.81923236792868 20.665503540554734 21.171235877742866 21.20480809198217
 179800 4096 17381.907 17422.915 18071.89 81.50346200646419 84.53933225295538 84.7387803881358 20.375865501616047 21.134833063238844 21.18469509703395
 197776 4096 19134.998 19281.149 20308.018 79.78036024982842 84.02927605611056 84.67108238004519 19.945090062457105 21.00731901402764 21.167770595011298
 217552 4096 21052.122 21945.0 22888.184 77.8648923828994 81.21148252449305 84.65588333565614 19.46622309572485 20.302870631123263 21.163970833914036
 239304 4096 23138.046 24482.965 24813.89 79.00326663816114 80.07111753008674 84.72532071204284 19.750816659540284 20.017779382521685 21.18133017801071
 263232 2048 12928.009 13693.094 14204.025 75.90793961570752 78.7402958016647 83.40017956361262 18.97698490392688 19.685073950416175 20.850044890903156
 289552 2048 15295.982 15663.862 16035.08 73.96314779845189 75.71600107304316 77.53702848238184 18.49078694961297 18.92900026826079 19.38425712059546
 318504 2048 17120.838 17252.922 17618.895 74.04507399584367 75.61573535195953 76.19909632928015 18.511268498960916 18.903933837989882 19.049774082320038
 350352 2048 19289.017 19510.031 19624.949 73.12333866447246 73.55404981160717 74.39683380443908 18.280834666118114 18.388512452901793 18.59920845110977
 385384 2048 21381.855 21753.073 21795.988 72.42309291049342 72.5659709779855 73.82581464517462 18.105773227623356 18.141492744496375 18.456453661293654
 423920 2048 23652.792 24019.003 24043.798 72.21722291960697 72.29177330965818 73.41105100826996 18.054305729901742 18.072943327414546 18.35276275206749
 466312 2048 26196.003 26393.89 26441.097 72.2365623483776 72.36576162134493 72.91241919616516 18.0591405870944 18.091440405336233 18.22810479904129
 512936 2048 28824.091 29022.932 29047.966 72.32815736564824 72.39054469066046 72.88992586097511 18.08203934141206 18.097636172665116 18.222481465243778
 564224 1024 15970.945 15996.933 16000.986 72.21622167533926 72.23451845425619 72.35205881680764 18.054055418834814 18.058629613564047 18.08801470420191
 620640 1024 17571.926 17596.96 17634.869 72.077128557065 72.23240377883454 72.3353103125975 18.01928213926625 18.058100944708634 18.083827578149375
 682704 1024 19315.958 19355.059 19360.065 72.21968479961198 72.23836372702351 72.38459474803166 18.054921199902996 18.059590931755878 18.096148687007915
 750968 1024 21257.877 21281.004 21294.832 72.22327295185987 72.27020228932808 72.34882693130645 18.055818237964967 18.06755057233202 18.087206732826612
 826064 1024 23409.128 23421.049 23423.91 72.22445236512607 72.23327494853028 72.27005944006116 18.056113091281517 18.05831873713257 18.06751486001529
 908664 1024 25732.04 25749.922 25772.095 72.20770651357601 72.26988384663845 72.32010645094597 18.051926628394003 18.067470961659613 18.080026612736493
 999528 1024 28298.855 28315.067 28354.168 72.1951476058123 72.29484373107788 72.33626038933377 18.048786901453074 18.07371093276947 18.084065097333443
 1099480 512 15593.052 15602.112 15612.125 72.11494399385093 72.1612253520549 72.20315304534353 18.028735998462732 18.040306338013725 18.05078826133588
 1209424 512 17143.965 17158.031 17167.091 72.1409454869203 72.17903825911026 72.23825853587545 18.035236371730075 18.044759564777564 18.05956463396886
 1330360 512 18855.095 18872.023 18895.864 72.09454090059073 72.18561783228009 72.25042568069797 18.023635225147682 18.046404458070022 18.062606420174493
 1463392 512 20741.94 20758.152 20766.02 72.16180125031181 72.18915286871395 72.24557625757282 18.040450312577953 18.047288217178487 18.061394064393205
 1609728 512 22815.943 22846.937 22849.083 72.1412527583711 72.14802894584949 72.24603743093152 18.035313189592774 18.037007236462372 18.06150935773288
 1770696 512 25089.025 25109.053 25126.934 72.1613191645268 72.21270766364626 72.27035343143068 18.0403297911317 18.053176915911564 18.06758835785767
 1947760 512 27642.012 27652.979 27672.052 72.07655724266492 72.12627037398033 72.15488655456774 18.01913931066623 18.031567593495083 18.038721638641935
 2142536 256 15225.172 15234.947 15247.822 71.94328685106633 72.00408586915333 72.05031457115886 17.985821712766583 18.001021467288332 18.012578642789716
 2356784 256 16742.945 16749.859 16765.833 71.97217149902424 72.04080989577285 72.07055915192936 17.99304287475606 18.010202473943213 18.01763978798234
 2592456 256 18412.113 18422.127 18445.969 71.95813199078889 72.0512605303394 72.09044784810955 17.98953299769722 18.01281513258485 18.022611962027387
 2851696 256 20262.003 20302.057 20359.993 71.7126156182863 71.91726197990675 72.05942828060977 17.928153904571577 17.97931549497669 18.01485707015244
 3136864 256 22282.124 22287.13 22311.926 71.98277584821679 72.06286175025676 72.07905170979213 17.995693962054197 18.01571543756419 18.01976292744803
 3450544 256 24502.039 24514.198 24531.126 72.01783269141416 72.06756378487275 72.10332691087464 18.00445817285354 18.016890946218187 18.02583172771866
 3795592 256 26948.929 26952.028 27055.025 71.8292850958371 72.10378024243667 72.11207183780847 17.957321273959273 18.025945060609168 18.028017959452118
 4175144 256 29641.867 29644.012 29675.961 72.03385015905636 72.11148504460193 72.11670331021998 18.00846253976409 18.027871261150484 18.029175827554994
 4592656 128 16407.967 16416.073 16436.1 71.5327806474772 71.62004798589771 71.6554303162604 17.8831951618693 17.90501199647443 17.9138575790651
 5051920 128 18051.863 18052.101 18075.943 71.54766531405858 71.64216065487336 71.64310520193953 17.886916328514644 17.91054016371834 17.910776300484883
 5557112 128 19854.069 19857.883 19886.971 71.53531183808737 71.64009738601037 71.65385956903847 17.88382795952184 17.910024346502592 17.91346489225962
 6112816 128 21838.903 21844.864 21867.037 71.56346312488519 71.63610155686938 71.65565486508183 17.890865781221297 17.909025389217344 17.913913716270457
 6724096 128 24018.049 24027.109 24065.018 71.52991017916546 71.64276717602604 71.6697919968437 17.882477544791364 17.91069179400651 17.917447999210925
 7396504 128 26417.971 26420.116 26458.979 71.56379783210834 71.66906549539752 71.67488464575875 17.890949458027084 17.91726637384938 17.918721161439688
 8136152 128 29061.079 29068.947 29101.849 71.57122257077205 71.6522312280524 71.67163036169443 17.892805642693013 17.9130578070131 17.917907590423606
 8949760 64 16196.012 16196.966 16226.053 70.60061248413277 70.72739919315752 70.73156527668662 17.650153121033192 17.68184979828938 17.682891319171656
 9844736 64 17818.928 17819.881 17884.016 70.46103112410546 70.71462531090975 70.71840730261663 17.615257781026365 17.67865632772744 17.679601825654156
 10829208 64 19600.153 19602.06 19630.194 70.6125789689088 70.71392618939029 70.72080631207318 17.6531447422272 17.678481547347573 17.680201578018295
 11912128 64 21559.0 21566.153 21591.902 70.61686293314966 70.70117623667049 70.72463398116795 17.654215733287415 17.675294059167623 17.68115849529199
 13103336 64 23712.873 23746.967 23779.869 70.53138131248747 70.629104255714 70.73065368333901 17.632845328121867 17.6572760639285 17.682663420834754
 14413664 64 26083.231 26091.814 26127.1 70.61438093014533 70.70987827829832 70.73314621183242 17.653595232536333 17.67746956957458 17.683286552958105
 15855024 64 28693.914 28696.06 28738.022 70.61874585522969 70.72201103566132 70.7273002909258 17.654686463807423 17.68050275891533 17.68182507273145
 17440520 32 16209.126 16239.166 16296.148 68.49430184360132 68.73464314608276 68.86202747760737 17.12357546090033 17.18366078652069 17.215506869401842
 19184568 32 18239.975 18486.023 18491.983 66.39700847659226 66.41841525351342 67.31436594622525 16.599252119148066 16.604603813378354 16.828591486556313
 21103024 32 22975.922 23025.036 23319.006 57.91814350920447 58.65760800547717 58.78299621664802 14.479535877301117 14.664402001369293 14.695749054162006
 23213320 32 31734.943 32536.983 33126.831 44.847407227090336 45.66042524594244 46.81440518106492 11.211851806772584 11.41510631148561 11.70360129526623
 25534648 32 37922.859 38332.224 38390.16 42.56865488448081 42.63299390090175 43.093203284066746 10.642163721120202 10.658248475225438 10.773300821016687
 28088112 32 42649.984 42791.843 43076.992 41.730842487794874 42.00892137316917 42.14864812141548 10.432710621948718 10.502230343292293 10.53716203035387
 30896920 32 47000.885 47425.032 48470.02 40.79641147249372 41.69534097520483 42.07160950267213 10.19910286812343 10.423835243801207 10.517902375668033
 33986608 16 27868.986 28081.894 28345.823 38.367961868667564 38.728564960753715 39.024435837026864 9.591990467166891 9.682141240188429 9.756108959256716
 37385264 16 30793.905 30911.922 31145.096 38.41145482422016 38.70119910369857 38.84952064377675 9.60286370605504 9.675299775924643 9.712380160944187
 41123784 16 33704.996 33889.055 34255.981 38.415513133312395 38.831448324540176 39.043502274855626 9.603878283328099 9.707862081135044 9.760875568713907
 45236160 16 37577.152 37724.972 37787.914 38.30741014177178 38.37132390714564 38.52226799944817 9.576852535442946 9.59283097678641 9.630566999862042
 49759776 16 40894.985 41181.087 41635.036 38.244540775706305 38.6661195222943 38.93662834208155 9.561135193926576 9.666529880573576 9.734157085520387
 54735752 16 45095.921 45255.184 45765.162 38.272432292493576 38.703722075243356 38.840410067243106 9.568108073123394 9.675930518810839 9.710102516810776
 60209320 16 50136.805 50167.084 50248.861 38.34312264311822 38.40562548941453 38.42881970640131 9.585780660779555 9.601406372353633 9.607204926600328
 66230248 16 55089.951 55115.938 55481.911 38.19925986327328 38.45290514696493 38.47104412926416 9.54981496581832 9.613226286741233 9.61776103231604
 72853272 8 33680.916 33697.128 33750.057 34.53778913617835 34.5920385856029 34.6086891461028 8.634447284044587 8.648009646400725 8.6521722865257
 80138592 8 36899.09 37047.863 37338.018 34.340801699758146 34.6097552779225 34.74929793661578 8.585200424939536 8.652438819480626 8.687324484153946
 88152448 8 40676.117 40772.915 41013.002 34.39004947748033 34.592551648563756 34.67487243189904 8.597512369370083 8.648137912140939 8.66871810797476
 96967688 8 44926.882 44935.942 44956.923 34.51043586768605 34.526549104055725 34.533511762512255 8.627608966921512 8.631637276013931 8.633377940628064
 106664456 8 49400.091 49449.921 49497.843 34.47890236348279 34.512315924630094 34.54712858727325 8.619725590870697 8.628078981157524 8.636782146818312
 117330896 8 54232.121 54253.101 54645.061 34.35432775891677 34.602525964368375 34.61591214549768 8.588581939729192 8.650631491092094 8.65397803637442
 129063984 8 59710.979 59827.805 59902.906 34.47284751093711 34.516120790324834 34.58365243015024 8.618211877734277 8.629030197581208 8.64591310753756
 141970376 4 39585.829 39590.12 39698.124 28.60999194823413 28.688041561884635 28.69115127031949 7.152497987058532 7.172010390471159 7.172787817579873
 156167408 4 43514.967 43685.913 43992.996 28.398594721759803 28.598218011375888 28.71056443636968 7.099648680439951 7.149554502843972 7.17764110909242
 171784144 4 48146.009 48243.999 48682.928 28.229057052607846 28.485887996142274 28.543864393827537 7.0572642631519615 7.121471999035569 7.135966098456884
 188962552 4 52546.978 52563.906 52720.07 28.67409728401347 28.759286191555095 28.76855099069636 7.168524321003368 7.189821547888774 7.19213774767409
 207858800 4 57880.878 57897.091 58025.122 28.657766544635614 28.721139029247603 28.72918410118105 7.164441636158903 7.180284757311901 7.182296025295263
 228644680 4 63534.021 63664.913 64014.196 28.574246874865064 28.7310129521421 28.790204227747523 7.143561718716266 7.182753238035525 7.197551056936881
 251509144 4 69957.972 70156.097 70240.974 28.64529116580872 28.67994711849492 28.7611703781236 7.16132279145218 7.16998677962373 7.1902925945309
 276660056 2 51569.939 51594.973 51630.02 21.434046006567495 21.448605545350322 21.45901751018166 5.358511501641874 5.3621513863375805 5.364754377545415
 304326056 2 56773.901 56837.082 56877.851 21.402078359113816 21.417429979955692 21.44126442887904 5.350519589778454 5.354357494988923 5.36031610721976
 334758656 2 62423.944 62433.004 62558.889 21.40438625756285 21.447544378931372 21.450657202947635 5.351096564390713 5.361886094732843 5.362664300736909
 368234520 2 68610.191 68701.029 68754.911 21.423023585907927 21.43982559562536 21.468211333211418 5.355755896476982 5.35995639890634 5.367052833302854
 405057968 2 75470.209 75556.993 75654.984 21.416062582208728 21.44383739569943 21.46849589352535 5.354015645552182 5.360959348924857 5.367123973381338
 445563760 2 83122.015 83133.936 83207.13 21.419499026105093 21.43835749578848 21.44143209232837 5.354874756526273 5.35958937394712 5.360358023082092
 490120136 2 91286.898 91368.914 91490.984 21.42812830606347 21.456756550701694 21.47603420591638 5.357032076515868 5.364189137675424 5.369008551479095
 539132144 1 50314.188 50451.04 50457.001 21.369963862893876 21.37248881291644 21.43062088172823 5.342490965723469 5.34312220322911 5.357655220432058
 593045352 1 55428.982 55435.896 55592.06 21.335613467103034 21.39571630627202 21.398385126394707 5.3339033667757585 5.348929076568005 5.349596281598677
 652349880 1 60961.008 60983.896 61349.869 21.266545165728065 21.394168716278802 21.402201223444337 5.316636291432016 5.3485421790697005 5.350550305861084
 717584864 1 67017.078 67061.901 67071.199 21.397704967224456 21.400671716717365 21.414985117674036 5.349426241806114 5.350167929179341 5.353746279418509
 789343344 1 73743.82 73790.073 73802.948 21.390564073402594 21.39429633034785 21.40771508717612 5.347641018350648 5.348574082586962 5.35192877179403
 868277672 1 81103.086 81130.028 81199.884 21.386180108336113 21.404594412317962 21.411704901093408 5.346545027084028 5.351148603079491 5.352926225273352
 955105432 1 89187.145 89200.02 89329.004 21.383993758622896 21.414915198449506 21.418006642100718 5.345998439655724 5.353728799612377 5.354501660525179
 1050615968 1 98038.912 98152.161 98285.913 21.378770078678517 21.40790293960008 21.43263213692131 5.344692519669629 5.35197573490002 5.358158034230327
 
META_DATA
 FLOPS          4
 ERT_VERSION  1.1.0
 HOSTNAME  ('graoully-2.nancy.grid5000.fr', [], ['172.16.70.2'])
 UNAME  uname_result(system='Linux', node='graoully-2.nancy.grid5000.fr', release='4.19.0-14-amd64', version='#1 SMP Debian 4.19.171-2 (2021-01-30)', machine='x86_64', processor='')
 TIMESTAMP_DATA  1615580072.140834
 CONFIG  {'ERT_RESULTS': ['Results.graoully.01'], 'ERT_DRIVER': ['driver1'], 'ERT_KERNEL': ['kernel1'], 'ERT_OPENMP': ['False'], 'ERT_FLOPS': ['1,2,4,8,16,32'], 'ERT_ALIGN': ['64'], 'ERT_CC': ['g++'], 'ERT_CFLAGS': ['-O3', '-march=native'], 'ERT_LD': ['g++'], 'ERT_LDFLAGS': [], 'ERT_LDLIBS': [], 'ERT_PRECISION': ['FP64'], 'ERT_RUN': ['ERT_CODE'], 'ERT_NUM_EXPERIMENTS': ['3'], 'ERT_MEMORY_MAX': ['1073741824'], 'ERT_WORKING_SET_MIN': ['1'], 'ERT_TRIALS_MIN': ['1'], 'ERT_GNUPLOT': ['gnuplo'], 'ERT_MPI': [False], 'ERT_GPU': [False], 'ERT_HIP': [False], 'ERT_OCL': [False], 'ERT_SYCL': [False], 'ERT_WSS_MULT': [1.1]}
 TIMESTAMP_DATA  1615580106.2590835
 TIMESTAMP_DATA  1615580140.386887
 