fp64
 8 134217728 1748529.196 1749184.847 1749505.043 1.227480684661279 1.2277053804136917 1.2281657366160446 1.227480684661279 1.2277053804136917 1.2281657366160446
 16 67108864 872349.977 872501.135 878175.02 2.445393684734963 2.461296108227985 2.461722593706219 2.445393684734963 2.461296108227985 2.461722593706219
 24 33554432 440876.007 440883.875 443168.879 3.634309204279662 3.653145028268498 3.6532102233451775 3.634309204279662 3.653145028268498 3.6532102233451775
 32 33554432 440593.958 440598.011 440643.072 4.873521869419067 4.874020296019902 4.874065131869103 4.873521869419067 4.874020296019902 4.874065131869103
 40 16777216 220348.835 220563.889 220613.956 6.08382762512087 6.0852086263313945 6.091147611467971 6.08382762512087 6.0852086263313945 6.091147611467971
 48 16777216 220722.914 220728.159 220829.01 7.293483478461457 7.296815881112839 7.296989274072379 7.293483478461457 7.296815881112839 7.296989274072379
 56 16777216 224711.895 224721.909 224750.996 8.36057781919685 8.361659975040528 8.36203260178995 8.36057781919685 8.361659975040528 8.36203260178995
 64 16777216 222943.068 222949.028 222956.896 9.631833267000632 9.632173179961118 9.632430679567037 9.631833267000632 9.632173179961118 9.632430679567037
 72 8388608 111679.077 111686.945 111688.137 10.815468718938341 10.815584149069524 10.816346127215933 10.815468718938341 10.815584149069524 10.816346127215933
 80 8388608 113271.952 113277.912 113284.111 11.847886417186961 11.848534778783705 11.849158209968872 11.847886417186961 11.848534778783705 11.849158209968872
 88 8388608 117784.023 117788.076 118057.013 12.505779796410739 12.534333339479964 12.53476465139928 12.505779796410739 12.534333339479964 12.53476465139928
 96 8388608 112175.226 112189.054 112196.922 14.355231028530355 14.356237784124643 14.358007498019216 14.355231028530355 14.356237784124643 14.358007498019216
 104 8388608 113271.952 113272.905 113273.144 15.403743574028455 15.403776075134651 15.403905672959533 15.403743574028455 15.403776075134651 15.403905672959533
 112 8388608 117779.016 117799.997 117927.074 15.933984692946762 15.95117351318778 15.954015034392883 15.933984692946762 15.95117351318778 15.954015034392883
 120 8388608 139993.191 140015.125 140043.974 14.375955369561279 14.378917420528674 14.38117029563245 14.375955369561279 14.378917420528674 14.38117029563245
 128 8388608 113245.01 113251.925 113252.163 18.961965856669774 18.962005705421785 18.96316356897315 18.961965856669774 18.962005705421785 18.96316356897315
 136 4194304 59278.965 59285.879 59296.131 19.239884099689405 19.243211153198892 19.245455584455634 19.239884099689405 19.243211153198892 19.245455584455634
 144 4194304 70662.022 70667.982 70693.97 17.087165312685084 17.09344908136757 17.09489083117378 17.087165312685084 17.09344908136757 17.09489083117378
 152 4194304 81642.866 81654.072 81655.025 15.615308623076169 15.615490872273954 15.617634197212041 15.615308623076169 15.615490872273954 15.617634197212041
 160 4194304 59204.102 59207.916 59369.087 22.607342437319275 22.668882316344323 22.670342673215448 22.607342437319275 22.668882316344323 22.670342673215448
 176 4194304 82104.921 82182.169 82396.984 17.918070981821373 17.964906815735173 17.981809007525868 17.918070981821373 17.964906815735173 17.981809007525868
 192 4194304 71640.968 71641.922 71652.174 22.478211700875956 22.481428345822433 22.48172771758193 22.478211700875956 22.481428345822433 22.48172771758193
 208 4194304 94136.953 94138.145 94207.048 18.521230640832734 18.534786977160003 18.535021672095123 18.521230640832734 18.534786977160003 18.535021672095123
 224 4194304 82666.874 82667.828 82672.834 22.728726004481715 22.730102356142705 22.73036466819829 22.728726004481715 22.730102356142705 22.73036466819829
 240 4194304 105904.818 105956.793 105984.926 18.995776059701168 19.000819702045906 19.01014475092153 18.995776059701168 19.000819702045906 19.01014475092153
 264 2097152 53235.054 53244.829 53482.056 20.704070464306756 20.796315375526888 20.80013398690269 20.704070464306756 20.796315375526888 20.80013398690269
 288 2097152 53103.924 53105.116 53107.023 22.745759106097886 22.74657590428764 22.74708648649015 22.745759106097886 22.74657590428764 22.74708648649015
 312 2097152 70507.05 70515.156 70647.955 18.523152552681815 18.558036629742404 18.56017019574638 18.523152552681815 18.558036629742404 18.56017019574638
 336 2097152 70941.21 70952.177 70966.005 19.858608977636546 19.862479258388365 19.865549854590864 19.858608977636546 19.862479258388365 19.865549854590864
 368 2097152 76637.983 76638.937 76776.981 20.103732289239144 20.13994364248554 20.140194347233802 20.103732289239144 20.13994364248554 20.140194347233802
 400 2097152 82650.9 82718.849 82727.194 20.280170508382042 20.282216451053376 20.29889087717133 20.280170508382042 20.282216451053376 20.29889087717133
 440 2097152 94323.874 94328.88 94690.8 19.48968389748529 19.564461700382747 19.565500034487556 19.48968389748529 19.564461700382747 19.565500034487556
 480 2097152 88710.07 88719.845 88726.044 22.690811279718503 22.692396723641703 22.694897208400352 22.690811279718503 22.692396723641703 22.694897208400352
 528 1048576 53276.062 53281.069 53281.784 20.78189153726534 20.782170417789477 20.78412357129549 20.78189153726534 20.782170417789477 20.78412357129549
 576 1048576 53426.981 53445.101 53493.023 22.581628112511044 22.60187611957174 22.609541647131437 22.581628112511044 22.60187611957174 22.609541647131437
 632 1048576 64939.022 64944.029 64944.029 20.408343683142913 20.408343683142913 20.40991722973592 20.408343683142913 20.408343683142913 20.40991722973592
 688 1048576 67977.905 68071.842 68310.022 21.121945708054376 21.19585034881236 21.22514037465556 21.121945708054376 21.19585034881236 21.22514037465556
 752 1048576 73956.966 73958.874 74191.093 21.25670670467141 21.323449353758416 21.323999472882647 21.25670670467141 21.323449353758416 21.323999472882647
 824 1048576 82717.896 82769.871 82778.931 20.875520221443786 20.87780525838925 20.890923627941408 20.875520221443786 20.87780525838925 20.890923627941408
 904 1048576 85983.038 86019.039 86154.938 22.004837470836552 22.0396022792117 22.04883023556344 22.004837470836552 22.0396022792117 22.04883023556344
 992 1048576 91871.023 91873.169 91915.131 22.633648686199447 22.64398634164889 22.64451527877294 22.633648686199447 22.64398634164889 22.64451527877294
 1088 524288 51206.827 51208.973 51212.072 22.276987504040065 22.278335634655278 22.27926928571458 22.276987504040065 22.278335634655278 22.27926928571458
 1192 524288 56890.011 56916.952 57148.933 21.870969874450676 21.960111145797125 21.970510640259853 21.870969874450676 21.960111145797125 21.970510640259853
 1304 524288 64007.044 64110.041 64121.962 21.32409959632863 21.328064725461648 21.362384802522673 21.32409959632863 21.328064725461648 21.362384802522673
 1432 524288 70008.993 70029.02 70147.038 21.405905007706814 21.441979796375847 21.448113558782367 21.405905007706814 21.441979796375847 21.448113558782367
 1568 524288 73719.978 73721.886 73732.853 22.298976658342518 22.302293894109003 22.30287111588666 22.298976658342518 22.302293894109003 22.30287111588666
 1720 524288 83220.959 83224.058 83229.065 21.669722229848432 21.671025943003162 21.671832933335942 21.669722229848432 21.671025943003162 21.671832933335942
 1888 524288 88780.88 88783.979 88784.933 22.297831637717177 22.298071231973054 22.298849572115074 22.297831637717177 22.298071231973054 22.298849572115074
 2072 262144 49994.946 50002.813 50041.914 21.70829708871647 21.725272456171613 21.728691056091947 21.70829708871647 21.725272456171613 21.728691056091947
 2272 262144 53432.941 53575.993 53672.075 22.193707547174206 22.233509251055786 22.293033355584903 22.193707547174206 22.233509251055786 22.293033355584903
 2496 262144 58732.986 58737.04 58892.012 22.220718966096793 22.27934618428167 22.280883999325354 22.220718966096793 22.27934618428167 22.280883999325354
 2744 262144 65566.063 65568.209 65608.978 21.92758241105356 21.94121654291335 21.941934686546606 21.92758241105356 21.94121654291335 21.941934686546606
 3016 262144 71541.071 71552.992 71558.952 22.09720187070375 22.09904245513591 22.10272485297292 22.09720187070375 22.09904245513591 22.10272485297292
 3312 262144 78675.032 78680.038 78689.098 22.067121115049506 22.069662142257734 22.071066408972033 22.067121115049506 22.069662142257734 22.071066408972033
 3640 262144 86557.15 86610.079 86771.011 21.993616278136948 22.034483076732908 22.047956985644745 21.993616278136948 22.034483076732908 22.047956985644745
 4000 262144 94130.993 94131.947 94134.808 22.278177908431065 22.278855020389624 22.279080812416375 22.278177908431065 22.278855020389624 22.279080812416375
 4400 131072 53256.035 53257.942 53369.999 21.612022140004164 21.657494763879537 21.658270278664194 21.612022140004164 21.657494763879537 21.658270278664194
 4840 131072 58280.945 58400.869 58417.082 21.71927998731604 21.725309601129396 21.770013509561316 21.71927998731604 21.725309601129396 21.770013509561316
 5320 131072 63998.938 64129.114 64157.009 21.73739240244195 21.746847773384175 21.79108159576023 21.73739240244195 21.746847773384175 21.79108159576023
 5848 131072 70297.956 70382.118 70390.94 21.778628215506142 21.78135804324615 21.807435083887786 21.778628215506142 21.78135804324615 21.807435083887786
 6432 131072 76802.969 76965.094 77231.884 21.83178916106721 21.907466363907776 21.953711294676644 21.83178916106721 21.907466363907776 21.953711294676644
 7072 131072 84339.142 84456.921 84461.927 21.94932597263617 21.95062697111584 21.98128086244937 21.94932597263617 21.95062697111584 21.98128086244937
 7776 131072 92607.975 92748.88 92750.072 21.97768368309191 21.977966138243392 22.011406080307875 21.97768368309191 21.977966138243392 22.011406080307875
 8552 65536 51555.157 51676.035 51693.916 21.68393944076514 21.69144254198295 21.74230104662469 21.68393944076514 21.69144254198295 21.74230104662469
 9400 65536 56506.872 56602.001 56610.107 21.76425492359518 21.767371793092614 21.804017040617644 21.76425492359518 21.767371793092614 21.804017040617644
 10336 65536 61935.902 62069.178 62071.085 21.8259466867705 21.826617262435793 21.87358459718565 21.8259466867705 21.826617262435793 21.87358459718565
 11368 65536 68141.937 68268.061 68444.014 21.770004547074052 21.826114205880256 21.866512189109038 21.770004547074052 21.826114205880256 21.866512189109038
 12504 65536 75183.868 75284.004 75333.834 21.75548755423758 21.769887372090356 21.798882281502195 21.75548755423758 21.769887372090356 21.798882281502195
 13752 65536 82515.955 82633.972 82636.833 21.8123332969452 21.81308849585495 21.844286283785966 21.8123332969452 21.81308849585495 21.844286283785966
 15120 65536 90866.804 91078.043 91078.997 21.759227761368514 21.759455679125644 21.810040111017877 21.759227761368514 21.759455679125644 21.810040111017877
 16632 32768 50054.073 50108.91 50117.016 21.74899543101289 21.752513714626797 21.77634479415891 21.74899543101289 21.752513714626797 21.77634479415891
 18288 32768 55135.965 55149.078 55341.959 21.656666833929748 21.73240988725142 21.73757851159402 21.656666833929748 21.73240988725142 21.73757851159402
 20112 32768 60405.016 60510.874 60559.034 21.764878746249487 21.78220119577185 21.8203738576942 21.764878746249487 21.78220119577185 21.8203738576942
 22120 32768 66537.857 66685.915 66689.968 21.737247197359583 21.738568331858385 21.786940327819696 21.737247197359583 21.738568331858385 21.786940327819696
 24328 32768 73056.936 73194.027 73216.915 21.77583974959885 21.782649122448202 21.823524162031653 21.77583974959885 21.782649122448202 21.823524162031653
 26760 32768 80501.08 80692.053 80738.068 21.7213936801163 21.733780400902678 21.785339525879653 21.7213936801163 21.733780400902678 21.785339525879653
 29432 32768 88293.076 88428.974 88485.956 21.798437166684394 21.812483677578342 21.846056784792502 21.798437166684394 21.812483677578342 21.846056784792502
 32368 32768 97347.975 97687.006 97750.902 21.70076392747762 21.71495815932776 21.790584221192066 21.70076392747762 21.71495815932776 21.790584221192066
 35600 16384 53573.132 53688.049 53691.149 21.72687345543676 21.72812798617435 21.77473588813139 21.72687345543676 21.72812798617435 21.77473588813139
 39160 16384 58845.997 58856.01 58972.836 21.7590837924091 21.802274398145574 21.805984186146084 21.7590837924091 21.802274398145574 21.805984186146084
 43072 16384 64790.964 64940.929 64941.883 21.73302083033225 21.733340094349437 21.783644027892528 21.73302083033225 21.733340094349437 21.783644027892528
 47376 16384 71311.951 71477.89 71480.036 21.718186711601547 21.718838762587982 21.769377309562042 21.718186711601547 21.718838762587982 21.769377309562042
 52112 16384 78428.984 78607.082 78615.904 21.72087235681981 21.723310070204615 21.772639767971494 21.72087235681981 21.723310070204615 21.772639767971494
 57320 16384 86256.981 86405.993 86690.903 21.66619212629496 21.737632944048222 21.775185477451384 21.66619212629496 21.737632944048222 21.775185477451384
 63048 16384 94921.827 95136.881 95158.1 21.710783044217987 21.71562534197437 21.764824058854238 21.710783044217987 21.71562534197437 21.764824058854238
 69352 8192 52170.038 52281.857 52300.93 21.72548686992755 21.733412567958325 21.779995023197028 21.72548686992755 21.733412567958325 21.779995023197028
 76280 8192 57224.035 57291.985 57304.144 21.80944400809826 21.814072596716624 21.83997545786486 21.80944400809826 21.814072596716624 21.83997545786486
 83904 8192 63146.114 63294.888 63558.102 21.62876317483489 21.718707141088554 21.769877018877203 21.62876317483489 21.718707141088554 21.769877018877203
 92288 8192 69458.008 69604.874 69616.795 21.719566262710025 21.723286102062335 21.76921906542439 21.719566262710025 21.723286102062335 21.76921906542439
 101512 8192 76394.081 76566.935 76612.949 21.70876633400445 21.721812529128925 21.770961653429666 21.70876633400445 21.721812529128925 21.770961653429666
 111656 8192 84063.053 84240.913 84255.934 21.712083851565875 21.71595533395988 21.761901795310717 21.712083851565875 21.71595533395988 21.761901795310717
 122816 8192 92400.789 92605.829 92612.028 21.727386684589177 21.728841107831347 21.777058029233928 21.727386684589177 21.728841107831347 21.777058029233928
 135096 4096 50652.027 50713.062 50721.884 21.81911129326348 21.822906926818973 21.849203231294176 21.81911129326348 21.822906926818973 21.849203231294176
 148600 4096 55753.946 55819.035 55824.041 21.806576130882394 21.80853180281601 21.833991803916444 21.806576130882394 21.80853180281601 21.833991803916444
 163456 4096 61638.117 61639.071 61868.191 21.643295696168003 21.72374648540696 21.72408271329898 21.643295696168003 21.72374648540696 21.72408271329898
 179800 4096 67432.165 67504.883 67507.029 21.818788677546454 21.819482303228344 21.84301215896005 21.818788677546454 21.819482303228344 21.84301215896005
 197776 4096 74461.937 74622.869 74758.053 21.672327287603384 21.711588065583488 21.758512567299988 21.672327287603384 21.711588065583488 21.758512567299988
 217552 4096 81910.133 82087.04 82255.125 21.666564654785947 21.7109300566813 21.757820659380446 21.666564654785947 21.7109300566813 21.757820659380446
 239304 4096 90119.123 90299.845 90352.058 21.697108083581227 21.709653743037986 21.753189586631905 21.697108083581227 21.709653743037986 21.753189586631905
 263232 2048 49540.043 49649.954 49670.935 21.706824564506388 21.71599740052126 21.764177152611676 21.706824564506388 21.71599740052126 21.764177152611676
 289552 2048 54505.825 54614.067 54720.163 21.67400327371101 21.716108269321893 21.759233843355275 21.67400327371101 21.716108269321893 21.759233843355275
 318504 2048 59947.968 60082.197 60082.912 21.713201650412685 21.71346004541079 21.762078474453048 21.713201650412685 21.71346004541079 21.762078474453048
 350352 2048 65958.977 66103.935 66104.174 21.70879242814531 21.708870916685974 21.75658048789932 21.70879242814531 21.708870916685974 21.75658048789932
 385384 2048 72554.111 72710.037 72725.773 21.70527446989116 21.709971953390703 21.75662884216168 21.70527446989116 21.709971953390703 21.75662884216168
 423920 2048 79800.844 79971.075 79998.016 21.70524229000879 21.712554445466687 21.758871622961784 21.70524229000879 21.712554445466687 21.758871622961784
 466312 2048 87769.985 87973.833 88138.819 21.670519002529403 21.711159862728728 21.761584578144795 21.670519002529403 21.711159862728728 21.761584578144795
 512936 2048 96572.876 96763.134 97090.96 21.639356084232762 21.712668545853422 21.755444624016373 21.639356084232762 21.712668545853422 21.755444624016373
 564224 1024 53097.01 53215.027 53217.888 21.7132019970428 21.714369364127165 21.762633187819805 21.7132019970428 21.714369364127165 21.762633187819805
 620640 1024 58406.115 58518.171 58640.003 21.675829723269285 21.720957751738343 21.76263084781448 21.675829723269285 21.720957751738343 21.76263084781448
 682704 1024 64241.886 64425.945 64427.853 21.701449402636463 21.70209209969679 21.76427061932771 21.701449402636463 21.70209209969679 21.76427061932771
 750968 1024 70501.089 70508.957 70584.059 21.78937405682493 21.812582818378665 21.815017126898564 21.78937405682493 21.812582818378665 21.815017126898564
 826064 1024 77728.987 77912.092 77912.092 21.713947457603886 21.713947457603886 21.765098675478686 21.713947457603886 21.713947457603886 21.765098675478686
 908664 1024 85204.124 85289.001 85337.877 21.806774874420654 21.81927153772149 21.841007038579495 21.806774874420654 21.81927153772149 21.841007038579495
 999528 1024 94043.97 94267.13 94285.011 21.711121654321065 21.71523991448557 21.76676871467676 21.711121654321065 21.71523991448557 21.76676871467676
 1099480 512 51532.03 51591.873 51613.808 21.81330081283675 21.822575040064933 21.84791711096962 21.81330081283675 21.822575040064933 21.84791711096962
 1209424 512 56873.798 57012.081 57029.963 21.715780808063997 21.722592023960676 21.77540835236641 21.715780808063997 21.722592023960676 21.77540835236641
 1330360 512 62350.035 62424.183 62430.859 21.82075758400185 21.82309122091354 21.849043709438174 21.82075758400185 21.82309122091354 21.849043709438174
 1463392 512 68974.018 68989.038 69082.975 21.69150080754339 21.721036434802873 21.725766476298364 21.69150080754339 21.721036434802873 21.725766476298364
 1609728 512 75700.045 75882.912 76065.063 21.670414865757756 21.722433003098246 21.77490742574856 21.670414865757756 21.722433003098246 21.77490742574856
 1770696 512 83260.059 83477.02 83575.964 21.69514555644252 21.72086047154055 21.777461195409433 21.69514555644252 21.72086047154055 21.777461195409433
 1947760 512 91594.934 91806.889 91959.953 21.688856670033314 21.725017171641664 21.77528988666557 21.688856670033314 21.725017171641664 21.77528988666557
 2142536 256 50339.937 50462.008 50472.021 21.734386899228785 21.738699577710026 21.7914144787269 21.734386899228785 21.738699577710026 21.7914144787269
 2356784 256 55369.139 55496.931 55504.084 21.740263437191395 21.743065539966523 21.793248545909297 21.740263437191395 21.743065539966523 21.793248545909297
 2592456 256 61040.163 61053.038 61065.912 21.736144250166934 21.7407276604319 21.745313360319827 21.736144250166934 21.7407276604319 21.745313360319827
 2851696 256 66989.899 67152.023 67185.879 21.73177420213554 21.74273069926724 21.795350848342075 21.73177420213554 21.74273069926724 21.795350848342075
 3136864 256 73691.845 73876.143 73903.084 21.732169769802837 21.740095012810837 21.794465425584065 21.732169769802837 21.740095012810837 21.794465425584065
 3450544 256 81065.178 81265.926 81266.88 21.739219322804075 21.73947452466117 21.79330967483967 21.739219322804075 21.73947452466117 21.79330967483967
 3795592 256 89162.111 89390.993 89392.9 21.739345115775414 21.73980888656198 21.79561567356789 21.739345115775414 21.73980888656198 21.79561567356789
 4175144 256 98122.12 98375.082 98396.063 21.725195732678863 21.729829185809475 21.785849388496704 21.725195732678863 21.729829185809475 21.785849388496704
 4592656 128 53876.162 54013.014 54265.022 21.6662574282196 21.767345477147412 21.8226371804287 21.6662574282196 21.767345477147412 21.8226371804287
 5051920 128 59391.975 59402.943 59467.793 21.747763869427608 21.771505832631895 21.77552640739763 21.747763869427608 21.771505832631895 21.77552640739763
 5557112 128 64975.023 65065.861 65207.005 21.816991472005196 21.864317940863028 21.894885239209533 21.816991472005196 21.864317940863028 21.894885239209533
 6112816 128 71693.897 71869.85 71894.169 21.76645085083326 21.773816085604743 21.827253943247083 21.76645085083326 21.773816085604743 21.827253943247083
 6724096 128 78870.058 79035.044 79061.985 21.772392585387273 21.77981423025462 21.825374795590992 21.772392585387273 21.77981423025462 21.825374795590992
 7396504 128 86652.04 86677.074 87141.991 21.72896214868444 21.845511582451437 21.85182280763384 21.72896214868444 21.845511582451437 21.85182280763384
 8136152 128 95134.02 95278.025 95294.952 21.856928077365527 21.860811157662017 21.893902013180988 21.856928077365527 21.860811157662017 21.893902013180988
 8949760 64 52337.17 52448.988 52480.936 21.82829361122675 21.84158977481129 21.88825417958212 21.82829361122675 21.84158977481129 21.88825417958212
 9844736 64 57569.027 57692.051 57711.84 21.834795217064645 21.84228478893912 21.88896136806342 21.834795217064645 21.84228478893912 21.88896136806342
 10829208 64 63209.057 63222.885 63263.893 21.910422490124027 21.924634157394113 21.929430524489554 21.910422490124027 21.924634157394113 21.929430524489554
 11912128 64 69621.086 69789.171 69834.948 21.833658185010744 21.847979595573644 21.900726799923802 21.833658185010744 21.847979595573644 21.900726799923802
 13103336 64 76740.98 76777.935 77037.096 21.77168007475256 21.84516955294513 21.855689202822273 21.77168007475256 21.84516955294513 21.855689202822273
 14413664 64 84300.995 84434.032 84455.013 21.84534613712036 21.850774483918993 21.885257605796944 21.84534613712036 21.850774483918993 21.885257605796944
 15855024 64 92675.924 92844.009 92954.159 21.832730174020508 21.858632493993227 21.89827718361891 21.832730174020508 21.858632493993227 21.89827718361891
 17440520 32 50698.996 50811.052 50828.934 21.959801084948978 21.96752942647202 22.016082527551436 21.959801084948978 21.96752942647202 22.016082527551436
 19184568 32 55779.934 55852.89 55989.027 21.92951758207907 21.982969046006392 22.011721132549205 21.92951758207907 21.982969046006392 22.011721132549205
 21103024 32 61907.053 62000.036 62139.988 21.734692578312053 21.78375406104603 21.81647276926589 21.734692578312053 21.78375406104603 21.81647276926589
 23213320 32 69991.112 70387.84 70740.938 21.001311574353174 21.106663878306254 21.22630199102995 21.001311574353174 21.106663878306254 21.22630199102995
 25534648 32 77974.796 78092.813 78281.164 20.876254113952623 20.92660526904057 20.958278262119467 20.876254113952623 20.92660526904057 20.958278262119467
 28088112 32 86127.996 86211.92 86280.107 20.83492047593311 20.85139929606022 20.871717112749263 20.83492047593311 20.85139929606022 20.871717112749263
 30896920 32 94602.108 94738.96 94923.973 20.831438228991956 20.872119347731914 20.90231308587754 20.831438228991956 20.872119347731914 20.90231308587754
 33986608 16 52470.922 52561.045 52735.09 20.623297618341034 20.691587391384626 20.727126845607938 20.623297618341034 20.691587391384626 20.727126845607938
 37385264 16 57826.996 57963.848 57967.901 20.637774136413878 20.639217189307377 20.688061472188526 20.637774136413878 20.639217189307377 20.688061472188526
 41123784 16 63561.916 63658.953 64071.894 20.538819845094633 20.6720504498401 20.703609501010007 20.538819845094633 20.6720504498401 20.703609501010007
 45236160 16 70027.113 70210.934 70283.89 20.5958594494414 20.61726055374794 20.671380812171993 20.5958594494414 20.61726055374794 20.671380812171993
 49759776 16 76920.986 77056.17 77146.053 20.64023718750718 20.664313214632912 20.70062950051108 20.64023718750718 20.664313214632912 20.70062950051108
 54735752 16 84759.951 84865.093 84939.957 20.620967161544478 20.639158010467273 20.664760223846756 20.620967161544478 20.639158010467273 20.664760223846756
 60209320 16 93307.972 93353.987 93380.928 20.632673943869992 20.638628321252096 20.648806299208818 20.632673943869992 20.638628321252096 20.648806299208818
 66230248 16 102576.971 102763.891 102786.064 20.619214838307265 20.623663773104894 20.661245066399943 20.619214838307265 20.623663773104894 20.661245066399943
 72853272 8 57219.028 57357.073 57399.035 20.307873677667228 20.32273076417271 20.37176080656246 20.307873677667228 20.32273076417271 20.37176080656246
 80138592 8 62910.08 62995.911 63175.201 20.2962151556906 20.353979355898193 20.381749188683273 20.2962151556906 20.353979355898193 20.381749188683273
 88152448 8 69239.14 69291.83 69470.167 20.30280376323264 20.35505727009952 20.370547178951092 20.30280376323264 20.35505727009952 20.370547178951092
 96967688 8 76198.101 76334.0 76395.988 20.308435673349756 20.32492739801399 20.361176822503754 20.308435673349756 20.32492739801399 20.361176822503754
 106664456 8 83928.108 83978.176 84038.019 20.30784776114249 20.322319170161542 20.33444261605421 20.30784776114249 20.322319170161542 20.33444261605421
 117330896 8 92339.039 92372.894 92864.037 20.215515033015418 20.323000121659067 20.330451305649824 20.215515033015418 20.323000121659067 20.330451305649824
 129063984 8 101511.002 101605.892 101671.934 20.310656665584823 20.323858226646934 20.34285647185317 20.310656665584823 20.323858226646934 20.34285647185317
 141970376 4 57563.066 57626.963 57778.12 19.657320245103165 19.708881899606613 19.73075944217426 19.657320245103165 19.708881899606613 19.73075944217426
 156167408 4 63249.111 63325.167 63461.065 19.686704974144384 19.728953324355228 19.752677061342414 19.686704974144384 19.728953324355228 19.752677061342414
 171784144 4 69658.041 69734.097 69736.958 19.70652565602302 19.707334161077615 19.72885157651792 19.70652565602302 19.707334161077615 19.72885157651792
 188962552 4 76626.062 76761.007 76788.902 19.6864439603525 19.693598026925315 19.728280124848382 19.6864439603525 19.693598026925315 19.728280124848382
 207858800 4 84283.113 84580.898 85094.213 19.541521583847306 19.66011758352341 19.729579755792837 19.541521583847306 19.66011758352341 19.729579755792837
 228644680 4 92653.99 92761.04 92897.892 19.689977895300355 19.719026867314124 19.741809715911856 19.689977895300355 19.719026867314124 19.741809715911856
 251509144 4 101936.102 101948.023 102146.864 19.697845564793845 19.73626454727818 19.738572620718813 19.697845564793845 19.73626454727818 19.738572620718813
 276660056 2 59381.008 59483.051 59571.028 18.576819322305468 18.604294927642496 18.636265386400986 18.576819322305468 18.604294927642496 18.636265386400986
 304326056 2 65448.999 65510.988 65548.897 18.570933756520727 18.58168012975167 18.599279478667043 18.570933756520727 18.58168012975167 18.599279478667043
 334758656 2 71808.1 71914.196 71949.959 18.61063776283736 18.619892851197278 18.647403621597007 18.61063776283736 18.619892851197278 18.647403621597007
 368234520 2 79458.952 79586.983 79827.07 18.451611464632233 18.50727373344458 18.53709422193235 18.451611464632233 18.50727373344458 18.53709422193235
 405057968 2 87085.962 87136.984 87198.019 18.581062856485307 18.59407794054474 18.604971855280187 18.581062856485307 18.59407794054474 18.604971855280187
 445563760 2 95767.021 95890.045 95900.059 18.584504103381207 18.586444922410873 18.6103213965484 18.584504103381207 18.586444922410873 18.6103213965484
 490120136 2 105166.197 105179.071 105488.062 18.584856967037652 18.639454839832155 18.6417366028744 18.584856967037652 18.639454839832155 18.6417366028744
 539132144 1 58096.886 58108.091 58190.107 18.530027586991718 18.556181582354856 18.559760466335494 18.530027586991718 18.556181582354856 18.559760466335494
 593045352 1 63791.037 63975.096 64080.0 18.50953033707865 18.53988158142037 18.593375492547644 18.50953033707865 18.53988158142037 18.593375492547644
 652349880 1 70223.093 70335.865 70451.975 18.51899481881097 18.54956585804411 18.579354799994356 18.51899481881097 18.54956585804411 18.579354799994356
 717584864 1 77363.968 77760.935 78305.96 18.327720239940867 18.456178902684233 18.550880533945726 18.327720239940867 18.456178902684233 18.550880533945726
 789343344 1 84839.106 84940.195 85587.978 18.445192010494743 18.585861358100246 18.608007114077793 18.445192010494743 18.585861358100246 18.608007114077793
 868277672 1 93435.049 93458.891 93737.841 18.525659706627977 18.580953886987594 18.58569522449761 18.525659706627977 18.580953886987594 18.58569522449761
 955105432 1 102829.933 102874.994 103048.086 18.537082425771597 18.568271935938093 18.576408719433864 18.537082425771597 18.568271935938093 18.576408719433864
 1050615968 1 112890.005 112910.986 113229.99 18.557203228579283 18.609632334625083 18.61309099950877 18.557203228579283 18.609632334625083 18.61309099950877
 
META_DATA
 FLOPS          16
 ERT_VERSION  1.1.0
 HOSTNAME  ('graoully-2.nancy.grid5000.fr', [], ['172.16.70.2'])
 UNAME  uname_result(system='Linux', node='graoully-2.nancy.grid5000.fr', release='4.19.0-14-amd64', version='#1 SMP Debian 4.19.171-2 (2021-01-30)', machine='x86_64', processor='')
 TIMESTAMP_DATA  1615580296.751266
 CONFIG  {'ERT_RESULTS': ['Results.graoully.01'], 'ERT_DRIVER': ['driver1'], 'ERT_KERNEL': ['kernel1'], 'ERT_OPENMP': ['False'], 'ERT_FLOPS': ['1,2,4,8,16,32'], 'ERT_ALIGN': ['64'], 'ERT_CC': ['g++'], 'ERT_CFLAGS': ['-O3', '-march=native'], 'ERT_LD': ['g++'], 'ERT_LDFLAGS': [], 'ERT_LDLIBS': [], 'ERT_PRECISION': ['FP64'], 'ERT_RUN': ['ERT_CODE'], 'ERT_NUM_EXPERIMENTS': ['3'], 'ERT_MEMORY_MAX': ['1073741824'], 'ERT_WORKING_SET_MIN': ['1'], 'ERT_TRIALS_MIN': ['1'], 'ERT_GNUPLOT': ['gnuplo'], 'ERT_MPI': [False], 'ERT_GPU': [False], 'ERT_HIP': [False], 'ERT_OCL': [False], 'ERT_SYCL': [False], 'ERT_WSS_MULT': [1.1]}
 TIMESTAMP_DATA  1615580354.0320892
 TIMESTAMP_DATA  1615580411.3464117
 