fp64
 8 134217728 1279990.196 1280128.002 1280129.91 1.6775513416446932 1.6775538419946225 1.6777344503973062 0.8387756708223466 0.8387769209973113 0.8388672251986531
 16 67108864 639910.936 640025.854 640078.068 3.3550339487651373 3.355307656056032 3.3559102168555532 1.6775169743825686 1.677653828028016 1.6779551084277766
 24 33554432 320077.896 320142.031 320793.152 5.020720442311686 5.030931836625975 5.031939900029835 2.510360221155843 2.5154659183129877 2.5159699500149175
 32 33554432 319936.037 319987.059 320088.863 6.709023325188293 6.711157803416044 6.712228069512532 3.3545116625941467 3.355578901708022 3.356114034756266
 40 16777216 160655.022 160730.124 160800.934 8.346825149659889 8.35050236133707 8.354406001699717 4.173412574829944 4.175251180668535 4.177203000849858
 48 16777216 160732.985 160784.006 160848.856 10.013206037349745 10.017244725199843 10.020424469812466 5.0066030186748725 5.0086223625999216 5.010212234906233
 56 16777216 160027.981 160072.088 160192.013 11.729974277806223 11.738762300645444 11.7419977447569 5.864987138903111 5.869381150322722 5.87099887237845
 64 16777216 161625.862 161667.109 161824.942 13.270411973946514 13.283367663857959 13.286757585862096 6.635205986973257 6.6416838319289795 6.643378792931048
 72 8388608 84384.203 84469.08 84534.168 14.2896012414767 14.300612152991366 14.314996279576167 7.14480062073835 7.150306076495683 7.157498139788084
 80 8388608 84812.88 84890.842 84949.97 15.799620411873013 15.81062513197831 15.825158631566337 7.8998102059365065 7.905312565989155 7.9125793157831685
 88 8388608 93433.142 93551.159 93731.88 15.751257821778458 15.781685911555623 15.801620029004265 7.875628910889229 7.890842955777812 7.900810014502133
 96 8388608 92925.787 92978.954 93108.177 17.29829525069533 17.322336579523146 17.332247463236442 8.649147625347664 8.661168289761573 8.666123731618221
 104 8388608 108934.879 109236.956 109287.024 15.965577615143038 15.972895326742718 16.017188250606125 7.982788807571519 7.986447663371359 8.008594125303063
 112 8388608 108423.948 108717.203 108859.062 17.261293249063637 17.28381654557467 17.33056420339905 8.630646624531819 8.641908272787335 8.665282101699525
 120 8388608 124675.035 124676.943 124706.984 16.14397089420429 16.147860795720664 16.148107919119493 8.071985447102145 8.073930397860332 8.074053959559746
 128 8388608 123803.854 123811.007 123903.99 17.33183610955547 17.34485244918491 17.34585458058519 8.665918054777736 8.672426224592455 8.672927290292595
 136 4194304 69966.793 70009.947 70014.954 16.29438602501974 16.295551373578384 16.305602116135294 8.14719301250987 8.147775686789192 8.152801058067647
 144 4194304 69387.913 69515.944 69741.964 17.32041202625151 17.376726582321886 17.408789222411112 8.660206013125755 8.688363291160943 8.704394611205556
 152 4194304 77502.966 77523.947 77545.166 16.44291297280865 16.447413545649322 16.451866061487248 8.221456486404325 8.223706772824661 8.225933030743624
 160 4194304 77101.946 77325.106 77548.981 17.30747796673176 17.357587327458692 17.407826256421597 8.65373898336588 8.678793663729346 8.703913128210798
 176 4194304 84834.099 84908.009 85041.046 17.36096952523373 17.388171332577116 17.403320426612886 8.680484762616866 8.694085666288558 8.701660213306443
 192 4194304 92434.883 92535.019 92569.113 17.399029587763255 17.40544016098381 17.42429571745117 8.699514793881628 8.702720080491906 8.712147858725585
 208 4194304 100276.232 100321.054 100414.038 17.37635990696839 17.392465434025443 17.400239610120174 8.688179953484195 8.696232717012721 8.700119805060087
 224 4194304 108142.138 108582.973 108597.04 17.30294114830386 17.305182756416148 17.375726305688534 8.65147057415193 8.652591378208074 8.687863152844267
 240 4194304 115726.948 115896.94 116108.894 17.339463417849796 17.371174079315637 17.396690699905086 8.669731708924898 8.685587039657818 8.698345349952543
 264 2097152 65695.047 65701.008 65721.989 16.848185407170195 16.853565716982605 16.855094966291748 8.424092703585098 8.426782858491302 8.427547483145874
 288 2097152 69581.985 69617.033 69694.996 17.332084386660988 17.35149431030765 17.36023414681257 8.666042193330494 8.675747155153825 8.680117073406285
 312 2097152 77274.799 77284.098 77291.012 16.93111286988971 16.932627563305456 16.934665181076692 8.465556434944855 8.466313781652728 8.467332590538346
 336 2097152 80769.062 80951.929 81146.002 17.367289937463585 17.40892603065703 17.44834109872416 8.683644968731793 8.704463015328516 8.72417054936208
 368 2097152 88345.051 88451.862 89381.933 17.268633830060487 17.450213450565915 17.471311120755367 8.634316915030244 8.725106725282957 8.735655560377683
 400 2097152 96044.064 96456.051 96557.14 17.37542764833341 17.393637647471177 17.46824874049478 8.687713824166705 8.696818823735589 8.73412437024739
 440 2097152 108012.915 108025.074 108049.154 17.080131511256443 17.083938864045585 17.085862000854252 8.540065755628222 8.541969432022793 8.542931000427126
 480 2097152 115146.875 115609.169 115763.187 17.391244765920273 17.414413903450857 17.48432964420441 8.695622382960137 8.707206951725428 8.742164822102206
 528 1048576 63348.055 63806.057 63951.969 17.314498260405397 17.3540931388379 17.479562016544943 8.657249130202699 8.67704656941895 8.739781008272471
 576 1048576 70734.024 70952.892 70953.846 17.024581754172985 17.02481065888054 17.077489497840528 8.512290877086492 8.51240532944027 8.538744748920264
 632 1048576 77960.014 78017.95 78322.887 16.92225752607919 16.98839900304994 17.001023935167588 8.461128763039595 8.49419950152497 8.500511967583794
 688 1048576 84231.138 84231.138 84424.019 17.090403810318485 17.129539149761932 17.129539149761932 8.545201905159242 8.564769574880966 8.564769574880966
 752 1048576 91743.231 91743.946 91782.093 17.18263609438499 17.189780609611017 17.189914578003034 8.591318047192495 8.594890304805508 8.594957289001517
 824 1048576 100177.05 101081.133 101086.14 17.094858385135687 17.0957051698263 17.24999137027892 8.547429192567844 8.54785258491315 8.62499568513946
 904 1048576 109918.118 109949.827 109976.053 17.23852926418445 17.242641118480343 17.247615247560915 8.619264632092225 8.621320559240171 8.623807623780458
 992 1048576 120063.066 120117.903 120342.016 17.28718574899061 17.319439750792185 17.32735014446491 8.643592874495305 8.659719875396092 8.663675072232454
 1088 524288 65661.907 65746.069 65832.138 17.329692193803577 17.35237871027696 17.374620082234284 8.664846096901789 8.67618935513848 8.687310041117142
 1192 524288 71981.907 71991.92 71998.119 17.360211757754392 17.361706591517493 17.364121681299714 8.680105878877196 8.680853295758746 8.682060840649857
 1304 524288 78379.869 78891.993 78962.803 17.316293901066302 17.33183624857848 17.445080241203257 8.658146950533151 8.66591812428924 8.722540120601629
 1432 524288 85335.016 85880.995 86379.051 17.383391165063852 17.484203949896017 17.596069027513863 8.691695582531926 8.742101974948008 8.798034513756932
 1568 524288 93804.121 93926.907 94210.148 17.45212382003688 17.50475151917863 17.527664568169666 8.72606191001844 8.752375759589315 8.763832284084833
 1720 524288 103228.092 103410.006 103820.801 17.371766569206105 17.44077570211146 17.47151075891241 8.685883284603053 8.72038785105573 8.735755379456204
 1888 524288 112862.825 113101.006 113572.121 17.43131563070835 17.50392466005121 17.540864212817638 8.715657815354175 8.751962330025606 8.770432106408819
 2072 262144 61786.89 62263.966 62505.007 17.379803445186397 17.447085461918697 17.581799893148855 8.689901722593198 8.723542730959348 8.790899946574427
 2272 262144 67481.041 67584.991 68180.799 17.470935416875946 17.624953682393773 17.652103736811057 8.735467708437973 8.812476841196887 8.826051868405528
 2496 262144 74238.062 74856.997 74959.993 17.45761699844342 17.481636993800322 17.627384292440176 8.72880849922171 8.740818496900161 8.813692146220088
 2744 262144 81712.008 82072.02 82679.033 17.400376126798676 17.52907107684202 17.606301781251048 8.700188063399338 8.76453553842101 8.803150890625524
 3016 262144 89668.989 89675.903 89703.798 17.627487835018982 17.632971122688332 17.634330727203803 8.813743917509491 8.816485561344166 8.817165363601902
 3312 262144 98282.814 98283.052 98371.029 17.651963933405636 17.667764896027037 17.66780767998767 8.825981966702818 8.833882448013519 8.833903839993836
 3640 262144 107921.124 107923.985 108563.9 17.578663994200653 17.68289338092918 17.68336215623551 8.789331997100327 8.84144669046459 8.841681078117755
 4000 262144 118982.077 119051.933 119937.181 17.485420138397284 17.615438465833225 17.62578072998339 8.742710069198642 8.807719232916613 8.812890364991695
 4400 131072 65165.997 65167.189 65281.868 17.668514019850043 17.699606469138942 17.699930225881452 8.834257009925022 8.849803234569471 8.849965112940726
 4840 131072 71690.083 71693.897 71707.01 17.693904124575827 17.697140385603536 17.6980818950928 8.846952062287913 8.848570192801768 8.8490409475464
 5320 131072 78754.902 78757.048 78758.001 17.70748447513288 17.70769874462537 17.70818126343424 8.85374223756644 8.853849372312686 8.85409063171712
 5848 131072 85846.186 86463.928 87454.081 17.529406226337223 17.73014651844177 17.857731175150867 8.764703113168611 8.865073259220885 8.928865587575434
 6432 131072 94115.973 95592.022 96024.99 17.55907715272868 17.638608041997482 17.91523961612765 8.77953857636434 8.819304020998741 8.957619808063825
 7072 131072 104632.139 104660.034 105009.794 17.65437581945928 17.713374409949076 17.718096807712207 8.82718790972964 8.856687204974538 8.859048403856104
 7776 131072 114740.133 115216.97 115224.838 17.69090570559101 17.69211379191798 17.76563867151871 8.845452852795505 8.84605689595899 8.882819335759354
 8552 65536 63172.102 63174.009 63216.925 17.731449987483572 17.743495493534375 17.74403112310558 8.865724993741786 8.871747746767188 8.87201556155279
 9400 65536 69234.133 69602.013 69945.812 17.614732959279962 17.70174089648815 17.79580023050191 8.807366479639981 8.850870448244075 8.897900115250955
 10336 65536 75926.065 76125.145 76828.003 17.63367703309951 17.79648750751148 17.84315033315634 8.816838516549755 8.89824375375574 8.92157516657817
 11368 65536 83900.213 83900.928 83900.928 17.75935655920278 17.75935655920278 17.759507904944176 8.87967827960139 8.87967827960139 8.879753952472088
 12504 65536 91824.055 92782.974 93187.809 17.58732505450364 17.6640628915387 17.848528776038044 8.79366252725182 8.83203144576935 8.924264388019022
 13752 65536 100621.939 101551.056 101654.768 17.731604522475525 17.749713444634196 17.913609714875403 8.865802261237762 8.874856722317098 8.956804857437701
 15120 65536 111470.938 111471.176 111472.13 17.77851235102442 17.778664504266107 17.778702463237547 8.88925617551221 8.889332252133054 8.889351231618773
 16632 32768 60796.022 61861.992 62154.055 17.53698535035244 17.61978101190146 17.928718296733297 8.76849267517622 8.80989050595073 8.964359148366649
 18288 32768 67390.919 67393.064 67440.987 17.771423896865567 17.784061101599416 17.784627154290625 8.885711948432784 8.892030550799708 8.892313577145313
 20112 32768 74103.832 74104.071 74141.026 17.777742002113648 17.78660759406862 17.786664959512485 8.888871001056824 8.89330379703431 8.893332479756243
 22120 32768 81521.988 81530.094 81722.975 17.73866308709393 17.780628586053147 17.78239657256641 8.869331543546965 8.890314293026574 8.891198286283204
 24328 32768 89648.962 89653.015 89684.963 17.777336965618193 17.78367194901365 17.784475942956263 8.888668482809097 8.891835974506826 8.892237971478131
 26760 32768 98600.864 98615.17 98643.78 17.77854984875884 17.783707719613524 17.7862879578824 8.88927492437942 8.891853859806762 8.8931439789412
 29432 32768 108118.057 108508.825 108660.936 17.751140593892913 17.776024687392937 17.84027206482262 8.875570296946456 8.888012343696468 8.92013603241131
 32368 32768 119207.859 119212.866 119261.026 17.78677677986772 17.793962339601833 17.794709726310913 8.89338838993386 8.896981169800917 8.897354863155456
 35600 16384 65583.944 65590.858 65592.051 17.784789196483576 17.785112675306063 17.786987620018703 8.892394598241788 8.892556337653032 8.893493810009351
 39160 16384 72098.017 72102.785 72187.901 17.775761065555848 17.79674502170755 17.797921959490232 8.887880532777924 8.898372510853775 8.898960979745116
 43072 16384 79310.179 79591.99 80031.157 17.63542286412278 17.732730341332086 17.79573963639648 8.81771143206139 8.866365170666043 8.89786981819824
 47376 16384 87229.013 87240.934 87248.087 17.793132449998588 17.794591332550386 17.79702319915049 8.896566224999294 8.897295666275193 8.898511599575246
 52112 16384 95944.881 95957.994 95971.107 17.792917778889432 17.795349244170318 17.797781374078728 8.896458889444716 8.897674622085159 8.898890687039364
 57320 16384 105571.985 105606.079 105631.113 17.781330771360896 17.785545849117266 17.791289611538513 8.890665385680448 8.892772924558633 8.895644805769257
 63048 16384 116105.08 116127.014 116211.891 17.777499756888044 17.790493295556534 17.793854187947677 8.888749878444022 8.895246647778267 8.896927093973838
 69352 8192 63857.079 63858.032 63858.986 17.793316793348396 17.793582614634914 17.793848165212818 8.896658396674198 8.896791307317457 8.896924082606409
 76280 8192 70126.057 70827.961 71075.201 17.5837915674695 17.645171516373313 17.821785131880432 8.79189578373475 8.822585758186657 8.910892565940216
 83904 8192 76828.957 77029.943 77547.073 17.72707960234682 17.84608792972883 17.89277363221266 8.86353980117341 8.923043964864416 8.94638681610633
 92288 8192 84959.03 85114.002 85242.987 17.738076118801423 17.764957074865308 17.797361763664203 8.869038059400712 8.882478537432654 8.898680881832101
 101512 8192 93444.109 93446.016 93457.937 17.795948224279762 17.798218470865574 17.798581695503138 8.897974112139881 8.899109235432787 8.899290847751569
 111656 8192 102836.847 102844.0 102913.141 17.775882518249055 17.787833067558633 17.789070331959906 8.887941259124528 8.893916533779317 8.894535165979953
 122816 8192 112437.01 112491.131 112622.976 17.866845784647 17.887786584704177 17.8963967825185 8.9334228923235 8.943893292352088 8.94819839125925
 135096 4096 61973.095 62173.843 62842.131 17.61089915935537 17.80019343504309 17.857853186128594 8.805449579677685 8.900096717521546 8.928926593064297
 148600 4096 67995.071 68496.943 68907.976 17.666042026833004 17.772051520605817 17.90322713244906 8.833021013416502 8.886025760302909 8.95161356622453
 163456 4096 74820.042 75474.977 75819.016 17.660893304128347 17.741397284559625 17.896696075097097 8.830446652064174 8.870698642279812 8.948348037548548
 179800 4096 81314.087 82628.965 83640.099 17.610232622991038 17.825729754693164 18.113978208966426 8.805116311495519 8.912864877346582 9.056989104483213
 197776 4096 90981.007 90995.073 91156.96 17.77353031518383 17.805150747008028 17.80790348913153 8.886765157591915 8.902575373504014 8.903951744565765
 217552 4096 100068.092 100079.06 100081.921 17.80727194475014 17.80778100833481 17.809732836716822 8.90363597237507 8.903890504167405 8.904866418358411
 239304 4096 110107.183 110115.051 110118.866 17.80238427082967 17.803001044789053 17.80427320531849 8.901192135414835 8.901500522394526 8.902136602659246
 263232 2048 60034.99 60448.17 61277.151 17.59543735967751 17.836739673012435 17.959497819521584 8.797718679838756 8.918369836506217 8.979748909760792
 289552 2048 66598.892 66599.131 66606.998 17.806011794736644 17.808115123904546 17.80817903096646 8.903005897368322 8.904057561952273 8.90408951548323
 318504 2048 73257.923 73269.844 73272.943 17.80455828012804 17.80531133654386 17.808208731224884 8.90227914006402 8.90265566827193 8.904104365612442
 350352 2048 80576.897 80579.996 80610.991 17.802061160617665 17.808908702353374 17.80959363575393 8.901030580308833 8.904454351176687 8.904796817876965
 385384 2048 88639.975 88659.048 88761.091 17.784063334687943 17.80453207663588 17.808363145409277 8.892031667343971 8.90226603831794 8.904181572704639
 423920 2048 97467.184 97501.04 97567.081 17.79674355533912 17.80879793692457 17.8149839642438 8.89837177766956 8.904398968462285 8.9074919821219
 466312 2048 107249.022 107268.095 107274.055 17.804994432251117 17.80598370838971 17.809150296960283 8.902497216125559 8.902991854194855 8.904575148480141
 512936 2048 117954.969 117964.029 117974.043 17.808882382711932 17.810394183806658 17.81176218188824 8.904441191355966 8.905197091903329 8.90588109094412
 564224 1024 64891.1 65562.01 65643.787 17.603048282391143 17.625004968578605 17.807230144041327 8.801524141195571 8.812502484289302 8.903615072020663
 620640 1024 71178.198 71275.949 71892.977 17.680040151905242 17.83309430225896 17.857584986908492 8.840020075952621 8.91654715112948 8.928792493454246
 682704 1024 78449.011 78464.031 78520.06 17.806631732069487 17.81934695656918 17.822758683344013 8.903315866034744 8.90967347828459 8.911379341672006
 750968 1024 86354.017 86502.075 86974.859 17.683069356858628 17.779717584809383 17.810201741975707 8.841534678429314 8.889858792404691 8.905100870987853
 826064 1024 94897.985 94923.019 94927.073 17.821881772336962 17.82264291446525 17.827344511055742 8.910940886168481 8.911321457232624 8.913672255527871
 908664 1024 104210.138 104806.9 105385.065 17.658516147425633 17.755928970325428 17.85760874820068 8.829258073712817 8.877964485162714 8.92880437410034
 999528 1024 114814.043 114871.025 114884.853 17.818130854900424 17.820275774504495 17.829119944848557 8.909065427450212 8.910137887252247 8.914559972424279
 1099480 512 62741.041 62968.016 63519.001 17.724893374818663 17.87999037479599 17.944673885790323 8.862446687409332 8.939995187397995 8.972336942895161
 1209424 512 69411.039 69443.941 69457.054 17.830444925003583 17.833811822402186 17.84226534917594 8.915222462501792 8.916905911201093 8.92113267458797
 1330360 512 76371.908 76866.865 76941.967 17.70540438613949 17.722703274031012 17.837561947516093 8.852702193069746 8.861351637015506 8.918780973758047
 1463392 512 84218.979 84414.959 84496.021 17.734721591209606 17.751751890325504 17.79306073040852 8.867360795604803 8.875875945162752 8.89653036520426
 1609728 512 92249.87 92407.942 93503.952 17.62878933716085 17.837876662159623 17.86844222111099 8.814394668580425 8.918938331079811 8.934221110555495
 1770696 512 101661.921 101673.841 101682.901 17.831834911948473 17.833423879402766 17.835514872869656 8.915917455974236 8.916711939701383 8.917757436434828
 1947760 512 111702.919 111758.947 111816.883 17.837254862487985 17.846501721244742 17.855453177548565 8.918627431243992 8.923250860622371 8.927726588774282
 2142536 256 61391.115 61484.814 61488.152 17.84048465141707 17.841453208267005 17.868683961840407 8.920242325708536 8.920726604133502 8.934341980920204
 2356784 256 67440.987 67495.108 67574.978 17.856808003696276 17.877938768540083 17.89228571046862 8.928404001848138 8.938969384270042 8.94614285523431
 2592456 256 74251.89 74265.003 74270.01 17.8717825943473 17.872987522803978 17.876143920376975 8.93589129717365 8.936493761401989 8.938071960188488
 2851696 256 81675.053 81695.08 81699.133 17.871283309701706 17.87216992749135 17.87655224417179 8.935641654850853 8.936084963745675 8.938276122085895
 3136864 256 90317.011 90826.035 90998.888 17.649384550721102 17.682973477813935 17.782634192798962 8.824692275360551 8.841486738906967 8.891317096399481
 3450544 256 98716.021 98795.891 98829.031 17.876108974497583 17.882105319542084 17.896573525790714 8.938054487248792 8.941052659771042 8.948286762895357
 3795592 256 108625.174 108645.201 108839.035 17.855203365226455 17.88705884947463 17.890356649739406 8.927601682613227 8.943529424737315 8.945178324869703
 4175144 256 119499.207 119518.995 119539.976 17.88250089660383 17.88564008591271 17.888601787959985 8.941250448301915 8.942820042956354 8.944300893979992
 4592656 128 65432.072 65539.122 65596.104 17.923624488429983 17.939207913099597 17.968557315440048 8.961812244214991 8.969603956549799 8.984278657720024
 5051920 128 71983.099 72108.984 72220.087 17.90764278641758 17.9352342559701 17.966599631949713 8.95382139320879 8.96761712798505 8.983299815974856
 5557112 128 79101.086 80140.114 80349.922 17.705314909951003 17.751667685424056 17.984843747910112 8.852657454975501 8.875833842712028 8.992421873955056
 6112816 128 87106.943 87114.096 87311.029 17.923060968620586 17.963578431669657 17.965053554915823 8.961530484310293 8.981789215834828 8.982526777457911
 6724096 128 96107.006 96195.936 96318.007 17.871721286757936 17.894400195866904 17.91095829163589 8.935860643378968 8.947200097933452 8.955479145817945
 7396504 128 105692.148 106209.993 106451.035 17.78756800250932 17.827936623628247 17.91528566530789 8.89378400125466 8.913968311814124 8.957642832653946
 8136152 128 115494.967 115894.079 116303.921 17.908724779794827 17.972056294610187 18.034161713730782 8.954362389897414 8.986028147305094 9.017080856865391
 8949760 64 63172.817 63506.126 64311.028 17.812952391306823 18.038720862929033 18.133895786220833 8.906476195653411 9.019360431464516 9.066947893110417
 9844736 64 69342.136 69650.888 70214.987 17.9466843453236 18.092033629205126 18.17259001078363 8.9733421726618 9.046016814602563 9.086295005391815
 10829208 64 76486.111 76636.076 76646.805 18.08475413945826 18.087285993087644 18.122749423094604 9.04237706972913 9.043642996543822 9.061374711547302
 11912128 64 84135.056 84407.091 84707.022 18.00030679865006 18.064268842057356 18.122676283712224 9.00015339932503 9.032134421028678 9.061338141856112
 13103336 64 92407.942 92843.056 92871.189 18.059712878231807 18.065185273522236 18.150247388909495 9.029856439115903 9.032592636761118 9.075123694454748
 14413664 64 101701.975 102429.867 102437.019 18.01056893309244 18.01182649197426 18.140739076109387 9.00528446654622 9.00591324598713 9.070369538054694
 15855024 64 111879.11 112086.058 112339.973 18.065191025103772 18.106115142348923 18.139606866733207 9.032595512551886 9.053057571174461 9.069803433366603
 17440520 32 61012.03 61410.904 62641.859 17.81864870900463 18.17581581277488 18.294642548363004 8.909324354502315 9.08790790638744 9.147321274181502
 19184568 32 68053.007 69103.956 69392.204 17.693808255463395 17.767613072687183 18.041999995679838 8.846904127731698 8.883806536343592 9.020999997839919
 21103024 32 76652.05 76856.852 77203.989 17.49383099881018 17.57284485188126 17.619796678627644 8.74691549940509 8.78642242594063 8.809898339313822
 23213320 32 86107.969 86238.146 86668.015 17.141877311947205 17.227323973314547 17.253368036122186 8.570938655973602 8.613661986657274 8.626684018061093
 25534648 32 95448.971 95618.01 95741.987 17.06897384529945 17.091105242621136 17.12137338809027 8.534486922649725 8.545552621310568 8.560686694045135
 28088112 32 104928.017 105468.988 105535.03 17.033578026177658 17.044244019862976 17.132117992852184 8.516789013088829 8.522122009931488 8.566058996426092
 30896920 32 115303.04 116119.146 116203.07 17.016786905888114 17.029085625552227 17.149616176642006 8.508393452944057 8.514542812776114 8.574808088321003
 33986608 16 63626.051 63652.992 63705.921 17.07174841723111 17.08594398830459 17.093178641559884 8.535874208615555 8.542971994152294 8.546589320779942
 37385264 16 70070.028 70080.996 70089.102 17.06867992116663 17.070654189903355 17.073326244425076 8.534339960583315 8.535327094951677 8.536663122212538
 41123784 16 76653.004 76851.13 77116.966 17.064482127058785 17.123509934076438 17.167769289250554 8.532241063529392 8.561754967038219 8.583884644625277
 45236160 16 84592.104 84705.83 84781.885 17.073896387182238 17.089226562091415 17.11220139411593 8.536948193591119 8.544613281045708 8.556100697057966
 49759776 16 92725.992 92859.983 93066.931 17.109329972425975 17.147459869769737 17.172238308326754 8.554664986212988 8.573729934884868 8.586119154163377
 54735752 16 102274.895 102393.15 102555.037 17.07906422967796 17.106066802320274 17.125845633965206 8.53953211483898 8.553033401160137 8.562922816982603
 60209320 16 112527.132 112801.075 113022.089 17.04709457281399 17.080495376484663 17.12207718934843 8.523547286406995 8.540247688242331 8.561038594674216
 66230248 16 123226.881 123995.066 124360.085 17.042187901367228 17.092357013625044 17.19890918930262 8.521093950683614 8.546178506812522 8.59945459465131
 72853272 8 67962.885 67963.123 68152.905 17.103487400867213 17.15124762586322 17.15130768801236 8.551743700433606 8.57562381293161 8.57565384400618
 80138592 8 74737.072 74915.171 74999.809 17.096276498517483 17.115591606939 17.156378189394413 8.548138249258741 8.5577958034695 8.578189094697207
 88152448 8 82176.208 82193.136 82319.021 17.13381853751638 17.16006027559284 17.163595185604084 8.56690926875819 8.58003013779642 8.581797592802042
 96967688 8 90216.875 90446.949 90529.919 17.13779295439334 17.153514022899767 17.197259470581308 8.56889647719667 8.576757011449883 8.598629735290654
 106664456 8 99445.105 99533.081 99550.962 17.14329285938995 17.14637263162787 17.16154149568247 8.571646429694974 8.573186315813935 8.580770747841235
 117330896 8 109017.134 109544.992 109771.013 17.101913198159153 17.137199078895364 17.220176931086815 8.550956599079576 8.568599539447682 8.610088465543408
 129063984 8 119802.952 120339.155 120471.001 17.14125164445176 17.160031944714916 17.236835232574233 8.57062582222588 8.580015972357458 8.618417616287116
 141970376 4 65927.982 65969.944 66074.133 17.1892230201492 17.216370655097116 17.227328571955987 8.5946115100746 8.608185327548558 8.613664285977993
 156167408 4 72335.005 72548.151 72652.102 17.196188817771578 17.220828467427104 17.271572235323685 8.598094408885789 8.610414233713552 8.635786117661842
 171784144 4 79881.907 79908.848 80080.032 17.16124628921227 17.198009812380224 17.203810019207477 8.580623144606134 8.599004906190112 8.601905009603739
 188962552 4 87737.083 87891.817 88134.05 17.15228581915843 17.199558134063835 17.22989144738263 8.576142909579215 8.599779067031918 8.614945723691315
 207858800 4 96560.001 96725.941 96805.811 17.177382047860743 17.191566014333215 17.221110012208886 8.588691023930371 8.595783007166608 8.610555006104443
 228644680 4 105823.994 106259.108 106646.061 17.151664326355196 17.214123800098154 17.284902703634486 8.575832163177598 8.607061900049077 8.642451351817243
 251509144 4 116475.105 117172.003 117225.885 17.16406877201226 17.171961735603343 17.27470562915569 8.58203438600613 8.585980867801672 8.637352814577845
 276660056 2 63584.089 63611.031 63634.872 17.390468295433983 17.39698612965415 17.40435762160562 8.695234147716992 8.698493064827074 8.70217881080281
 304326056 2 69995.88 70001.841 70131.063 17.35756128493304 17.389602996298343 17.391083932368588 8.67878064246652 8.694801498149172 8.695541966184294
 334758656 2 76882.839 76961.994 77033.997 17.38238539018039 17.398647753331336 17.416560592930235 8.691192695090194 8.699323876665668 8.708280296465118
 368234520 2 84719.896 84803.104 84810.019 17.367500884535826 17.368917062281117 17.385976016778873 8.683750442267913 8.684458531140558 8.692988008389436
 405057968 2 93230.009 93256.95 93288.898 17.367895931196443 17.37384583132946 17.378866411994018 8.683947965598222 8.68692291566473 8.689433205997009
 445563760 2 102368.832 102560.043 102596.045 17.371576457942407 17.377674461388438 17.410133584409756 8.685788228971203 8.688837230694219 8.705066792204878
 490120136 2 112575.054 112740.04 112849.951 17.372453657512 17.389390175841697 17.41487544833867 8.686226828756 8.694695087920849 8.707437724169335
 539132144 1 62036.991 62099.934 62135.935 17.353312346551153 17.363372527899948 17.380989480937266 8.676656173275576 8.681686263949974 8.690494740468633
 593045352 1 68193.913 68195.105 68546.057 17.30355845267657 17.392607636574503 17.392911651806813 8.651779226338284 8.696303818287252 8.696455825903406
 652349880 1 74983.12 75165.033 76032.162 17.1598403317796 17.357801998171148 17.399912940405788 8.5799201658898 8.678900999085574 8.699956470202894
 717584864 1 82388.163 82454.92 82738.161 17.345922493974697 17.405507494276872 17.419610727332273 8.672961246987349 8.702753747138436 8.709805363666137
 789343344 1 90679.884 90702.057 90988.159 17.350463020138697 17.40519168159549 17.40944759038289 8.675231510069349 8.702595840797745 8.704723795191445
 868277672 1 99822.998 99879.026 99996.09 17.366232459689172 17.386586689381613 17.396345319141783 8.683116229844586 8.693293344690806 8.698172659570892
 955105432 1 109667.063 109822.989 110100.985 17.349625564203627 17.39354284010609 17.418273196574983 8.674812782101814 8.696771420053045 8.709136598287492
 1050615968 1 120610.952 120864.868 120939.97 17.374172790021362 17.38496860808221 17.421568283450743 8.687086395010681 8.692484304041106 8.710784141725371
 
META_DATA
 FLOPS          8
 ERT_VERSION  1.1.0
 HOSTNAME  ('graoully-1.nancy.grid5000.fr', [], ['172.16.70.1'])
 UNAME  uname_result(system='Linux', node='graoully-1.nancy.grid5000.fr', release='4.19.0-14-amd64', version='#1 SMP Debian 4.19.171-2 (2021-01-30)', machine='x86_64', processor='')
 TIMESTAMP_DATA  1615914005.7002962
 CONFIG  {'ERT_RESULTS': ['Results.graoully.01'], 'ERT_DRIVER': ['driver1'], 'ERT_KERNEL': ['kernel1'], 'ERT_OPENMP': ['False'], 'ERT_FLOPS': ['1,2,4,8,16,32'], 'ERT_ALIGN': ['64'], 'ERT_CC': ['g++'], 'ERT_CFLAGS': ['-O3', '-DERT_INTEL'], 'ERT_LD': ['g++'], 'ERT_LDFLAGS': [], 'ERT_LDLIBS': [], 'ERT_PRECISION': ['FP64'], 'ERT_RUN': ['ERT_CODE'], 'ERT_NUM_EXPERIMENTS': ['3'], 'ERT_MEMORY_MAX': ['1073741824'], 'ERT_WORKING_SET_MIN': ['1'], 'ERT_TRIALS_MIN': ['1'], 'ERT_GNUPLOT': ['gnuplo'], 'ERT_MPI': [False], 'ERT_GPU': [False], 'ERT_HIP': [False], 'ERT_OCL': [False], 'ERT_SYCL': [False], 'ERT_WSS_MULT': [1.1]}
 TIMESTAMP_DATA  1615914063.325836
 TIMESTAMP_DATA  1615914120.935269
 