fp64
 8 134217728 272861.958 272946.119 273033.857 7.865265031948035 7.867793306121346 7.8702200326510905 0.4915790644967522 0.4917370816325841 0.49188875204069316
 16 67108864 136362.076 136372.805 136417.15 15.742035719115965 15.747154632479697 15.748393622285423 0.9838772324447478 0.9841971645299811 0.984274601392839
 24 33554432 68181.992 68222.046 68292.856 23.58391243734191 23.608390988449685 23.622259906985413 1.4739945273338693 1.4755244367781053 1.4763912441865883
 32 33554432 68182.945 68184.853 68190.098 31.492602459670906 31.495024972775113 31.4959063149883 1.9682876537294316 1.9684390607984446 1.9684941446867688
 40 16777216 34090.996 34090.996 34092.903 39.36823097757325 39.37043317830902 39.37043317830902 2.460514436098328 2.460652073644314 2.460652073644314
 48 16777216 34633.875 34737.11 35041.094 45.96354029357646 46.3657666397694 46.5039715018894 2.8727212683485286 2.8978604149855873 2.9064982188680877
 56 16777216 34092.903 34093.142 34093.857 55.11398114915539 55.11513699734685 55.115523368602545 3.444623821822212 3.4446960623341782 3.444720210537659
 64 16777216 39335.966 39336.92 39340.973 54.586439638897595 54.59206384231405 54.59338784256627 3.4116524774310997 3.412003990144628 3.412086740160392
 72 8388608 18101.931 18337.011 18363.953 65.77884140740285 65.87548821342801 66.73097759570511 4.111177587962678 4.117218013339251 4.17068609973157
 80 8388608 22289.991 22290.945 22292.852 60.20662048983235 60.211771192293554 60.21434822472561 3.762913780614522 3.763235699518347 3.7633967640453507
 88 8388608 23813.009 23814.917 24240.971 60.90494510306538 61.99454770302159 61.99951497099757 3.8065590689415862 3.8746592314388493 3.8749696856873483
 96 8388608 25426.865 25804.043 25964.975 62.030205536496766 62.41706913912676 63.34295384035743 3.876887846031048 3.9010668211954225 3.9589346150223395
 104 8388608 27569.056 27747.869 28266.907 61.72696800537816 62.88160233133579 63.2894526384944 3.857935500336135 3.930100145708487 3.9555907899059
 112 8388608 28873.92 29543.877 29738.903 63.18485224555862 63.60195014351028 65.07769613547451 3.949053265347414 3.9751218839693925 4.067356008467157
 120 8388608 31695.843 31845.093 32279.968 62.36889454165505 63.220601051471256 63.518295443348826 3.8980559088534408 3.9512875657169535 3.9698934652093016
 128 8388608 33267.975 33612.967 33642.054 63.83330958329715 63.8885477738398 64.55107796612208 3.989581848956072 3.9930342358649873 4.03444237288263
 136 4194304 17943.144 17988.92 18021.107 63.30636003659486 63.41963208463877 63.581426309681284 3.9566475022871788 3.963727005289923 3.9738391443550802
 144 4194304 18526.077 18583.059 18739.939 64.45909733217383 65.00326733074462 65.20320259923349 4.028693583260864 4.062704208171539 4.075200162452093
 152 4194304 19798.994 19798.994 19970.894 63.84633637332411 64.40066682175872 64.40066682175872 3.9903960233327567 4.02504167635992 4.02504167635992
 160 4194304 20592.928 20731.926 20930.052 64.12680102275904 64.73963296994212 65.17661208741175 4.00792506392244 4.046227060621383 4.073538255463235
 176 4194304 22635.937 22675.037 22828.102 64.67445291772395 65.11102971959869 65.22349872240764 4.042153307357747 4.069439357474918 4.0764686701504775
 192 4194304 24554.968 24683.952 24710.178 65.18013492254083 65.24938697012536 65.59213337195145 4.073758432658802 4.078086685632835 4.0995083357469655
 208 4194304 26582.956 26711.941 26754.856 65.21546832470338 65.32024250877164 65.63718737675374 4.075966770293961 4.082515156798228 4.102324211047109
 224 4194304 28723.955 28753.996 28848.171 65.13578250766747 65.34911502387355 65.41746051335896 4.070986406729217 4.084319688992097 4.088591282084935
 240 4194304 30699.968 30726.91 30771.017 65.42734417910204 65.52126198176126 65.57876281825439 4.089209011193877 4.0950788738600785 4.098672676140899
 264 2097152 16958.952 16981.125 17020.941 65.05493767941502 65.20747335644722 65.29272893749565 4.065933604963439 4.0754670847779515 4.080795558593478
 288 2097152 18244.028 18285.036 18396.854 65.66120229034811 66.06273851470677 66.21123098473649 4.103825143146757 4.128921157169173 4.1382019365460305
 312 2097152 19867.182 19905.09 19932.032 65.65426184344878 65.74312640636138 65.86856897973753 4.103391365215549 4.1089454003975865 4.116785561233596
 336 2097152 21093.845 21307.945 21309.137 66.13529886264283 66.138998575414 66.81030148841997 4.133456178915177 4.133687410963375 4.175643843026248
 368 2097152 23273.945 23274.183 23279.905 66.30198327699361 66.31828373954093 66.31896191212964 4.143873954812101 4.144892733721308 4.144935119508102
 400 2097152 25185.108 25240.898 25274.992 66.37871932857585 66.46838000771604 66.61562062787263 4.148669958035991 4.154273750482252 4.163476289242039
 440 2097152 27816.057 27821.064 27837.992 66.29406891129217 66.33440618949729 66.34634664431411 4.143379306955761 4.14590038684358 4.146646665269632
 480 2097152 30061.007 30071.02 30114.889 66.85284212736099 66.95037015704821 66.97267060947092 4.178302632960062 4.184398134815513 4.185791913091933
 528 1048576 16503.096 16553.879 16554.117 66.8894786716803 66.89044036144035 67.09627429907697 4.180592416980018 4.180652522590022 4.19351714369231
 576 1048576 17926.931 17971.992 18028.975 67.00101098370817 67.21344812528294 67.38239534697824 4.187563186481761 4.200840507830184 4.21139970918614
 632 1048576 21157.98 21229.029 21470.785 61.730396163903656 62.43338138546045 62.643034164887204 3.8581497602439785 3.902086336591278 3.9151896353054503
 688 1048576 23602.009 23602.009 23646.116 61.01807907903353 61.132108542116065 61.132108542116065 3.8136299424395954 3.820756783882254 3.820756783882254
 752 1048576 25182.962 25242.09 25248.051 62.46257598259762 62.47732671898404 62.62401952558241 3.9039109989123513 3.9048329199365024 3.9140012203489007
 824 1048576 26045.799 26060.104 26060.82 66.30847563507211 66.31029745698635 66.34671672003613 4.144279727192007 4.144393591061647 4.146669795002258
 904 1048576 28026.819 28026.819 28027.058 67.64268329554962 67.64326012167133 67.64326012167133 4.227667705971851 4.227703757604458 4.227703757604458
 992 1048576 30960.083 30978.918 30980.11 67.15194955731273 67.15453341527292 67.19538781598227 4.196996847332046 4.197158338454558 4.199711738498892
 1088 524288 16717.911 16724.11 16745.09 68.13046021251603 68.21592826165339 68.24122272214514 4.258153763282252 4.263495516353337 4.265076420134071
 1192 524288 17455.101 17458.916 17668.962 70.74001245800405 71.59107655939233 71.6067235589184 4.421250778625253 4.474442284962021 4.4754202224324
 1304 524288 18846.989 18848.896 18848.896 72.54234433677176 72.54234433677176 72.549684408475 4.533896521048235 4.533896521048235 4.534355275529688
 1432 524288 20323.038 20323.992 20336.151 73.83702215822453 73.88119578082889 73.88466389719883 4.614813884889033 4.617574736301806 4.617791493574927
 1568 524288 22452.831 22454.023 22456.169 73.21672579147405 73.22372333902037 73.22761071866617 4.576045361967128 4.576482708688773 4.576725669916636
 1720 524288 23766.041 23767.948 23910.046 75.43066709281949 75.88163353437159 75.88772231773899 4.714416693301218 4.742602095898224 4.742982644858687
 1888 524288 26225.09 26226.044 26253.939 75.40626524652168 75.48647016683111 75.48921616665567 4.712891577907605 4.7179043854269445 4.718076010415979
 2072 262144 14014.006 14015.198 14026.88 77.44592781858832 77.51048083658897 77.5170737046923 4.84037048866177 4.8444050522868105 4.844817106543268
 2272 262144 15406.847 15407.085 15407.085 77.31393290813935 77.31393290813935 77.31512722882236 4.832120806758709 4.832120806758709 4.832195451801398
 2496 262144 16717.911 16717.911 16717.911 78.27669665187236 78.27669665187236 78.27669665187236 4.892293540742022 4.892293540742022 4.892293540742022
 2744 262144 18028.975 18028.975 18028.975 79.79634294240243 79.79634294240243 79.79634294240243 4.987271433900152 4.987271433900152 4.987271433900152
 3016 262144 19668.102 19669.056 19691.944 80.29946703078173 80.39290792603366 80.39680737876995 5.018716689423858 5.024556745377104 5.024800461173122
 3312 262144 21634.817 21636.963 21749.02 79.84000456112504 80.25349287698093 80.26145337859802 4.990000285070315 5.015843304811308 5.016340836162376
 3640 262144 23359.06 23359.06 23433.924 81.43784711429464 81.6988491831435 81.6988491831435 5.089865444643415 5.106178073946468 5.106178073946468
 4000 262144 25743.961 25746.822 26054.144 80.49207066637844 81.45284882149727 81.46190090949874 5.030754416648652 5.090803051343579 5.091368806843671
 4400 131072 14053.106 14055.967 14055.967 82.06006744324314 82.06006744324314 82.07677363281826 5.128754215202696 5.128754215202696 5.129798352051141
 4840 131072 15283.823 15284.061 15295.982 82.94838213067982 83.01307878841887 83.01437146975597 5.184273883167489 5.188317424276179 5.188398216859748
 5320 131072 16717.911 16719.103 16724.11 83.3889564227932 83.41392956308721 83.41987704085756 5.211809776424575 5.2133705976929505 5.213742315053597
 5848 131072 18275.023 18275.976 18281.937 83.85424979858534 83.8816001947037 83.88597442531261 5.240890612411584 5.242600012168981 5.242873401582038
 6432 131072 20121.098 20128.965 20136.118 83.73561418342902 83.76537035063652 83.79812115621127 5.233475886464314 5.235335646914782 5.237382572263204
 7072 131072 22045.135 22045.851 22047.997 84.08393596933091 84.0921209165389 84.09485212950614 5.255245998083182 5.255757557283681 5.2559282580941336
 7776 131072 24134.874 24142.027 24153.948 84.39331508041666 84.43498733557045 84.46001184841487 5.274582192526041 5.277186708473153 5.278750740525929
 8552 65536 13172.865 13175.011 13175.011 85.07983363353549 85.07983363353549 85.09369404453777 5.317489602095968 5.317489602095968 5.318355877783611
 9400 65536 14443.159 14444.113 15807.152 77.94426219220261 85.2995819127142 85.30521612342564 4.871516387012663 5.331223869544638 5.331576007714102
 10336 65536 15897.989 15898.943 16231.06 83.46714213366226 85.21070815839771 85.21582144760573 5.2166963833538915 5.325669259899857 5.325988840475358
 11368 65536 17400.98 17432.928 17479.897 85.24229267483669 85.47195835375446 85.62888389044755 5.327643292177293 5.341997397109654 5.351805243152972
 12504 65536 19074.202 19081.116 19084.93 85.87531041507619 85.89247547156046 85.92360970068367 5.367206900942262 5.368279716972529 5.370225606292729
 13752 65536 20941.019 20989.895 23694.992 76.07101720059666 85.87475754404679 86.07518784066811 4.754438575037291 5.367172346502924 5.379699240041757
 15120 65536 23062.944 23133.039 24293.9 81.57638913472105 85.67005139272881 85.93042761583257 5.098524320920066 5.3543782120455505 5.370651725989536
 16632 32768 12620.926 12620.926 12881.994 84.61382236321488 86.36408707253335 86.36408707253335 5.28836389770093 5.3977554420333345 5.3977554420333345
 18288 32768 13890.028 13890.982 13892.174 86.2732044674937 86.2806076633027 86.28653361965864 5.392075279218356 5.392537978956419 5.392908351228665
 20112 32768 15254.021 15311.003 15887.976 82.95959359455225 86.08580587437675 86.40738281401343 5.184974599659515 5.380362867148547 5.400461425875839
 22120 32768 16728.163 16729.116 17340.899 83.5975297474485 86.65468755193041 86.65962425162883 5.2248456092155315 5.4159179719956505 5.416226515726802
 24328 32768 18378.973 18378.973 18770.933 84.93769638408492 86.74912401253323 86.74912401253323 5.308606024005307 5.421820250783327 5.421820250783327
 26760 32768 20190.954 20193.815 20194.054 86.84454146750326 86.84556929931269 86.85787506623015 5.427783841718954 5.427848081207043 5.428617191639384
 29432 32768 22189.14 22190.809 22191.048 86.92043530346112 86.92137145608345 86.9279094187517 5.43252720646632 5.432585716005216 5.432994338671981
 32368 32768 24401.903 24414.062 27676.105 76.64623501030944 86.88719017752965 86.93048439705707 4.79038968814434 5.430449386095603 5.433155274816067
 35600 16384 13643.026 13679.981 13970.852 83.49818608056258 85.27356872790979 85.50455009028056 5.218636630035161 5.329598045494362 5.344034380642535
 39160 16384 15240.908 15267.134 15459.061 83.00600405160442 84.04949350677082 84.19412281735445 5.187875253225276 5.253093344173176 5.262132676084653
 43072 16384 16954.184 16955.137 16956.091 83.23753959565326 83.24222305015878 83.24690212162378 5.202346224728329 5.202638940634924 5.202931382601486
 47376 16384 18622.875 18646.002 19505.978 79.58671787695035 83.25735286309633 83.36074682346307 4.974169867309397 5.203584553943521 5.210046676466442
 52112 16384 20459.89 20519.972 20728.111 82.38116903175596 83.21678099755691 83.46115331020842 5.1488230644847475 5.201048812347307 5.216322081888026
 57320 16384 22528.887 22545.099 22721.052 82.66614415564914 83.3113112521706 83.37126285910175 5.166634009728071 5.206956953260662 5.210703928693859
 63048 16384 24754.047 24764.061 24765.015 83.42239501974863 83.42560874809668 83.45935773653497 5.21389968873429 5.214100546756042 5.2162098585334356
 69352 8192 13598.204 13624.191 13628.006 83.37706690179033 83.40041386677564 83.55979716144867 5.2110666813618955 5.212525866673477 5.222487322590542
 76280 8192 14968.157 14979.839 14987.946 83.38510960741384 83.43023713405731 83.4953508304329 5.211569350463365 5.214389820878582 5.218459426902056
 83904 8192 16464.949 16468.048 16480.923 83.41056723582776 83.47577903586388 83.49149068120406 5.213160452239235 5.2172361897414925 5.2182181675752535
 92288 8192 18109.083 18125.772 18156.052 83.28058280511644 83.41970714405984 83.49658522190218 5.205036425319777 5.21373169650374 5.218536576368886
 101512 8192 19917.011 19933.939 19962.072 83.31663206104055 83.43421779308144 83.50513076485223 5.207289503815034 5.21463861206759 5.219070672803264
 111656 8192 21927.118 21939.993 22017.002 83.08905563073483 83.38069679420592 83.42965564375584 5.193065976920927 5.21129354963787 5.21435347773474
 122816 8192 24105.072 24179.935 24390.936 82.49857012457414 83.21847614561413 83.4769273454151 5.156160632785884 5.201154759100883 5.217307959088444
 135096 4096 13260.841 13271.093 13357.162 82.85490825071972 83.39225955239706 83.45673038384217 5.178431765669982 5.2120162220248165 5.216045648990136
 148600 4096 14590.025 14596.939 15064.001 80.81061598442538 83.39633398481696 83.43585429085968 5.050663499026586 5.21227087405106 5.21474089317873
 163456 4096 16041.994 16068.935 17151.833 78.06929743310818 83.33044797306107 83.47039351841174 4.879331089569261 5.208152998316317 5.216899594900734
 179800 4096 17795.086 17942.19 18575.191 79.2950984999293 82.09263194738212 82.7712549408303 4.955943656245581 5.130789496711382 5.173203433801894
 197776 4096 19572.02 20170.927 20433.903 79.28886576392186 80.32258467843349 82.78046885298504 4.955554110245116 5.020161542402093 5.173779303311565
 217552 4096 21982.908 22546.053 23537.874 75.71567355658374 79.04647363332288 81.07143895611992 4.732229597286484 4.94040460208268 5.066964934757495
 239304 4096 25122.881 25560.141 25816.917 75.93386801375237 76.69669615672308 78.03159072400972 4.745866750859523 4.793543509795192 4.876974420250607
 263232 2048 14075.994 14204.025 14220.953 75.81758212687997 75.90793961570752 76.59837536162632 4.738598882929998 4.74424622598172 4.787398460101645
 289552 2048 15810.013 15885.115 16019.821 74.03359825306413 74.66140421394495 75.01606684320879 4.627099890816508 4.666337763371559 4.688504177700549
 318504 2048 17632.961 17894.983 18428.087 70.79369573195525 72.9026892062429 73.98600745501564 4.424605983247203 4.556418075390181 4.624125465938477
 350352 2048 19477.129 19860.983 20169.973 71.14743247301323 72.25431852995393 73.6783019715072 4.446714529563327 4.515894908122121 4.6048938732192
 385384 2048 22138.119 22197.962 22555.113 69.98558881083859 71.11161213808728 71.30383859622401 4.374099300677412 4.444475758630455 4.456489912264001
 423920 2048 24357.796 24507.999 24985.075 69.49654223571471 70.84937126037912 71.28626580171704 4.34353388973217 4.428085703773695 4.455391612607315
 466312 2048 26878.834 27481.079 27498.96 69.45767956315439 69.5028733042105 71.06014911212294 4.341104972697149 4.343929581513156 4.441259319507684
 512936 2048 30208.111 30208.826 30253.172 69.44679572773394 69.54874234437312 69.55038850327317 4.340424732983371 4.34679639652332 4.346899281454573
 564224 1024 16633.034 16634.941 16660.929 69.35572152069071 69.46407276106359 69.47203691160615 4.334732595043169 4.341504547566474 4.342002306975385
 620640 1024 18316.984 18330.097 18396.854 69.09174362094735 69.34337117801395 69.39301360966412 4.31823397630921 4.333960698625872 4.337063350604008
 682704 1024 20122.051 20128.965 20157.099 69.3640385454276 69.46098778551207 69.48485479934426 4.335252409089225 4.341311736594505 4.342803424959016
 750968 1024 22125.959 22135.973 22162.199 69.3966543662928 69.47887332533337 69.51031880697238 4.3372908978933 4.3424295828333355 4.344394925435774
 826064 1024 24345.875 24353.981 24384.975 69.37792931918118 69.46622287337746 69.48935176903686 4.336120582448824 4.341638929586091 4.343084485564804
 908664 1024 26780.128 26791.096 26823.044 69.37854898198728 69.46128191246824 69.48973029553854 4.336159311374205 4.341330119529265 4.3431081434711585
 999528 1024 29450.178 29458.046 29494.047 69.40496650052806 69.48978706870103 69.50835217362693 4.337810406283004 4.343111691793815 4.344272010851683
 1099480 512 16228.199 16228.914 16247.988 69.29273458350659 69.37417500641139 69.37723157079844 4.330795911469162 4.335885937900712 4.336076973174903
 1209424 512 17846.107 17853.975 17874.956 69.28409647553819 69.36551529841394 69.3960971992379 4.330256029721137 4.335344706150871 4.337256074952369
 1330360 512 19629.002 19631.863 19773.96 68.89306137971353 69.39171488717092 69.4018289875359 4.305816336232096 4.3369821804481825 4.337614311720993
 1463392 512 21588.087 21596.193 21625.042 69.2952831259241 69.38785034936481 69.41390443720188 4.330955195370256 4.336740646835301 4.338369027325117
 1609728 512 23738.861 23757.935 23799.896 69.25918802334262 69.3815128292926 69.43726036392394 4.3286992514589135 4.336344551830788 4.339828772745246
 1770696 512 26118.994 26132.107 26171.207 69.2819671633792 69.38562986903429 69.42046481575822 4.3301229477112 4.336601866814643 4.338779050984889
 1947760 512 28721.094 28743.982 28799.057 69.25595654052145 69.38865464082185 69.44395084671913 4.328497283782591 4.336790915051366 4.340246927919946
 2142536 256 15856.028 15887.976 15952.826 68.76389374522107 69.0445675396287 69.18368408532073 4.297743359076317 4.315285471226794 4.323980255332546
 2356784 256 17437.22 17444.849 17477.036 69.04336685007685 69.17075682340386 69.20101988734442 4.315210428129803 4.3231723014627415 4.325063742959026
 2592456 256 19185.066 19191.98 19223.928 69.04611128381254 69.16104914657059 69.18597371518034 4.3153819552382835 4.322565571660662 4.324123357198771
 2851696 256 21104.097 21106.005 21139.86 69.06707764384437 69.17786440399308 69.184118704534 4.316692352740273 4.323616525249568 4.324007419033375
 3136864 256 23207.903 23256.063 23344.994 68.79737763051043 69.06045825555255 69.20376942285566 4.299836101906902 4.316278640972034 4.325235588928479
 3450544 256 25536.06 25542.974 25572.062 69.08627579582748 69.16495033037265 69.18367704336534 4.317892237239217 4.3228093956482905 4.3239798152103335
 3795592 256 28081.894 28095.961 28136.969 69.06725113142073 69.16805956557243 69.20270776607875 4.316703195713796 4.323003722848277 4.325169235379922
 4175144 256 30889.034 30903.101 30937.91 69.09560885011302 69.17343757831941 69.20493946168729 4.318475553132064 4.323339848644963 4.3253087163554556
 4592656 128 17105.103 17111.063 17225.027 68.25649306674528 68.71109854484202 68.73503982992678 4.26603081667158 4.294443659052626 4.2959399893704235
 5051920 128 18803.12 18819.094 18838.882 68.65012053263032 68.72230512265892 68.78068746037891 4.290632533289395 4.295144070166183 4.298792966273682
 5557112 128 20694.971 20698.071 20720.005 68.65928227333923 68.73204135786375 68.74233706343439 4.291205142083702 4.295752584866484 4.296396066464649
 6112816 128 22770.882 22793.055 22794.008 68.65316955227883 68.65604000867809 68.72289338638704 4.290823097017427 4.291002500542381 4.29518083664919
 6724096 128 25044.918 25048.971 25069.952 68.66261953752444 68.72013129800821 68.73125222450318 4.291413721095277 4.295008206125513 4.295703264031449
 7396504 128 27574.062 27590.036 27635.813 68.51634956424115 68.63003092855696 68.66978916635495 4.282271847765072 4.28937693303481 4.291861822897184
 8136152 128 30282.021 30301.809 30334.949 68.66188936068428 68.73698240260177 68.78189906809722 4.291368085042768 4.2960614001626105 4.298868691756076
 8949760 64 16870.975 16881.943 16904.116 67.76865941998977 67.85766780518095 67.90178279560013 4.235541213749361 4.2411042378238095 4.243861424725008
 9844736 64 18557.072 18571.138 18589.02 67.7887380830189 67.85401131583859 67.90544370361876 4.236796130188681 4.240875707239912 4.244090231476172
 10829208 64 20417.929 20424.843 20444.87 67.79884753485838 67.86532577019074 67.88830659563955 4.237427970928649 4.241582860636921 4.243019162227472
 11912128 64 22454.977 22468.09 22492.886 67.78820574647467 67.86301746165338 67.90264732847422 4.236762859154667 4.241438591353337 4.2439154580296385
 13103336 64 24698.019 24724.007 24734.02 67.81053011196724 67.83799276549306 67.90937394614524 4.238158131997952 4.239874547843316 4.244335871634077
 14413664 64 27171.135 27187.824 27206.898 67.8118097844157 67.85938411253508 67.90106456723284 4.238238111525981 4.241211507033443 4.243816535452052
 15855024 64 29901.028 29930.83 29966.116 67.72459507264804 67.80443682985069 67.87201670792054 4.232787192040503 4.237777301865668 4.2420010442450335
 17440520 32 16853.094 16919.851 17010.927 65.61625242410365 65.96945091301336 66.23076332452663 4.101015776506478 4.123090682063335 4.139422707782915
 19184568 32 18965.96 19129.038 19365.072 63.4034488485248 64.18578665586841 64.73768541112604 3.9627155530328 4.011611665991776 4.046105338195377
 21103024 32 23891.211 23970.127 24028.063 56.20900594442424 56.34486358791508 56.5309785259525 3.513062871526515 3.5215539742446924 3.533186157872031
 23213320 32 32335.997 32758.951 32788.038 45.31080755731709 45.351039476203006 45.94422989339095 2.831925472332318 2.834439967262688 2.871514368336934
 25534648 32 38933.992 39138.079 39216.995 41.67115486538425 41.75517842866023 41.97405372662531 2.604447179086516 2.6096986517912644 2.6233783579140817
 28088112 32 43372.869 43432.951 44475.794 40.418371575333765 41.38883328466444 41.446166911393384 2.5261482234583603 2.5868020802915277 2.5903854319620865
 30896920 32 48625.946 48754.93 49190.044 40.19925007588934 40.55800880034081 40.665591986631995 2.5124531297430837 2.5348755500213005 2.5415994991644997
 33986608 16 28748.035 28794.05 28802.872 37.75913235319034 37.770701099706365 37.831158060020456 2.359945772074396 2.360668818731648 2.3644473787512785
 37385264 16 31649.113 31735.897 31840.086 37.573028163303334 37.69638047413628 37.799746488945836 2.3483142602064584 2.3560237796335173 2.3624841555591147
 41123784 16 35005.093 35010.099 35034.895 37.561439473416435 37.58804246740347 37.59341784922554 2.347589967088527 2.349252654212717 2.349588615576596
 45236160 16 38208.961 38524.866 38532.019 37.567642640267565 37.574617910416606 37.88527827281145 2.347977665016723 2.348413619401038 2.3678298920507155
 49759776 16 42204.142 42392.969 42601.824 37.37663514125592 37.5607764580018 37.72882841688856 2.336039696328495 2.3475485286251123 2.358051776055535
 54735752 16 46398.878 46401.024 46452.045 37.70650062876672 37.7479614242996 37.74970730973279 2.35665628929792 2.359247589018725 2.3593567068582995
 60209320 16 51122.904 51235.914 51337.957 37.52970224350766 37.60444753654634 37.687574242652566 2.3456063902192286 2.350277971034146 2.3554733901657854
 66230248 16 56340.933 56493.044 56585.073 37.4545409882214 37.51555564964777 37.616841311449356 2.3409088117638377 2.344722228102986 2.3510525819655848
 72853272 8 34330.13 34390.926 34430.027 33.85569090608032 33.89418336685671 33.95420733915077 2.11598068163002 2.1183864604285443 2.122137958696923
 80138592 8 37523.031 37755.966 37858.963 33.86826712606998 33.960658614853074 34.17147916435641 2.116766695379374 2.122541163428317 2.135717447772276
 88152448 8 41254.997 41634.083 41636.944 33.8747043490992 33.87703214215142 34.18832312604458 2.1171690218187 2.117314508884464 2.1367701953777862
 96967688 8 45528.173 45561.075 45616.15 34.01170436347653 34.05281828841835 34.07742735470628 2.1257315227172833 2.128301143026147 2.1298392096691425
 106664456 8 50154.924 50170.898 50256.968 33.958103003746665 34.01635936434704 34.02719334197376 2.1223814377341665 2.12602246027169 2.12669958387336
 117330896 8 54934.978 55151.939 55208.921 34.003459984302175 34.03859175286657 34.17302426151877 2.125216249018886 2.127411984554161 2.135814016344923
 129063984 8 60638.905 60675.144 60750.008 33.992155918728436 34.034097125504964 34.0544365700535 2.1245097449205272 2.1271310703440602 2.1284022856283435
 141970376 4 39734.125 39921.045 39982.08 28.406801447048277 28.450232402483458 28.58406993988165 1.7754250904405173 1.7781395251552161 1.7865043712426032
 156167408 4 43735.027 43779.85 43843.031 28.49573205830591 28.536855745280082 28.56610249720436 1.7809832536441195 1.7835534840800051 1.7853814060752724
 171784144 4 48185.825 48191.071 48263.788 28.47420828220114 28.517173897214278 28.520278567400272 1.7796380176375712 1.7823233685758924 1.782517410462517
 188962552 4 52874.088 52929.878 52932.024 28.55927851918151 28.560436432519268 28.59057192627133 1.7849549074488444 1.7850272770324542 1.7869107453919582
 207858800 4 58339.119 58347.94 58919.191 28.22289939452835 28.499213511222504 28.50352265347031 1.763931212158022 1.7812008444514065 1.7814701658418943
 228644680 4 64056.158 64115.047 64445.972 28.382804746897133 28.52930046202727 28.55552841617507 1.7739252966810708 1.7830812788767043 1.7847205260109418
 251509144 4 70400.953 70410.013 70621.967 28.490754895003136 28.576520103752856 28.580197657267515 1.780672180937696 1.7860325064845535 1.7862623535792197
 276660056 2 51381.111 51436.901 51563.978 21.46149825756267 21.514519780264365 21.53788040900867 1.341343641097667 1.3446574862665228 1.346117525563042
 304326056 2 56530.952 56589.127 56632.996 21.49461109209197 21.51127413575403 21.53341100641645 1.343413193255748 1.3444546334846268 1.3458381879010282
 334758656 2 62227.011 62305.927 62309.98 21.48989012675016 21.49128804391274 21.51854319340519 1.343118132921885 1.3432055027445462 1.3449089495878244
 368234520 2 68383.932 68430.185 68521.976 21.495849448358 21.524683588097854 21.539242288670973 1.343490590522375 1.345292724256116 1.3462026430419358
 405057968 2 75284.004 75361.013 75411.081 21.48532882057479 21.499603143604237 21.52159537104323 1.3428330512859243 1.3437251964752648 1.3450997106902018
 445563760 2 82772.017 82877.159 82991.123 21.475249105859188 21.50477962209105 21.532096288048653 1.3422030691161992 1.3440487263806906 1.3457560180030408
 490120136 2 91105.938 91145.039 91157.198 21.50659066988873 21.50945970849823 21.51869117466306 1.3441619168680456 1.3443412317811394 1.3449181984164413
 539132144 1 50117.97 50168.991 50206.9 21.47641634914723 21.492644490298797 21.514524391151518 1.3422760218217018 1.3432902806436748 1.3446577744469699
 593045352 1 55096.865 55117.846 55148.84 21.507083449080707 21.51917736407914 21.527371911269363 1.3441927155675442 1.3449485852549463 1.3454607444543352
 652349880 1 60573.816 60644.865 60719.967 21.487161875433827 21.513771363824457 21.53900556636551 1.3429476172146142 1.3446107102390286 1.3461878478978444
 717584864 1 66715.956 66719.055 66724.062 21.50902815239276 21.51064231949928 21.51164150297119 1.3443142595245474 1.344415144968705 1.3444775939356994
 789343344 1 73360.92 73386.908 73467.97 21.48809458053625 21.511829984716073 21.51945051943187 1.3430059112835155 1.3444893740447545 1.344965657464492
 868277672 1 80677.986 80724.955 80749.989 21.505332266980243 21.51200138792273 21.524525215589787 1.3440832666862652 1.3445000867451706 1.3452828259743617
 955105432 1 88720.083 88777.781 88840.008 21.501696217767112 21.516767399266264 21.530760560717688 1.3438560136104445 1.3447979624541415 1.3456725350448555
 1050615968 1 97558.975 97651.005 97759.008 21.49399813876998 21.517770718283955 21.538069009027616 1.3433748836731239 1.3448606698927472 1.346129313064226
 
META_DATA
 FLOPS          1
 ERT_VERSION  1.1.0
 HOSTNAME  ('graoully-1.nancy.grid5000.fr', [], ['172.16.70.1'])
 UNAME  uname_result(system='Linux', node='graoully-1.nancy.grid5000.fr', release='4.19.0-14-amd64', version='#1 SMP Debian 4.19.171-2 (2021-01-30)', machine='x86_64', processor='')
 TIMESTAMP_DATA  1615913701.785356
 CONFIG  {'ERT_RESULTS': ['Results.graoully.01'], 'ERT_DRIVER': ['driver1'], 'ERT_KERNEL': ['kernel1'], 'ERT_OPENMP': ['False'], 'ERT_FLOPS': ['1,2,4,8,16,32'], 'ERT_ALIGN': ['64'], 'ERT_CC': ['g++'], 'ERT_CFLAGS': ['-O3', '-DERT_INTEL'], 'ERT_LD': ['g++'], 'ERT_LDFLAGS': [], 'ERT_LDLIBS': [], 'ERT_PRECISION': ['FP64'], 'ERT_RUN': ['ERT_CODE'], 'ERT_NUM_EXPERIMENTS': ['3'], 'ERT_MEMORY_MAX': ['1073741824'], 'ERT_WORKING_SET_MIN': ['1'], 'ERT_TRIALS_MIN': ['1'], 'ERT_GNUPLOT': ['gnuplo'], 'ERT_MPI': [False], 'ERT_GPU': [False], 'ERT_HIP': [False], 'ERT_OCL': [False], 'ERT_SYCL': [False], 'ERT_WSS_MULT': [1.1]}
 TIMESTAMP_DATA  1615913733.367389
 TIMESTAMP_DATA  1615913765.0346534
 