fp64
 8 134217728 3420334.816 3420696.974 3420697.927 0.627791080600728 0.6277912555021895 0.6278577284171937 1.255582161201456 1.255582511004379 1.2557154568343873
 16 67108864 1711805.105 1711829.901 1714065.79 1.252859522970819 1.2544959325371663 1.2545141042794121 2.505719045941638 2.5089918650743326 2.5090282085588242
 24 33554432 862255.096 862396.002 862938.881 1.8664273582545876 1.8676022758278046 1.8679074713175134 3.732854716509175 3.735204551655609 3.735814942635027
 32 33554432 860218.048 860329.151 860455.99 2.4957507100392204 2.496118660519502 2.4964410511879893 4.991501420078441 4.992237321039004 4.992882102375979
 40 16777216 430289.984 430302.858 430474.997 3.1178983433502414 3.1191456320747935 3.119238954909069 6.235796686700483 6.238291264149587 6.238477909818138
 48 16777216 433979.988 433984.041 434065.104 3.7105326393618596 3.7112257222380207 3.711260381895766 7.421065278723719 7.422451444476041 7.422520763791532
 56 16777216 510910.988 510975.122 511754.036 3.6717799173351313 3.6773770602475637 3.677838676665924 7.343559834670263 7.3547541204951274 7.355677353331848
 64 16777216 430305.004 430315.971 430475.95 4.988626305371996 4.990480931975449 4.990608122233224 9.977252610743992 9.980961863950897 9.981216244466449
 72 8388608 217106.104 217142.105 217165.947 5.562380146091689 5.562990890228313 5.5639133573139885 11.124760292183378 11.125981780456627 11.127826714627977
 80 8388608 255856.991 255914.211 256058.931 5.24167337088508 5.244637547697576 5.245810461360424 10.48334674177016 10.489275095395152 10.491620922720848
 88 8388608 317882.061 317936.897 317962.885 4.643293534086532 4.643673074534661 4.644474127780366 9.286587068173064 9.287346149069322 9.288948255560731
 96 8388608 217089.891 217140.913 217244.148 7.41383715431543 7.417361904525104 7.419105185326202 14.82767430863086 14.834723809050208 14.838210370652403
 104 8388608 255019.903 255030.155 255147.934 6.838505163047881 6.841663347614717 6.841938387844184 13.677010326095761 13.683326695229434 13.683876775688368
 112 8388608 318506.956 318506.956 318512.917 5.899441095508224 5.899551506184373 5.899551506184373 11.798882191016448 11.799103012368747 11.799103012368747
 120 8388608 381289.005 381342.888 381510.973 5.27708522816197 5.279411215871423 5.280157291711046 10.55417045632394 10.558822431742845 10.560314583422093
 128 8388608 252593.994 252632.856 252655.029 8.49966714100118 8.500413137078258 8.501720939572301 16.99933428200236 17.000826274156516 17.003441879144603
 136 4194304 158668.995 158682.108 158684.969 7.189406124533446 7.189535747785754 7.190129917946477 14.378812249066891 14.379071495571509 14.380259835892954
 144 4194304 190543.89 190558.91 190668.106 6.33540437014673 6.339034747837296 6.339534434822339 12.67080874029346 12.678069495674592 12.679068869644677
 152 4194304 221731.901 221801.996 221833.944 5.747850815833668 5.748678726948878 5.7504960280839335 11.495701631667336 11.497357453897756 11.500992056167867
 160 4194304 157639.027 157640.934 157648.087 8.513755577636664 8.514141891597774 8.51424488936994 17.027511155273327 17.028283783195548 17.02848977873988
 176 4194304 221807.003 221831.083 222029.924 6.649531655021419 6.655492043917037 6.656214583089605 13.299063310042838 13.310984087834074 13.31242916617921
 192 4194304 188869.953 188961.029 189141.989 8.515363217418635 8.52351802127411 8.52762819292913 17.03072643483727 17.04703604254822 17.05525638585826
 208 4194304 253030.062 253067.97 253216.982 6.890653423868705 6.894710792519497 6.895743731825826 13.78130684773741 13.789421585038994 13.791487463651652
 224 4194304 220236.063 220237.017 220241.07 8.531779254432427 8.531936263920612 8.531973221842419 17.063558508864855 17.063872527841223 17.063946443684838
 240 4194304 284392.118 284434.08 284642.935 7.072952363985426 7.078145909941592 7.079190288951677 14.145904727970851 14.156291819883185 14.158380577903355
 264 2097152 141964.197 141970.158 141974.926 7.7992381274423055 7.799500061132566 7.799827557929976 15.598476254884611 15.599000122265132 15.599655115859951
 288 2097152 141520.023 141613.96 141771.793 8.520450552529867 8.529946849872712 8.535608788022879 17.040901105059735 17.059893699745423 17.071217576045758
 312 2097152 189128.16 189132.929 189134.121 6.91902043418173 6.919064040931762 6.919238510013527 13.83804086836346 13.838128081863523 13.838477020027055
 336 2097152 189110.041 189127.922 189189.196 7.449083635832989 7.451497003176506 7.452201567657636 14.898167271665978 14.902994006353012 14.904403135315272
 368 2097152 204807.043 204807.997 204910.994 7.532557633291262 7.536345721890928 7.536380826512886 15.065115266582524 15.072691443781856 15.072761653025772
 400 2097152 220482.111 220504.045 220529.079 7.60771145287375 7.608575162419355 7.609332078646507 15.2154229057475 15.21715032483871 15.218664157293015
 440 2097152 251710.176 251714.945 251720.905 7.331507726781771 7.3316813191207215 7.331820228038774 14.663015453563542 14.663362638241443 14.663640456077548
 480 2097152 235283.136 235285.997 235311.031 8.555765156627952 8.556675474401478 8.556779522013851 17.111530313255905 17.113350948802957 17.113559044027703
 528 1048576 141513.824 141528.13 141528.845 7.823820338532402 7.823859864466519 7.824650798779913 15.647640677064803 15.647719728933039 15.649301597559827
 576 1048576 141098.022 141100.883 141107.082 8.560587710261062 8.560963803465354 8.561137391422822 17.121175420522125 17.121927606930708 17.122274782845643
 632 1048576 172853.947 172858.953 172930.002 7.664373149084912 7.667523382488612 7.667745440605994 15.328746298169824 15.335046764977225 15.335490881211989
 688 1048576 180629.969 180630.922 180689.096 7.9852111053784895 7.987782822699648 7.987824966077473 15.970422210756979 15.975565645399296 15.975649932154946
 752 1048576 196292.162 196326.971 196477.89 8.02664515584934 8.032815338448836 8.03423981850075 16.05329031169868 16.065630676897673 16.0684796370015
 824 1048576 219754.934 219785.929 219835.043 7.86068146560237 7.862438036240254 7.863546981839324 15.72136293120474 15.724876072480509 15.727093963678648
 904 1048576 227470.875 227477.074 227493.048 8.333553155435325 8.334138358048337 8.334365478657434 16.66710631087065 16.668276716096674 16.668730957314867
 992 1048576 242832.899 242862.94 242908.955 8.564421941545959 8.56604463406397 8.567104344457048 17.128843883091918 17.13208926812794 17.134208688914097
 1088 524288 133780.003 133784.056 135164.976 8.440431254913255 8.527553447774075 8.527811798598927 16.88086250982651 17.05510689554815 17.055623597197854
 1192 524288 149873.018 149881.84 150069.952 8.328799838624592 8.33925305427262 8.339743929090691 16.657599677249184 16.67850610854524 16.679487858181382
 1304 524288 169714.928 169816.017 169926.167 8.046689501329128 8.051908931535003 8.056704970584555 16.093379002658256 16.103817863070006 16.11340994116911
 1432 524288 185298.204 185298.92 185405.016 8.09881450025063 8.10345161213028 8.103482924205785 16.19762900050126 16.20690322426056 16.20696584841157
 1568 524288 193588.972 193595.171 193679.094 8.489130829990355 8.492810845989542 8.493082798125505 16.97826165998071 16.985621691979084 16.98616559625101
 1720 524288 220511.913 220520.02 220844.984 8.166591277436485 8.1786257773784 8.178926460086535 16.33318255487297 16.3572515547568 16.35785292017307
 1888 524288 232671.976 232758.999 232800.007 8.503915070758568 8.505413309497863 8.508594468635104 17.007830141517136 17.010826618995726 17.01718893727021
 2072 262144 131762.981 131766.081 131824.97 8.240659838572311 8.244342760713964 8.24453672613858 16.481319677144622 16.48868552142793 16.48907345227716
 2272 262144 139783.144 139827.967 139899.969 8.514528948894906 8.518913358727442 8.52164504183709 17.029057897789812 17.037826717454884 17.04329008367418
 2496 262144 153447.866 153451.92 153795.004 8.508877492535454 8.527901429972331 8.528126731980748 17.01775498507091 17.055802859944663 17.056253463961497
 2744 262144 172776.937 172783.136 172924.995 8.319481356642514 8.326311845619006 8.326610582290852 16.63896271328503 16.652623691238013 16.653221164581705
 3016 262144 186307.192 186328.173 186358.929 8.484984414135583 8.486384976253698 8.487340671207154 16.969968828271167 16.972769952507395 16.974681342414307
 3312 262144 205873.013 205886.841 205913.067 8.432888117780305 8.433962304565156 8.43452879372781 16.86577623556061 16.867924609130313 16.86905758745562
 3640 262144 227488.995 227643.013 227680.922 8.381942163779538 8.383337994212894 8.389013807019543 16.763884327559076 16.76667598842579 16.778027614039086
 4000 262144 245287.895 245287.895 245467.186 8.543512614350009 8.54975741872627 8.54975741872627 17.087025228700018 17.09951483745254 17.09951483745254
 4400 131072 136156.082 136160.851 136179.924 8.469923951492293 8.471110392810338 8.471407101740782 16.939847902984585 16.942220785620677 16.942814203481564
 4840 131072 148864.985 148874.044 149075.031 8.51099578171478 8.522486028524893 8.523004654183792 17.02199156342956 17.044972057049787 17.046009308367584
 5320 131072 163477.898 163513.899 163703.918 8.51907576213295 8.528975753920465 8.530853999603053 17.0381515242659 17.05795150784093 17.061707999206106
 5848 131072 181133.032 181139.946 181147.099 8.46283556547599 8.463169752739134 8.463492799038443 16.92567113095198 16.926339505478268 16.926985598076886
 6432 131072 196889.162 196891.069 196902.99 8.563151874941056 8.563670340984334 8.563753285719201 17.126303749882112 17.12734068196867 17.127506571438403
 7072 131072 216420.889 216428.041 216557.98 8.560674457713358 8.565814112784027 8.566097184823965 17.121348915426715 17.131628225568054 17.13219436964793
 7776 131072 237970.829 237990.856 238218.069 8.556998856371386 8.565168335711183 8.565889157784126 17.113997712742773 17.130336671422366 17.13177831556825
 8552 65536 131079.912 131097.078 131158.113 8.546385110008405 8.550364059220298 8.551483800202734 17.09277022001681 17.100728118440596 17.102967600405467
 9400 65536 144790.888 144793.034 144793.987 8.509171033462875 8.509227039195821 8.50935315763793 17.01834206692575 17.018454078391642 17.01870631527586
 10336 65536 158031.94 158034.086 158071.041 8.57057803522658 8.572582195970051 8.5726986076359 17.14115607045316 17.145164391940103 17.1453972152718
 11368 65536 174058.914 174064.875 174072.981 8.559780429106342 8.560179048185338 8.560472208852229 17.119560858212683 17.120358096370676 17.120944417704457
 12504 65536 192171.097 192188.978 192269.802 8.524085794814518 8.527670551429853 8.528464028073898 17.048171589629035 17.055341102859707 17.056928056147797
 13752 65536 211266.041 211269.14 211390.972 8.526864354453132 8.53178151811476 8.531906668331992 17.053728708906263 17.06356303622952 17.063813336663983
 15120 65536 231755.018 231760.025 231771.946 8.550683869220306 8.551123689255729 8.551308433804872 17.10136773844061 17.102247378511457 17.102616867609743
 16632 32768 127590.895 127592.087 127649.069 8.538994922085957 8.542808395320002 8.542888205306499 17.077989844171913 17.085616790640003 17.085776410612997
 18288 32768 140025.854 140038.967 140072.107 8.556467048789377 8.558491923180208 8.559293400203078 17.112934097578755 17.116983846360416 17.118586800406156
 20112 32768 153957.844 153971.195 154001.951 8.558722947607333 8.560432566623906 8.561174914868253 17.117445895214665 17.12086513324781 17.122349829736507
 22120 32768 169090.986 169102.907 169127.941 8.571359122736556 8.572628027027354 8.573232401637306 17.142718245473112 17.14525605405471 17.14646480327461
 24328 32768 185940.027 185945.988 186039.925 8.569987372334191 8.574316795692306 8.574591677347664 17.139974744668383 17.148633591384613 17.149183354695328
 26760 32768 204562.902 204585.075 204590.082 8.571986202146398 8.572195992302957 8.573125150522161 17.143972404292796 17.144391984605914 17.146250301044322
 29432 32768 225389.957 225439.072 225489.14 8.554095119614185 8.555994907573076 8.557859354842504 17.10819023922837 17.111989815146153 17.11571870968501
 32368 32768 247553.825 247713.089 247762.918 8.561689800569752 8.563412036737388 8.568921316404625 17.123379601139504 17.126824073474776 17.13784263280925
 35600 16384 136126.041 136126.041 136136.055 8.568933483491938 8.569563850020437 8.569563850020437 17.137866966983875 17.139127700040873 17.139127700040873
 39160 16384 149774.075 149833.202 149834.156 8.5641012320315 8.564155760350099 8.567536671483365 17.128202464063 17.128311520700198 17.13507334296673
 43072 16384 164472.818 164483.07 164592.028 8.575040438775078 8.5807207757005 8.581255633377669 17.150080877550156 17.161441551401 17.162511266755338
 47376 16384 181030.035 181046.009 181066.036 8.573760172227994 8.574708586920577 8.575465214929666 17.147520344455987 17.149417173841154 17.150930429859333
 52112 16384 199100.971 199117.899 199119.091 8.575802588411776 8.575853926622639 8.57658306447938 17.15160517682355 17.151707853245277 17.15316612895876
 57320 16384 218950.987 218957.186 219009.876 8.576150967730788 8.578214738291347 8.578457607044266 17.152301935461576 17.156429476582694 17.15691521408853
 63048 16384 240732.193 240763.187 240797.997 8.579626449301403 8.580866908029423 8.58197168502511 17.159252898602805 17.161733816058845 17.16394337005022
 69352 8192 132391.214 132398.844 132413.149 8.581195875041079 8.582123028204082 8.5826176350343 17.162391750082158 17.164246056408164 17.1652352700686
 76280 8192 145714.998 145717.144 145717.859 8.576653051154148 8.576695134787983 8.576821447027712 17.153306102308296 17.153390269575965 17.153642894055423
 83904 8192 160170.794 160172.939 160239.22 8.578943007835411 8.58249305146358 8.5826079878208 17.157886015670822 17.16498610292716 17.1652159756416
 92288 8192 176116.228 176136.017 176239.014 8.57952253409679 8.584539481212408 8.58550406837012 17.15904506819358 17.169078962424816 17.17100813674024
 101512 8192 193761.11 193763.018 193883.896 8.578188505145368 8.583539961170505 8.583624484810187 17.156377010290736 17.16707992234101 17.167248969620374
 111656 8192 213157.892 213165.045 213171.005 8.581710744385711 8.581950685207323 8.582238672167016 17.163421488771423 17.163901370414646 17.16447734433403
 122816 8192 234370.947 234432.936 234621.048 8.576457061942714 8.583338921285362 8.585609136955018 17.152914123885427 17.166677842570724 17.171218273910036
 135096 4096 128952.98 128959.179 129065.99 8.574733219804846 8.58183527982913 8.582247823974289 17.149466439609693 17.16367055965826 17.164495647948577
 148600 4096 141842.127 141880.035 141994.953 8.57305963543648 8.580003521989545 8.582296569763086 17.14611927087296 17.16000704397909 17.164593139526172
 163456 4096 155940.056 155950.069 156147.003 8.575454707894714 8.5862838060046 8.586835136188483 17.150909415789428 17.1725676120092 17.173670272376967
 179800 4096 171605.11 171606.064 171615.839 8.582667011289091 8.583155895936171 8.583203612060272 17.165334022578183 17.166311791872342 17.166407224120544
 197776 4096 188730.955 188735.008 188827.038 8.580238344892113 8.584422196861327 8.584606547452697 17.160476689784225 17.168844393722654 17.169213094905395
 217552 4096 207597.017 207653.046 207766.056 8.577849617552541 8.582517898629813 8.584834260889211 17.155699235105082 17.165035797259627 17.169668521778423
 239304 4096 228327.036 228353.977 228376.15 8.583989037384157 8.584822536285408 8.585835485553275 17.167978074768314 17.169645072570816 17.17167097110655
 263232 2048 125594.854 125605.106 125649.929 8.580970005959973 8.584032180984746 8.584732874485447 17.161940011919945 17.168064361969492 17.169465748970893
 289552 2048 138138.056 138148.069 138242.96 8.579134821765969 8.585027648848282 8.585649938493415 17.158269643531938 17.170055297696564 17.17129987698683
 318504 2048 151962.996 151973.963 152054.071 8.579792539720954 8.584315090868559 8.584934611318138 17.159585079441907 17.168630181737118 17.169869222636276
 350352 2048 167143.106 167165.995 167273.998 8.578989018962769 8.584531752405747 8.58570733991266 17.157978037925538 17.169063504811493 17.17141467982532
 385384 2048 183825.97 183836.937 183900.833 8.58360910197726 8.586592497458767 8.587104770887377 17.16721820395452 17.173184994917534 17.174209541774754
 423920 2048 202218.056 202258.825 202349.901 8.58105841129124 8.584922413150576 8.586653211620233 17.16211682258248 17.16984482630115 17.173306423240465
 466312 2048 222419.024 222470.999 222764.015 8.574158407047923 8.58545140978128 8.587457662794169 17.148316814095846 17.17090281956256 17.174915325588337
 512936 2048 244656.086 244769.096 244866.133 8.580140627287154 8.58354216416275 8.587507019956167 17.160281254574308 17.1670843283255 17.175014039912334
 564224 1024 134513.14 134515.047 134523.869 8.589782323313939 8.590345673372884 8.590467459164213 17.179564646627878 17.180691346745768 17.180934918328425
 620640 1024 147993.088 148002.148 148006.201 8.587955851930825 8.588191030849092 8.588716791962609 17.17591170386165 17.176382061698185 17.177433583925218
 682704 1024 162768.841 162782.907 162823.915 8.587054254284451 8.589217490752883 8.589959745428182 17.174108508568903 17.178434981505767 17.179919490856363
 750968 1024 179055.929 179093.122 179139.137 8.58540735294488 8.58761323061865 8.589397025775114 17.17081470588976 17.1752264612373 17.178794051550227
 826064 1024 196985.006 196997.166 196997.881 8.587803398758387 8.5878345681379 8.588364700204645 17.175606797516775 17.1756691362758 17.17672940040929
 908664 1024 216639.042 216653.824 216688.156 8.588119933975534 8.589480848489432 8.590066937242089 17.176239867951068 17.178961696978863 17.180133874484177
 999528 1024 238291.979 238373.041 238463.163 8.5842748969995 8.58752036477145 8.590441661487901 17.168549793999 17.1750407295429 17.180883322975802
 1099480 512 130988.121 130998.85 131038.904 8.59185696485984 8.594483997378601 8.5951879560132 17.18371392971968 17.188967994757203 17.1903759120264
 1209424 512 144079.924 144080.877 144083.023 8.59539278267364 8.595520805998426 8.595577660077055 17.19078556534728 17.19104161199685 17.19115532015411
 1330360 512 158493.042 158493.042 158499.002 8.59493512773033 8.595258333170236 8.595258333170236 17.18987025546066 17.19051666634047 17.19051666634047
 1463392 512 174358.845 174359.083 174365.044 8.594115962830257 8.594409779042023 8.594421510420077 17.188231925660514 17.188819558084045 17.188843020840153
 1609728 512 191756.964 191761.971 191879.034 8.590628364326662 8.595872598743783 8.596097047093423 17.181256728653324 17.191745197487567 17.192194094186846
 1770696 512 210939.884 210966.825 211091.995 8.58958533221499 8.594681670921481 8.595779373804909 17.17917066442998 17.189363341842963 17.191558747609818
 1947760 512 232028.961 232030.869 232043.028 8.595415501990432 8.595865923339709 8.595936608102985 17.190831003980865 17.191731846679417 17.19187321620597
 2142536 256 127456.903 127458.811 127461.91 8.606323504802337 8.606532756687962 8.606661594468523 17.212647009604673 17.213065513375923 17.213323188937046
 2356784 256 140206.099 140207.052 140369.892 8.596383389680174 8.606367445768704 8.60642594442343 17.192766779360348 17.21273489153741 17.21285188884686
 2592456 256 154217.005 154232.979 154437.78 8.594642269527572 8.606054817886907 8.606946244352235 17.189284539055144 17.212109635773814 17.21389248870447
 2851696 256 169646.978 169651.985 169660.807 8.605808128685844 8.606255635617822 8.606509642629767 17.211616257371688 17.212511271235645 17.213019285259534
 3136864 256 186608.076 186619.997 186743.021 8.600451890515362 8.60612149725841 8.606671278257004 17.200903781030725 17.21224299451682 17.213342556514007
 3450544 256 205322.027 205414.057 205553.055 8.594756852434035 8.600572686220787 8.604427658411925 17.18951370486807 17.201145372441573 17.20885531682385
 3795592 256 225793.123 225794.792 225867.987 8.603889067289558 8.606678155800866 8.606741773973338 17.207778134579115 17.213356311601732 17.213483547946677
 4175144 256 248382.092 248384.953 248412.132 8.605351561492979 8.606293183951445 8.606392315916239 17.210703122985958 17.21258636790289 17.212784631832477
 4592656 128 136271.0 136271.954 136273.146 8.627671485620503 8.627746953712867 8.627807354462798 17.255342971241006 17.255493907425734 17.255614708925595
 5051920 128 149897.099 149902.105 150027.037 8.62038967016325 8.627574109116079 8.627862237680798 17.2407793403265 17.255148218232158 17.255724475361596
 5557112 128 164877.176 164944.172 164944.887 8.6248243148028 8.624861701691406 8.628366317967503 17.2496486296056 17.249723403382813 17.256732635935006
 6112816 128 181370.974 181377.888 181392.908 8.627023587934321 8.627737996375831 8.628066892335264 17.254047175868642 17.255475992751663 17.256133784670528
 6724096 128 199509.144 199512.005 199681.044 8.620590825837228 8.62789472743758 8.628018453129146 17.241181651674456 17.25578945487516 17.25603690625829
 7396504 128 219458.818 219491.005 219624.043 8.62157438746358 8.626800100532593 8.628065353017622 17.24314877492716 17.253600201065186 17.256130706035243
 8136152 128 241426.229 241437.197 241536.14 8.623367550711045 8.62690147947667 8.627293399840164 17.24673510142209 17.25380295895334 17.25458679968033
 8949760 64 132110.834 132122.993 132134.914 8.669694067383281 8.670476303848188 8.671274302908419 17.339388134766562 17.340952607696376 17.342548605816837
 9844736 64 145334.959 145335.197 146038.055 8.628752334451455 8.670481989300912 8.670496188050667 17.25750466890291 17.340963978601824 17.340992376101333
 10829208 64 159924.984 159934.998 159998.894 8.663426285934202 8.66688743135508 8.667430124613926 17.326852571868404 17.33377486271016 17.33486024922785
 11912128 64 175833.941 175855.16 175861.12 8.670207400021107 8.670501246594071 8.671547571125645 17.340414800042215 17.341002493188142 17.34309514225129
 13103336 64 193418.026 193467.14 193557.978 8.665243485856212 8.669312049581134 8.671513419333522 17.330486971712425 17.338624099162267 17.343026838667043
 14413664 64 212762.117 212785.959 212957.144 8.663475464340374 8.670445177259088 8.671416782340062 17.32695092868075 17.340890354518177 17.342833564680124
 15855024 64 234078.169 234081.984 234105.825 8.668913180609666 8.669796100156088 8.669937400270761 17.33782636121933 17.339592200312175 17.339874800541523
 17440520 32 127428.055 127496.004 127514.124 8.753487417597755 8.754731481623535 8.759399804069835 17.50697483519551 17.50946296324707 17.51879960813967
 19184568 32 140204.191 140229.94 140397.072 8.745284602516497 8.755707604239152 8.757315621185676 17.490569205032994 17.511415208478304 17.51463124237135
 21103024 32 154546.022 154644.966 154711.962 8.729729224169493 8.733511157421058 8.739102556777553 17.459458448338985 17.467022314842115 17.478205113555106
 23213320 32 170424.938 170475.006 170625.925 8.707073558722099 8.714781802090096 8.717342059411516 17.414147117444198 17.429563604180192 17.434684118823032
 25534648 32 187566.042 187587.976 187827.11 8.70064748374183 8.71173892296807 8.712757674974023 17.40129496748366 17.42347784593614 17.425515349948046
 28088112 32 206407.07 206434.011 206670.046 8.698111810552362 8.708057162150475 8.70919376938009 17.396223621104724 17.41611432430095 17.41838753876018
 30896920 32 227169.037 227216.959 227334.976 8.698190286390425 8.70270814600595 8.704544008785845 17.39638057278085 17.4054162920119 17.40908801757169
 33986608 16 122632.98 122638.941 122822.046 8.854855389723763 8.868076054244467 8.868507117742714 17.709710779447526 17.736152108488934 17.73701423548543
 37385264 16 134865.999 134875.059 135099.888 8.855140190789795 8.869901202415784 8.870497062791934 17.71028038157959 17.73980240483157 17.740994125583867
 41123784 16 148368.835 148469.925 148571.014 8.857455115706486 8.863485908004602 8.869524978072382 17.714910231412972 17.726971816009204 17.739049956144765
 45236160 16 163183.928 163212.061 163547.039 8.851013927558787 8.869179833468312 8.870708885007351 17.702027855117574 17.738359666936624 17.741417770014703
 49759776 16 179512.024 179608.822 179796.219 8.856208661429081 8.865448892037165 8.870229394773022 17.712417322858162 17.73089778407433 17.740458789546043
 54735752 16 197463.036 197503.805 197716.951 8.858846220018838 8.868406682088985 8.870237688435015 17.717692440037677 17.73681336417797 17.74047537687003
 60209320 16 217206.001 217254.162 217576.981 8.855248524658958 8.868406580859887 8.870372969115158 17.710497049317915 17.736813161719773 17.740745938230315
 66230248 16 238924.026 238946.915 239437.103 8.851459984461973 8.869618325057681 8.870468037400308 17.702919968923947 17.739236650115362 17.740936074800615
 72853272 8 126559.019 126600.027 126768.827 9.1951024521194 9.207362586107505 9.210345980952965 18.3902049042388 18.41472517221501 18.42069196190593
 80138592 8 139170.885 139173.031 139437.914 9.195615706069727 9.213117389101054 9.2132594543751 18.391231412139454 18.426234778202108 18.4265189087502
 88152448 8 153111.935 153159.142 153342.962 9.197938722482744 9.208977992315992 9.211817276034033 18.39587744496549 18.417955984631984 18.423634552068066
 96967688 8 168450.117 168458.939 168697.119 9.196855389095292 9.209858599429976 9.210340934343192 18.393710778190584 18.419717198859953 18.420681868686383
 106664456 8 185288.906 185398.102 185545.921 9.197891749935048 9.205225283266385 9.210650183233314 18.395783499870095 18.41045056653277 18.421300366466628
 117330896 8 203836.918 203963.041 204144.001 9.195931924543794 9.204090735242568 9.209785717030906 18.39186384908759 18.408181470485136 18.41957143406181
 129063984 8 224143.982 224205.017 224512.1 9.19782828631508 9.210426116379011 9.212934139806617 18.39565657263016 18.420852232758023 18.425868279613233
 141970376 4 113795.042 113835.096 114001.989 9.962659581316604 9.977265781020645 9.980777615952723 19.92531916263321 19.95453156204129 19.961555231905447
 156167408 4 125185.013 125253.916 125420.094 9.961236865282528 9.97445272689119 9.979942758802924 19.922473730565056 19.94890545378238 19.959885517605848
 171784144 4 137709.856 137900.114 137936.115 9.96311337317279 9.96571440107729 9.979482891914433 19.92622674634558 19.93142880215458 19.958965783828866
 188962552 4 151487.827 151549.101 151742.935 9.96224579417816 9.9749876840246 9.979022380458334 19.92449158835632 19.9499753680492 19.958044760916668
 207858800 4 166631.937 166764.021 166979.074 9.958555645122335 9.97139784726107 9.979301866964434 19.91711129024467 19.94279569452214 19.958603733928868
 228644680 4 183304.071 183550.835 184401.989 9.919401899726797 9.965399721553977 9.978815145900388 19.838803799453594 19.930799443107954 19.957630291800776
 251509144 4 201602.936 201725.006 201983.929 9.961550713274818 9.974336805819702 9.980376238171454 19.923101426549636 19.948673611639403 19.960752476342908
 276660056 2 92549.086 92550.993 92730.999 11.933875790554138 11.957086446387452 11.957332825523528 23.867751581108276 23.914172892774904 23.914665651047056
 304326056 2 101691.008 101814.985 102116.108 11.920785543452165 11.956041873403999 11.970618129776037 23.84157108690433 23.912083746807998 23.941236259552074
 334758656 2 111852.884 111971.855 112131.119 11.941686089835596 11.958671435781786 11.971391135520475 23.88337217967119 23.917342871563573 23.94278227104095
 368234520 2 123020.887 123188.972 123277.903 11.948111090111583 11.956736516966796 11.97307315789391 23.896222180223166 23.91347303393359 23.94614631578782
 405057968 2 135329.008 135493.04 135575.056 11.950811010544594 11.958045018400943 11.972539339089813 23.90162202108919 23.916090036801886 23.945078678179627
 445563760 2 148832.083 149010.181 149147.987 11.949574887658391 11.960625965550634 11.974938494948027 23.899149775316783 23.921251931101267 23.949876989896055
 490120136 2 163782.12 163944.96 164038.181 11.95136724906746 11.958162934682468 11.970052310960439 23.90273449813492 23.916325869364936 23.940104621920877
 539132144 1 90209.007 90309.143 90401.888 11.927453196552708 11.939702362140675 11.952955961481763 23.854906393105416 23.87940472428135 23.905911922963526
 593045352 1 99304.914 99356.89 99414.825 11.930722646245165 11.937679450312906 11.943927608657914 23.86144529249033 23.875358900625812 23.887855217315828
 652349880 1 109200.001 109256.029 109412.909 11.924550511676827 11.94167289385925 11.947799890587913 23.849101023353654 23.8833457877185 23.895599781175825
 717584864 1 119967.937 120306.015 120455.98 11.914474715161507 11.929326459695302 11.962944132314286 23.828949430323014 23.858652919390604 23.925888264628572
 789343344 1 132041.931 132205.963 132338.047 11.929197413650815 11.941115606109236 11.955949720244547 23.85839482730163 23.88223121221847 23.911899440489094
 868277672 1 145213.842 145385.981 145525.932 11.932961501321977 11.944448371538655 11.958607527235591 23.865923002643953 23.88889674307731 23.917215054471182
 955105432 1 159730.911 159894.943 160012.96 11.93785093407434 11.946662153036321 11.958930504065052 23.87570186814868 23.893324306072643 23.917861008130103
 1050615968 1 175935.03 175965.071 176053.047 11.935220502034253 11.941187669000515 11.943226633149749 23.870441004068507 23.88237533800103 23.886453266299497
 
META_DATA
 FLOPS          32
 ERT_VERSION  1.1.0
 HOSTNAME  ('graoully-1.nancy.grid5000.fr', [], ['172.16.70.1'])
 UNAME  uname_result(system='Linux', node='graoully-1.nancy.grid5000.fr', release='4.19.0-14-amd64', version='#1 SMP Debian 4.19.171-2 (2021-01-30)', machine='x86_64', processor='')
 TIMESTAMP_DATA  1615913246.2848604
 CONFIG  {'ERT_RESULTS': ['Results.graoully.01'], 'ERT_DRIVER': ['driver1'], 'ERT_KERNEL': ['kernel1'], 'ERT_OPENMP': ['False'], 'ERT_FLOPS': ['1,2,4,8,16,32'], 'ERT_ALIGN': ['64'], 'ERT_CC': ['g++'], 'ERT_CFLAGS': ['-O3', '-march=native', '-DERT_INTEL', '-fpermissive'], 'ERT_LD': ['g++'], 'ERT_LDFLAGS': [], 'ERT_LDLIBS': [], 'ERT_PRECISION': ['FP64'], 'ERT_RUN': ['ERT_CODE'], 'ERT_NUM_EXPERIMENTS': ['3'], 'ERT_MEMORY_MAX': ['1073741824'], 'ERT_WORKING_SET_MIN': ['1'], 'ERT_TRIALS_MIN': ['1'], 'ERT_GNUPLOT': ['gnuplo'], 'ERT_MPI': [False], 'ERT_GPU': [False], 'ERT_HIP': [False], 'ERT_OCL': [False], 'ERT_SYCL': [False], 'ERT_WSS_MULT': [1.1]}
 TIMESTAMP_DATA  1615913347.4578297
 TIMESTAMP_DATA  1615913448.6600544
 