fp64
 8 134217728 2622974.157 2623121.023 2623125.076 0.8186737520250826 0.8186750169627992 0.8187208563488717 0.8186737520250826 0.8186750169627992 0.8187208563488717
 16 67108864 1311455.011 1311522.007 1311846.972 1.6369924951886843 1.6373981042927328 1.6374817511753748 1.6369924951886843 1.6373981042927328 1.6374817511753748
 24 33554432 655759.096 655781.984 655797.958 2.455958754296701 2.4560185782718906 2.4561043008391605 2.455958754296701 2.4560185782718906 2.4561043008391605
 32 33554432 655849.934 655881.166 655956.03 3.2738225578930953 3.274196240603744 3.2743521599561527 3.2738225578930953 3.274196240603744 3.2743521599561527
 40 16777216 329395.056 329397.917 329445.124 4.07405416630176 4.074638031180992 4.074673421935028 4.07405416630176 4.074638031180992 4.074673421935028
 48 16777216 330410.957 330417.871 330502.033 4.873230949232921 4.874472228531489 4.874574229086477 4.873230949232921 4.874472228531489 4.874574229086477
 56 16777216 376340.151 376600.981 376975.06 4.984542457530215 4.989493620039189 4.992951687474877 4.984542457530215 4.989493620039189 4.992951687474877
 64 16777216 375884.056 375927.925 375982.046 5.711665412874529 5.712487700933631 5.713154398866017 5.711665412874529 5.712487700933631 5.713154398866017
 72 8388608 234179.02 234812.021 235010.862 5.140015834672356 5.144368447814688 5.158274007637405 5.140015834672356 5.144368447814688 5.158274007637405
 80 8388608 234276.056 234302.044 234313.965 5.728114754065128 5.7284061935029476 5.729041639662911 5.728114754065128 5.7284061935029476 5.729041639662911
 88 8388608 279909.134 280158.997 280789.137 5.258020391294554 5.269846850572499 5.274551019117511 5.258020391294554 5.269846850572499 5.274551019117511
 96 8388608 280346.87 280354.977 280376.911 5.744455669532646 5.744905095799315 5.745071225514307 5.744455669532646 5.744905095799315 5.745071225514307
 104 8388608 324563.98 326370.001 326906.204 5.337403948442654 5.346172928436521 5.375921456225673 5.337403948442654 5.346172928436521 5.375921456225673
 112 8388608 326484.919 326508.045 326574.087 5.7538190162650595 5.75498282745223 5.755390471803079 5.7538190162650595 5.75498282745223 5.755390471803079
 120 8388608 371526.003 372209.072 373716.116 5.387153065670842 5.408965206522424 5.418909857569242 5.387153065670842 5.408965206522424 5.418909857569242
 128 8388608 372717.142 372734.07 372836.828 5.759848509385989 5.761436425706939 5.7616980975884395 5.759848509385989 5.761436425706939 5.7616980975884395
 136 4194304 208515.882 208634.853 210175.037 5.428097952469969 5.468169251663815 5.471289174989558 5.428097952469969 5.468169251663815 5.471289174989558
 144 4194304 209384.918 209408.045 209496.975 5.765999972075969 5.768448638160009 5.769085775318354 5.765999972075969 5.768448638160009 5.769085775318354
 152 4194304 231345.892 232092.857 234066.01 5.447473625068415 5.493785687682754 5.511523913292569 5.447473625068415 5.493785687682754 5.511523913292569
 160 4194304 232522.011 232535.124 232567.072 5.771140636796598 5.7719335337916515 5.7722590400269675 5.771140636796598 5.7719335337916515 5.7722590400269675
 176 4194304 255526.066 255537.033 255686.045 5.77424946285199 5.777616616531664 5.777864587795125 5.77424946285199 5.777616616531664 5.777864587795125
 192 4194304 278575.897 278595.924 278687.954 5.779269297014538 5.781178392258172 5.781594004882626 5.779269297014538 5.781178392258172 5.781594004882626
 208 4194304 301635.027 301757.097 301780.224 5.781791930805911 5.782235053779033 5.784575091804574 5.781791930805911 5.782235053779033 5.784575091804574
 224 4194304 324707.031 324723.005 324822.187 5.784851734897038 5.786618635165685 5.78690330853969 5.784851734897038 5.786618635165685 5.78690330853969
 240 4194304 347754.002 347761.154 347810.03 5.788406734561391 5.7892202646647535 5.789339327286879 5.788406734561391 5.7892202646647535 5.789339327286879
 264 2097152 195919.991 198603.868 198877.096 5.567741475871108 5.575401260563566 5.651777801480196 5.567741475871108 5.575401260563566 5.651777801480196
 288 2097152 208521.128 208527.088 208609.104 5.790540915222952 5.792818398730049 5.792983970430085 5.790540915222952 5.792818398730049 5.792983970430085
 312 2097152 230528.116 231163.979 234053.135 5.591135739326884 5.661015412786263 5.676630125238172 5.591135739326884 5.661015412786263 5.676630125238172
 336 2097152 243067.026 243086.1 243101.835 5.797102041619719 5.797477288911213 5.797932229606495 5.797102041619719 5.797477288911213 5.797932229606495
 368 2097152 266147.852 266148.09 266151.905 5.799334301214188 5.7994174295971845 5.799422615667024 5.799334301214188 5.7994174295971845 5.799422615667024
 400 2097152 289211.988 289225.101 289305.925 5.799126305484411 5.80074687224329 5.801009880683091 5.799126305484411 5.80074687224329 5.801009880683091
 440 2097152 323776.007 324975.014 326122.999 5.658888718854201 5.678878930673728 5.699908949707939 5.658888718854201 5.678878930673728 5.699908949707939
 480 2097152 346899.033 347034.931 347113.132 5.800028101500924 5.801335082317693 5.803607760417135 5.800028101500924 5.801335082317693 5.803607760417135
 528 1048576 190734.863 197303.057 197311.878 5.611908756957855 5.6121596534614255 5.805421403217721 5.611908756957855 5.6121596534614255 5.805421403217721
 576 1048576 213905.096 213931.799 213956.118 5.645828515172442 5.64647031271868 5.647175193993508 5.645828515172442 5.64647031271868 5.647175193993508
 632 1048576 231281.996 231468.916 231611.013 5.722526087306566 5.72603910237347 5.730666834957616 5.722526087306566 5.72603910237347 5.730666834957616
 688 1048576 253599.882 253612.995 253768.921 5.685647282237529 5.689142924241717 5.689437095242813 5.685647282237529 5.689142924241717 5.689437095242813
 752 1048576 276292.801 276293.039 276419.878 5.705299906108778 5.7079190619782505 5.707923978808265 5.705299906108778 5.7079190619782505 5.707923978808265
 824 1048576 298995.972 299088.955 299301.147 5.773627215668506 5.777723379989074 5.779520160224767 5.773627215668506 5.777723379989074 5.779520160224767
 904 1048576 325773.954 326344.013 327370.167 5.791075666341949 5.809285087145142 5.819450526115418 5.791075666341949 5.809285087145142 5.819450526115418
 992 1048576 361426.115 361528.158 361667.871 5.752169188398823 5.754392121235547 5.756016783679287 5.752169188398823 5.754392121235547 5.756016783679287
 1088 524288 197751.999 197782.04 197789.907 5.7679924385626 5.768221866859093 5.769098131847456 5.7679924385626 5.768221866859093 5.769098131847456
 1192 524288 214133.978 214362.144 214641.094 5.823221307286106 5.8307990798972416 5.837011966405443 5.823221307286106 5.8307990798972416 5.837011966405443
 1304 524288 233999.968 234015.942 234109.879 5.840604035338466 5.842948528694682 5.84334739738084 5.840604035338466 5.842948528694682 5.84334739738084
 1432 524288 256604.195 256651.878 256666.899 5.850231712192853 5.850574107234859 5.851661279348922 5.850231712192853 5.850574107234859 5.851661279348922
 1568 524288 282884.836 282886.028 282893.896 5.811957031409401 5.812118681237943 5.812143171930219 5.811957031409401 5.812118681237943 5.812143171930219
 1720 524288 307756.901 307975.054 308063.984 5.854467947152173 5.856158466652952 5.860309595462166 5.854467947152173 5.856158466652952 5.860309595462166
 1888 524288 339612.007 339649.916 339729.071 5.827324350467493 5.8286824013228955 5.829333024730189 5.827324350467493 5.8286824013228955 5.829333024730189
 2072 262144 185172.081 185406.923 185420.036 5.85872357397234 5.859137935210757 5.866568708054859 5.85872357397234 5.859137935210757 5.866568708054859
 2272 262144 203876.019 203881.025 204128.981 5.835439584151944 5.842536528350297 5.842679986801194 5.835439584151944 5.842536528350297 5.842679986801194
 2496 262144 223775.864 223808.05 223824.024 5.84665946315039 5.847076760643775 5.847917753989769 5.84665946315039 5.847076760643775 5.847917753989769
 2744 262144 244686.842 244755.03 244883.06 5.874829692180423 5.877902783039842 5.8795408050589 5.874829692180423 5.877902783039842 5.8795408050589
 3016 262144 268727.064 268730.164 268978.834 5.8787250449602295 5.884164935053588 5.8842328140049185 5.8787250449602295 5.884164935053588 5.8842328140049185
 3312 262144 296092.033 296155.93 296537.161 5.8557310326445045 5.863268907024755 5.864534207173349 5.8557310326445045 5.863268907024755 5.864534207173349
 3640 262144 324120.045 324145.794 324172.974 5.887006237602027 5.887499869888795 5.887967589292418 5.887006237602027 5.887499869888795 5.887967589292418
 4000 262144 357129.812 357131.004 357244.015 5.870362866680915 5.872220491951462 5.872240091790489 5.870362866680915 5.872220491951462 5.872240091790489
 4400 131072 196252.823 196284.056 196533.918 5.868878063073062 5.876348917509632 5.877284119372898 5.868878063073062 5.876348917509632 5.877284119372898
 4840 131072 215310.097 215322.018 215336.084 5.892077799650151 5.892462702072577 5.892788948025972 5.892077799650151 5.892462702072577 5.892788948025972
 5320 131072 236580.133 236634.016 236685.991 5.892220634215736 5.893514819103607 5.894857113805072 5.892220634215736 5.893514819103607 5.894857113805072
 5848 131072 260003.09 260040.045 260379.076 5.88763941999702 5.895315515731433 5.896153434176494 5.88763941999702 5.895315515731433 5.896153434176494
 6432 131072 286403.894 286405.087 286478.043 5.8856524930952565 5.8871517460163 5.887176268629924 5.8856524930952565 5.8871517460163 5.887176268629924
 7072 131072 314805.984 314905.167 314908.028 5.887059722720057 5.88711320827581 5.888968006402319 5.887059722720057 5.88711320827581 5.888968006402319
 7776 131072 346017.122 346019.03 346073.151 5.890175929885991 5.891097215086696 5.891129699645326 5.890175929885991 5.891097215086696 5.891129699645326
 8552 65536 189911.127 189939.022 189941.883 5.901424826877177 5.901513718439595 5.902380559302352 5.901424826877177 5.901513718439595 5.902380559302352
 9400 65536 208735.943 208755.97 208766.937 5.901685476182466 5.901995521373592 5.902561783525705 5.901685476182466 5.901995521373592 5.902561783525705
 10336 65536 229763.031 229764.223 229905.844 5.892674011366149 5.896306110285935 5.896336700049888 5.892674011366149 5.896306110285935 5.896336700049888
 11368 65536 252371.073 252494.097 252501.011 5.901071406007163 5.901232993973716 5.9041096837592 5.901071406007163 5.901232993973716 5.9041096837592
 12504 65536 277538.061 277541.876 277627.945 5.903311671308881 5.905142357688755 5.905223528963114 5.903311671308881 5.905142357688755 5.905223528963114
 13752 65536 305200.815 305202.007 305213.928 5.905700817165853 5.905931490155633 5.905954556510604 5.905700817165853 5.905931490155633 5.905954556510604
 15120 65536 335860.014 335958.958 335971.117 5.898747064022172 5.8989605510087335 5.900698378461926 5.898747064022172 5.8989605510087335 5.900698378461926
 16632 32768 184538.126 184540.987 184542.179 5.9064803391099 5.906518490659205 5.906610062789952 5.9064803391099 5.906518490659205 5.906610062789952
 18288 32768 203030.109 203032.97 203035.116 5.903029936949428 5.903092330275225 5.903175513736241 5.903029936949428 5.903092330275225 5.903175513736241
 20112 32768 223255.157 223267.078 223351.002 5.901294465650079 5.903512706875664 5.903827932628674 5.901294465650079 5.903512706875664 5.903827932628674
 22120 32768 245372.057 245375.872 245380.878 5.907780312042083 5.9079008387589145 5.907992693723883 5.907780312042083 5.9079008387589145 5.907992693723883
 24328 32768 269857.883 269865.036 270004.988 5.904927237862732 5.907989532960468 5.908146133348271 5.904927237862732 5.907989532960468 5.908146133348271
 26760 32768 296828.032 296832.8 296864.033 5.907564288867558 5.908185887812937 5.908280792024387 5.907564288867558 5.908185887812937 5.908280792024387
 29432 32768 326461.077 326508.999 326545.0 5.906859856987552 5.907511149485959 5.908378327135152 5.906859856987552 5.907511149485959 5.908378327135152
 32368 32768 359132.051 359143.972 359237.909 5.904914806749975 5.906459284801806 5.90665534332941 5.904914806749975 5.906459284801806 5.90665534332941
 35600 16384 197555.78 197580.099 197600.126 5.903542794299636 5.904141185798272 5.904867982095993 5.903542794299636 5.904141185798272 5.904867982095993
 39160 16384 217180.967 217324.972 217405.796 5.9023029910389315 5.9044980804138785 5.908413143772401 5.9023029910389315 5.9044980804138785 5.908413143772401
 43072 16384 238931.894 238937.14 238950.014 5.906604784714514 5.9069230342340235 5.907052726916398 5.906604784714514 5.9069230342340235 5.907052726916398
 47376 16384 262771.13 262849.092 262858.868 5.905894595878728 5.90611425052973 5.907866545308839 5.905894595878728 5.90611425052973 5.907866545308839
 52112 16384 289024.115 289042.95 289153.099 5.905542848772996 5.907793343515211 5.9081783400668835 5.905542848772996 5.907793343515211 5.9081783400668835
 57320 16384 317835.808 317854.881 317861.08 5.909064928615985 5.909180170808829 5.90953477463433 5.909064928615985 5.909180170808829 5.90953477463433
 63048 16384 349602.938 349623.919 349642.038 5.908777090471026 5.909083308456364 5.9094379349866895 5.908777090471026 5.909083308456364 5.9094379349866895
 69352 8192 192260.981 192269.087 192295.074 5.90895619094226 5.90975484270126 5.910004006481169 5.90895619094226 5.90975484270126 5.910004006481169
 76280 8192 211459.16 211479.902 211489.916 5.909366950620946 5.909646771067635 5.9102264475088235 5.909366950620946 5.909646771067635 5.9102264475088235
 83904 8192 232623.1 232632.16 232736.111 5.906617284672253 5.909256639322783 5.909486787855548 5.906617284672253 5.909256639322783 5.909486787855548
 92288 8192 255908.966 256009.102 256009.102 5.906222006122267 5.906222006122267 5.908533083596611 5.906222006122267 5.906222006122267 5.908533083596611
 101512 8192 281403.065 281411.886 281514.883 5.907938473007838 5.910100783731644 5.910286044681141 5.907938473007838 5.910100783731644 5.910286044681141
 111656 8192 309527.874 309531.212 309551.954 5.9097410963201344 5.910137114056207 5.910200849956407 5.9097410963201344 5.910137114056207 5.910200849956407
 122816 8192 340494.871 340567.112 340588.093 5.908067208914436 5.908431181693199 5.909684742358426 5.908067208914436 5.908431181693199 5.909684742358426
 135096 4096 187234.879 187289.953 187306.881 5.908519890414491 5.909053925599522 5.910792037844615 5.908519890414491 5.909053925599522 5.910792037844615
 148600 4096 205951.929 206028.938 206048.965 5.907970467116882 5.908544750155437 5.910754057564569 5.907970467116882 5.908544750155437 5.910754057564569
 163456 4096 226544.857 226566.076 226600.17 5.909225716820954 5.910114945893312 5.910668508356383 5.909225716820954 5.910114945893312 5.910668508356383
 179800 4096 249215.841 249224.901 249226.093 5.909981504223959 5.910009770652893 5.910224623321597 5.909981504223959 5.910009770652893 5.910224623321597
 197776 4096 274113.178 274122.0 274230.003 5.908109886867485 5.91043765914447 5.910627879408264 5.908109886867485 5.91043765914447 5.910627879408264
 217552 4096 301522.017 301548.004 301700.115 5.907143867015099 5.910123629934556 5.910633000309229 5.907143867015099 5.910123629934556 5.910633000309229
 239304 4096 331652.88 331671.953 331693.888 5.910203470496267 5.91059433958228 5.910934251498133 5.910203470496267 5.91059433958228 5.910934251498133
 263232 2048 182396.173 182405.949 182465.076 5.909066521858682 5.910981949388066 5.911298763927464 5.909066521858682 5.910981949388066 5.911298763927464
 289552 2048 200638.771 200822.115 200872.898 5.904255894192357 5.905748936067126 5.911145618012183 5.904255894192357 5.905748936067126 5.911145618012183
 318504 2048 220752.954 220777.988 220815.897 5.908054636120696 5.909069087086707 5.909739191983814 5.908054636120696 5.909069087086707 5.909739191983814
 350352 2048 242743.969 242763.996 242820.978 5.909875678039646 5.911262854645052 5.911750548990982 5.909875678039646 5.911262854645052 5.911750548990982
 385384 2048 267018.08 267182.827 267221.928 5.907198094910834 5.908062586672159 5.911707791472398 5.907198094910834 5.908062586672159 5.911707791472398
 423920 2048 293730.021 293756.962 293807.983 5.909901774180179 5.910928231889871 5.911470383886978 5.909901774180179 5.910928231889871 5.911470383886978
 466312 2048 323132.992 323137.999 323368.073 5.906625024171759 5.91083053652257 5.9109221258348015 5.906625024171759 5.91083053652257 5.9109221258348015
 512936 2048 355421.066 355556.011 355611.086 5.908099996635087 5.909015150920904 5.911258664673523 5.908099996635087 5.909015150920904 5.911258664673523
 564224 1024 195408.106 195461.988 195555.925 5.908952909506578 5.9117926908632485 5.9134228136881894 5.908952909506578 5.9117926908632485 5.9134228136881894
 620640 1024 214955.091 214974.88 215118.17 5.908709245713646 5.912647654460837 5.913191979249285 5.908709245713646 5.912647654460837 5.913191979249285
 682704 1024 236460.924 236555.099 236560.106 5.910454707016407 5.910579809569017 5.912933808885903 5.910454707016407 5.910579809569017 5.912933808885903
 750968 1024 260090.828 260093.212 260116.1 5.9126769315701715 5.913197242533188 5.913251443068957 5.9126769315701715 5.913197242533188 5.913251443068957
 826064 1024 286100.149 286107.063 286171.198 5.911772686502156 5.913097895105092 5.913240793174142 5.911772686502156 5.913097895105092 5.913240793174142
 908664 1024 314721.107 314841.986 314844.131 5.910683061136687 5.910723330274 5.912993538116908 5.910683061136687 5.910723330274 5.912993538116908
 999528 1024 346159.935 346168.995 346199.989 5.9128636887391695 5.913393092873612 5.91354786335975 5.9128636887391695 5.913393092873612 5.91354786335975
 1099480 512 190270.185 190293.074 190294.027 5.916462737950256 5.916492367977617 5.917204106360646 5.916462737950256 5.916492367977617 5.917204106360646
 1209424 512 209297.895 209321.976 209364.176 5.915291716382271 5.91648425868099 5.917164986298596 5.915291716382271 5.91648425868099 5.917164986298596
 1330360 512 230242.968 230273.008 230290.89 5.915512506812579 5.915971879778459 5.91674374176761 5.915512506812579 5.915971879778459 5.91674374176761
 1463392 512 253273.964 253363.848 253410.101 5.913392568357013 5.914472091535332 5.9165710692631635 5.913392568357013 5.914472091535332 5.9165710692631635
 1609728 512 278568.983 278593.779 278692.007 5.914634903755959 5.91672031556742 5.9172469750517775 5.914634903755959 5.91672031556742 5.9172469750517775
 1770696 512 306541.92 306556.94 306573.868 5.914374619822456 5.914701210156912 5.914991019825282 5.914374619822456 5.914701210156912 5.914991019825282
 1947760 512 337085.009 337152.004 337188.959 5.915099491736324 5.915747841736097 5.916923585290617 5.915099491736324 5.915747841736097 5.916923585290617
 2142536 256 185188.055 185188.055 185211.182 5.922852066242955 5.923591734898885 5.923591734898885 5.922852066242955 5.923591734898885 5.923591734898885
 2356784 256 203689.098 203705.072 203713.894 5.923373140174719 5.923629667895554 5.924094219318502 5.923373140174719 5.923629667895554 5.924094219318502
 2592456 256 224068.88 224081.039 224083.185 5.923413985748194 5.923470713646593 5.9237921482001425 5.923413985748194 5.923470713646593 5.9237921482001425
 2851696 256 246491.194 246666.908 246766.09 5.916811146944866 5.919190230413883 5.923409791264186 5.916811146944866 5.919190230413883 5.923409791264186
 3136864 256 271121.025 271188.021 271447.897 5.9166948270739415 5.922364719789743 5.923828179684699 5.9166948270739415 5.922364719789743 5.923828179684699
 3450544 256 298240.185 298285.007 298333.883 5.9218165574575385 5.922786886838064 5.923677012204107 5.9218165574575385 5.922786886838064 5.923677012204107
 3795592 256 328073.025 328099.966 328424.931 5.917160728580621 5.923021351364602 5.923507743436084 5.917160728580621 5.923021351364602 5.923507743436084
 4175144 256 360841.036 360901.117 361000.061 5.921532871984751 5.923156308768088 5.9241425301749775 5.921532871984751 5.923156308768088 5.9241425301749775
 4592656 128 198022.127 198040.009 198047.161 5.936565462809133 5.936779855428102 5.9373159646951965 5.936565462809133 5.936779855428102 5.9373159646951965
 5051920 128 217881.918 217977.047 218060.97 5.9308711687378075 5.933154604117561 5.935745067197361 5.9308711687378075 5.933154604117561 5.935745067197361
 5557112 128 239634.037 239634.037 239639.044 5.936514552278051 5.936638591954281 5.936638591954281 5.936514552278051 5.936638591954281 5.936638591954281
 6112816 128 263577.938 263629.913 263747.931 5.93324425358241 5.9359003619593045 5.937070863647169 5.93324425358241 5.9359003619593045 5.937070863647169
 6724096 128 290041.924 290117.025 290120.125 5.933295995925826 5.9333593952302515 5.93489572907398 5.933295995925826 5.9333593952302515 5.93489572907398
 7396504 128 318941.116 318950.176 318984.985 5.9360318292097665 5.93667966497689 5.936848305252686 5.9360318292097665 5.93667966497689 5.936848305252686
 8136152 128 350795.984 350828.886 350853.92 5.936530257378912 5.936953868730183 5.937510709928766 5.936530257378912 5.936953868730183 5.937510709928766
 8949760 64 192101.002 192111.969 192198.038 5.960358866930785 5.9630291957499 5.963369623652456 5.960358866930785 5.9630291957499 5.963369623652456
 9844736 64 211272.001 211299.181 211318.016 5.963174517027455 5.963706068505774 5.964473295256952 5.963174517027455 5.963706068505774 5.964473295256952
 10829208 64 232388.973 232437.134 232451.916 5.963119804957856 5.9634990336785005 5.964734927418436 5.963119804957856 5.9634990336785005 5.964734927418436
 11912128 64 255699.873 255702.972 255773.783 5.961331791382231 5.962982643784053 5.9630549132106925 5.961331791382231 5.962982643784053 5.9630549132106925
 13103336 64 281250.0 281265.974 281305.075 5.9623062541619625 5.9631351213495885 5.963473806222222 5.9623062541619625 5.9631351213495885 5.963473806222222
 14413664 64 309371.948 309376.001 309458.971 5.961853314635366 5.963452194212052 5.963530319820723 5.961853314635366 5.963452194212052 5.963530319820723
 15855024 64 340294.123 340357.065 340391.159 5.9620910189385965 5.962688249177374 5.963791129005187 5.9620910189385965 5.962688249177374 5.963791129005187
 17440520 32 185455.799 185470.104 185523.987 6.016436462202594 6.018184364634853 6.018648572968053 6.016436462202594 6.018184364634853 6.018648572968053
 19184568 32 204074.86 204076.052 204077.959 6.016388825213603 6.016445045693063 6.016480187711509 6.016388825213603 6.016445045693063 6.016480187711509
 21103024 32 224703.074 224894.047 224896.908 6.005389527187275 6.005465925027353 6.010569913253613 6.005389527187275 6.005465925027353 6.010569913253613
 23213320 32 247433.186 247800.827 247813.94 5.995031917897758 5.995349159992916 6.004257165407068 5.995031917897758 5.995349159992916 6.004257165407068
 25534648 32 272184.134 272522.926 272622.824 5.9944264681228585 5.996623828998519 6.004087923802348 5.9944264681228585 5.996623828998519 6.004087923802348
 28088112 32 299578.905 299721.003 299731.016 5.997508005644634 5.997708368805904 6.000553236550483 5.997508005644634 5.997708368805904 6.000553236550483
 30896920 32 329429.865 329907.894 329953.909 5.992966975275326 5.993802864262473 6.002500350112459 5.992966975275326 5.993802864262473 6.002500350112459
 33986608 16 178022.861 178207.874 178310.871 6.09929977853117 6.10282492904887 6.109167383845157 6.09929977853117 6.10282492904887 6.109167383845157
 37385264 16 196049.929 196094.036 196260.929 6.095601677295638 6.100789562003814 6.102162107898544 6.095601677295638 6.100789562003814 6.102162107898544
 41123784 16 215433.121 215692.043 215771.914 6.098852550383365 6.1011109621693365 6.108443687263853 6.098852550383365 6.1011109621693365 6.108443687263853
 45236160 16 236991.882 237365.007 237373.114 6.098235371340328 6.098443651384552 6.1080451692433915 6.098235371340328 6.098443651384552 6.1080451692433915
 49759776 16 260729.074 261059.046 261077.166 6.09901224375938 6.099435573667115 6.107154862215327 6.09901224375938 6.099435573667115 6.107154862215327
 54735752 16 286765.099 286993.027 287086.01 6.101112569017208 6.103089271224698 6.107940157668908 6.101112569017208 6.103089271224698 6.107940157668908
 60209320 16 315424.919 315798.044 316004.992 6.097050011159316 6.101045515025419 6.108262613202098 6.097050011159316 6.101045515025419 6.108262613202098
 66230248 16 347023.964 347438.097 347497.94 6.0989366900995154 6.099987175557205 6.107266805355264 6.0989366900995154 6.099987175557205 6.107266805355264
 72853272 8 184264.183 184341.908 184354.067 6.322900118064658 6.323317169962242 6.325984426392838 6.322900118064658 6.323317169962242 6.325984426392838
 80138592 8 202614.069 202770.948 202811.956 6.3221986380329565 6.323477227122299 6.328373337194073 6.3221986380329565 6.323477227122299 6.328373337194073
 88152448 8 222735.167 223124.027 223145.962 6.320702177886598 6.321323556965023 6.332359577506681 6.320702177886598 6.321323556965023 6.332359577506681
 96967688 8 245060.921 245393.038 245417.833 6.321802246538457 6.322441013994863 6.331009455399867 6.321802246538457 6.322441013994863 6.331009455399867
 106664456 8 269649.982 269818.068 269832.85 6.324772154317016 6.325118657361374 6.3290614126575395 6.324772154317016 6.325118657361374 6.3290614126575395
 117330896 8 296540.022 296823.978 296895.027 6.3230912116288165 6.324604732573189 6.330660945320898 6.3230912116288165 6.324604732573189 6.330660945320898
 129063984 8 326092.005 326516.151 326662.064 6.321590327060444 6.32441530893827 6.332641439645231 6.321590327060444 6.32441530893827 6.332641439645231
 141970376 4 166337.013 166420.937 166516.066 6.820741297119043 6.824640147291082 6.828083464502275 6.820741297119043 6.824640147291082 6.828083464502275
 156167408 4 182831.049 183137.178 183192.015 6.81983471823267 6.821876790085735 6.833299217136801 6.81983471823267 6.821876790085735 6.833299217136801
 171784144 4 201245.07 201446.056 201505.899 6.820014494960269 6.822040497035097 6.828853755274602 6.820014494960269 6.822040497035097 6.828853755274602
 188962552 4 221311.092 221557.14 221572.161 6.8226098855442405 6.823072440815944 6.830658157883925 6.8226098855442405 6.823072440815944 6.830658157883925
 207858800 4 243497.849 243772.984 243839.025 6.819541703794133 6.821389198730898 6.829096876334214 6.819541703794133 6.821389198730898 6.829096876334214
 228644680 4 267864.943 267979.145 268111.944 6.822364616475274 6.825745488515532 6.828655588573977 6.822364616475274 6.825745488515532 6.828655588573977
 251509144 4 294734.001 294887.066 295031.071 6.819868650376828 6.82319906156888 6.826742571855496 6.819868650376828 6.82319906156888 6.826742571855496
 276660056 2 136441.946 136654.139 136745.93 8.092673939180493 8.09810981283194 8.110703903328965 8.092673939180493 8.09810981283194 8.110703903328965
 304326056 2 150197.983 150244.951 150262.117 8.101205069538585 8.10213065995143 8.10466425504529 8.101205069538585 8.10213065995143 8.10466425504529
 334758656 2 165135.145 165342.093 165460.825 8.092759261897793 8.098570664640128 8.108719824601843 8.092759261897793 8.098570664640128 8.108719824601843
 368234520 2 181629.181 181932.926 181980.848 8.093918102854428 8.096050079467199 8.10958939466891 8.093918102854428 8.096050079467199 8.10958939466891
 405057968 2 199921.846 200123.072 200132.847 8.095781858337327 8.096177296338926 8.1043262875834 8.095781858337327 8.096177296338926 8.1043262875834
 445563760 2 219934.94 220165.968 220865.965 8.069396477632939 8.095052365222948 8.10355571515831 8.069396477632939 8.095052365222948 8.10355571515831
 490120136 2 241931.2 242043.018 242049.932 8.099488100661809 8.099719463917774 8.103463067186043 8.099488100661809 8.099719463917774 8.103463067186043
 539132144 1 133038.998 133260.965 133288.145 8.089723868540597 8.091373854301594 8.10487379046556 8.089723868540597 8.091373854301594 8.10487379046556
 593045352 1 146315.098 146354.914 146462.917 8.098232155242409 8.104208267308332 8.106413625202233 8.098232155242409 8.104208267308332 8.106413625202233
 652349880 1 160994.053 161226.988 161319.017 8.087699666555743 8.092316157391714 8.10402456294457 8.087699666555743 8.092316157391714 8.10402456294457
 717584864 1 177031.04 177278.042 177353.144 8.092158366248078 8.095586525036191 8.106881866592435 8.092158366248078 8.095586525036191 8.106881866592435
 789343344 1 194857.836 195067.167 195303.917 8.083231059825595 8.0930415521952 8.10173570848852 8.083231059825595 8.0930415521952 8.10173570848852
 868277672 1 214215.994 214458.942 214483.976 8.09643394525659 8.097379049832297 8.106562500650629 8.09643394525659 8.097379049832297 8.106562500650629
 955105432 1 235703.945 235891.104 235948.086 8.095894721519377 8.097850370821954 8.104280409901497 8.095894721519377 8.097850370821954 8.104280409901497
 1050615968 1 259181.976 259496.927 259558.916 8.095394943011707 8.097328782625622 8.107168439830092 8.095394943011707 8.097328782625622 8.107168439830092
 
META_DATA
 FLOPS          16
 ERT_VERSION  1.1.0
 HOSTNAME  ('graoully-1.nancy.grid5000.fr', [], ['172.16.70.1'])
 UNAME  uname_result(system='Linux', node='graoully-1.nancy.grid5000.fr', release='4.19.0-14-amd64', version='#1 SMP Debian 4.19.171-2 (2021-01-30)', machine='x86_64', processor='')
 TIMESTAMP_DATA  1615914179.0618544
 CONFIG  {'ERT_RESULTS': ['Results.graoully.01'], 'ERT_DRIVER': ['driver1'], 'ERT_KERNEL': ['kernel1'], 'ERT_OPENMP': ['False'], 'ERT_FLOPS': ['1,2,4,8,16,32'], 'ERT_ALIGN': ['64'], 'ERT_CC': ['g++'], 'ERT_CFLAGS': ['-O3', '-DERT_INTEL'], 'ERT_LD': ['g++'], 'ERT_LDFLAGS': [], 'ERT_LDLIBS': [], 'ERT_PRECISION': ['FP64'], 'ERT_RUN': ['ERT_CODE'], 'ERT_NUM_EXPERIMENTS': ['3'], 'ERT_MEMORY_MAX': ['1073741824'], 'ERT_WORKING_SET_MIN': ['1'], 'ERT_TRIALS_MIN': ['1'], 'ERT_GNUPLOT': ['gnuplo'], 'ERT_MPI': [False], 'ERT_GPU': [False], 'ERT_HIP': [False], 'ERT_OCL': [False], 'ERT_SYCL': [False], 'ERT_WSS_MULT': [1.1]}
 TIMESTAMP_DATA  1615914300.9720006
 TIMESTAMP_DATA  1615914422.8706853
 