fp64
 8 134217728 272744.894 272745.848 272803.068 7.871918977098893 7.873570445699324 7.87359798566935 0.49199493606868083 0.4920981528562077 0.49209987410433437
 16 67108864 136364.937 136368.036 136370.897 15.747374954936317 15.747705334701749 15.748063213639737 0.9842109346835198 0.9842315834188593 0.9842539508524836
 24 33554432 68183.899 68184.137 68197.012 23.617057239985822 23.621516775962125 23.621599228287018 1.476066077499114 1.4763447984976328 1.4763499517679386
 32 33554432 68186.045 68193.913 68217.993 31.479724828609367 31.490840656115456 31.494474389884324 1.9674828017880854 1.968177541007216 1.9684046493677703
 40 16777216 34089.804 34091.949 34093.857 39.36712939225385 39.369332624544285 39.371809823253905 2.4604455870158657 2.460583289034018 2.460738113953369
 48 16777216 34193.039 34456.015 34583.092 46.57225953075567 46.74402237171071 47.103527007353755 2.9107662206722296 2.9215013982319196 2.9439704379596097
 56 16777216 34092.903 34093.142 34098.864 55.10588833692524 55.11513699734685 55.115523368602545 3.4441180210578275 3.4446960623341782 3.444720210537659
 64 16777216 39339.066 39345.026 39575.1 54.26350528488873 54.580816594199234 54.589085770363745 3.3914690803055456 3.411301037137452 3.411817860647734
 72 8388608 17533.064 18147.945 18328.905 65.90462179819252 66.56178162320857 68.89608981065717 4.119038862387033 4.160111351450536 4.306005613166073
 80 8388608 22291.899 22294.044 22302.866 60.179587681690776 60.203401410708615 60.2091943804339 3.7612242301056735 3.7627125881692884 3.7630746487771187
 88 8388608 23813.009 24028.063 24301.052 60.754366024977024 61.44461199390063 61.99951497099757 3.797147876561064 3.8402882496187893 3.8749696856873483
 96 8388608 25516.987 25587.797 25964.022 62.032482332667875 62.944564395285774 63.11923645217203 3.877030145791742 3.934035274705361 3.944952278260752
 104 8388608 27748.108 27944.088 27945.995 62.43579675728133 62.44005758928329 62.881060719527255 3.902237297330083 3.9025035993302057 3.9300662949704535
 112 8388608 29210.091 29466.867 29796.124 63.06351094524912 63.768170263910314 64.32873461434954 3.94146943407807 3.9855106414943946 4.020545913396846
 120 8388608 31629.086 31785.011 31789.064 63.332028901511535 63.34010455431334 63.652358465243026 3.958251806344471 3.958756534644584 3.978272404077689
 128 8388608 33150.911 33771.038 33931.017 63.28969296735197 63.58950672466745 64.77902365941016 3.955605810459498 3.9743441702917157 4.048688978713135
 136 4194304 17867.088 17985.821 18175.125 62.76989500759967 63.43055943901588 63.85207751817196 3.9231184379749795 3.9644099649384925 3.9907548448857475
 144 4194304 18499.851 18634.081 18635.035 64.82196314629942 64.82528180488215 65.29563681350731 4.051372696643714 4.0515801128051345 4.080977300844207
 152 4194304 19902.945 19939.899 19959.927 63.881416800772875 63.945580466581106 64.06430887489265 3.9925885500483047 3.996598779161319 4.00401930468079
 160 4194304 20344.973 20451.069 20658.97 64.96825737197933 65.62871016669105 65.97095410251957 4.060516085748708 4.101794385418191 4.123184631407473
 176 4194304 22522.926 22580.147 22711.992 65.00508665202067 65.38464997592796 65.55076405259246 4.062817915751292 4.086540623495497 4.0969227532870285
 192 4194304 24697.065 24806.023 24809.122 64.92018282630075 64.92829326168084 65.21474256151491 4.057511426643797 4.058018328855052 4.075921410094682
 208 4194304 26612.997 26693.106 26813.984 65.07166051863088 65.36633331467684 65.56309550555318 4.06697878241443 4.085395832167302 4.097693469097074
 224 4194304 28753.042 28754.95 28849.125 65.1336285589251 65.34694694304807 65.35128324856896 4.0708517849328185 4.084184183940504 4.08445520303556
 240 4194304 30728.102 30752.182 30813.932 65.33622258918464 65.46741691370062 65.51872029063168 4.08351391182404 4.091713557106289 4.09492001816448
 264 2097152 16963.959 16968.966 17045.975 64.95939692508055 65.25419733883608 65.27345745176584 4.059962307817535 4.078387333677255 4.079591090735365
 288 2097152 18357.038 18361.092 18403.053 65.63908455841539 65.78909097563478 65.80361995219491 4.102442784900962 4.111818185977174 4.112726247012182
 312 2097152 19707.918 19813.061 20031.929 65.32685134816522 66.04849437449367 66.40086730622686 4.082928209260326 4.1280308984058545 4.150054206639179
 336 2097152 21245.956 21306.992 21375.895 65.92875498312469 66.14195678113552 66.33197131727091 4.120547186445293 4.13387229882097 4.145748207329432
 368 2097152 23273.945 23274.183 23275.137 66.31556548947489 66.31828373954093 66.31896191212964 4.144722843092181 4.144892733721308 4.144935119508102
 400 2097152 25114.059 25213.003 25283.098 66.35743768425847 66.54191886622945 66.80407973876305 4.1473398552661545 4.158869929139341 4.175254983672691
 440 2097152 27813.911 27869.94 27878.046 66.1988203907835 66.21807438408551 66.35146563890278 4.1374262744239685 4.1386296490053445 4.146966602431424
 480 2097152 30068.874 30156.136 30164.003 66.74399017928754 66.7614020576111 66.9551483703713 4.171499386205471 4.172587628600693 4.1846967731482065
 528 1048576 16554.117 16555.071 16557.932 66.8740671238413 66.88562410877005 66.8894786716803 4.179629195240081 4.180351506798128 4.180592416980018
 576 1048576 18028.975 18030.167 18069.983 66.84895896138916 66.99658145151956 67.00101098370817 4.178059935086822 4.1872863407199725 4.187563186481761
 632 1048576 21470.07 21473.169 21478.176 61.709153700947425 61.72354271509715 61.73245192027786 3.856822106309214 3.857721419693572 3.8582782450173663
 688 1048576 23602.962 23608.923 23643.97 61.02361726901193 61.11420567554056 61.12964025447315 3.8139760793132456 3.819637854721285 3.820602515904572
 752 1048576 25241.137 25243.998 25245.905 62.46788554421004 62.472604537522145 62.47968560211847 3.9042428465131276 3.904537783595134 3.9049803501324045
 824 1048576 26058.912 26062.965 26072.979 66.27755301762794 66.30301840178198 66.31333065632211 4.142347063601746 4.143938650111374 4.144583166020132
 904 1048576 28025.866 28028.011 28028.965 67.63808110645542 67.64038332937717 67.64556028348954 4.2273800691534635 4.227523958086073 4.2278475177180965
 992 1048576 30977.011 30977.964 30985.117 67.14109822467348 67.15660151196508 67.15866756802328 4.196318639042093 4.197287594497817 4.197416723001455
 1088 524288 16718.149 16718.149 16718.864 68.23733287141997 68.24025123833984 68.24025123833984 4.264833304463748 4.26501570239624 4.26501570239624
 1192 524288 17454.863 17462.969 17468.929 71.55004133338683 71.57446090638996 71.60769992866744 4.471877583336677 4.473403806649372 4.475481245541715
 1304 524288 18848.896 18848.896 18917.084 72.2808602002296 72.54234433677176 72.54234433677176 4.51755376251435 4.533896521048235 4.533896521048235
 1432 524288 20325.184 20417.929 20509.005 73.21470895345728 73.54128971650357 73.87686291056455 4.57591930959108 4.596330607281473 4.617303931910285
 1568 524288 22454.977 22456.884 22489.071 73.10960812921086 73.21439465956186 73.22061242814901 4.569350508075678 4.575899666222616 4.576288276759313
 1720 524288 23766.994 23772.955 23846.865 75.63051663185077 75.86565153553691 75.88467940034823 4.726907289490673 4.741603220971057 4.742792462521765
 1888 524288 26223.898 26254.892 26255.131 75.40284175310342 75.40352815010628 75.49264750800967 4.7126776095689635 4.712720509381643 4.718290469250604
 2072 262144 14013.052 14014.006 14014.959 77.51180263888034 77.5170737046923 77.52235101960657 4.844487664930021 4.844817106543268 4.845146938725411
 2272 262144 15406.132 15408.039 15408.993 77.30435960351205 77.30914595945661 77.31871543097256 4.831522475219503 4.831821622466038 4.832419714435785
 2496 262144 16718.149 16719.818 16721.964 78.25772427210106 78.26776870418087 78.27558230280157 4.891107767006316 4.891735544011304 4.892223893925098
 2744 262144 18030.167 18031.12 18073.082 79.60160154200597 79.78685028994317 79.79106749260836 4.975100096375373 4.986678143121448 4.986941718288023
 3016 262144 19668.818 19670.01 19671.917 80.38121592318633 80.3890088515461 80.39388071006607 5.023825995199146 5.024313053221631 5.024617544379129
 3312 262144 21635.056 21637.917 21639.109 80.24553395428619 80.24995455893466 80.26056673946209 5.015345872142887 5.015622159933416 5.016285421216381
 3640 262144 23356.915 23356.915 23357.868 81.70301844329286 81.70635205890845 81.70635205890845 5.106438652705804 5.106647003681778 5.106647003681778
 4000 262144 25731.802 25732.994 25734.186 81.49284379929483 81.49661869893569 81.50039394831346 5.093302737455927 5.093538668683481 5.093774621769591
 4400 131072 14055.014 14057.875 14150.143 81.51391826923587 82.04892987026845 82.06563152480675 5.094619891827242 5.128058116891778 5.129101970300422
 4840 131072 15282.869 15286.922 15286.922 82.9975426053721 82.9975426053721 83.019553462115 5.1873464128357565 5.1873464128357565 5.188722091382187
 5320 131072 16717.911 16719.103 16722.918 83.39490033976128 83.41392956308721 83.41987704085756 5.21218127123508 5.2133705976929505 5.213742315053597
 5848 131072 18275.023 18277.168 18285.99 83.83566391538001 83.87612960607464 83.88597442531261 5.239728994711251 5.242258100379665 5.242873401582038
 6432 131072 20128.965 20129.919 20133.018 83.74850745178891 83.76140053022567 83.76537035063652 5.234281715736807 5.2350875331391045 5.235335646914782
 7072 131072 22043.943 22047.043 22053.003 84.06484903665954 84.08757437448641 84.09939945861773 5.254053064791221 5.2554733984054005 5.256212466163608
 7776 131072 24133.921 24135.828 24143.219 84.43081860790808 84.45667345657252 84.46334700440927 5.276926162994255 5.278542091035782 5.2789591877755795
 8552 65536 13175.964 13175.964 13176.918 85.0675206448124 85.07367992201557 85.07367992201557 5.316720040300775 5.317104995125973 5.317104995125973
 9400 65536 14444.113 14444.828 14461.994 85.19411638533386 85.29535969552562 85.2995819127142 5.324632274083366 5.330959980970351 5.331223869544638
 10336 65536 15897.989 15899.897 15902.996 85.18899155857174 85.20559548278835 85.21582144760573 5.324311972410734 5.325349717674272 5.325988840475358
 11368 65536 17393.112 17395.02 17504.93 85.12039156968922 85.6582226407328 85.66761922765747 5.320024473105576 5.3536389150458 5.354226201728592
 12504 65536 19073.963 19074.917 19078.97 85.90213664574135 85.92038895896637 85.9246863381249 5.368883540358834 5.370024309935398 5.370292896132806
 13752 65536 20937.92 20941.973 20953.178 86.02523893988779 86.07126673308191 86.08792774067338 5.376577433742987 5.37945417081762 5.380495483792086
 15120 65536 23046.97 23050.07 23052.216 85.97041776807922 85.97842175750442 85.98998653619108 5.373151110504951 5.373651359844026 5.374374158511943
 16632 32768 12620.926 12624.025 12727.976 85.63771270467511 86.34288604466484 86.36408707253335 5.352357044042194 5.396430377791552 5.3977554420333345
 18288 32768 13890.982 13890.982 13891.935 86.27468873126746 86.2806076633027 86.2806076633027 5.392168045704216 5.392537978956419 5.392537978956419
 20112 32768 15256.166 15256.882 15259.027 86.37903530808354 86.39117953458643 86.39523403193175 5.3986897067552215 5.399448720911652 5.399702126995734
 22120 32768 16729.116 16729.116 16733.885 86.6299917801515 86.65468755193041 86.65468755193041 5.414374486259469 5.4159179719956505 5.4159179719956505
 24328 32768 18378.973 18381.834 18384.933 86.72100181164652 86.73562213650717 86.74912401253323 5.420062613227907 5.420976383531698 5.421820250783327
 26760 32768 20190.954 20190.954 20193.1 86.84864433890786 86.85787506623015 86.85787506623015 5.428040271181741 5.428617191639384 5.428617191639384
 29432 32768 22188.902 22190.094 22190.094 86.92417220044223 86.92417220044223 86.92884181470538 5.432760762527639 5.432760762527639 5.433052613419086
 32368 32768 24404.049 24408.102 24521.828 86.50534731750014 86.9084063971873 86.92284005822148 5.406584207343759 5.431775399824207 5.432677503638843
 35600 16384 13665.915 13665.915 13674.021 85.31073632254915 85.3613387760717 85.3613387760717 5.331921020159322 5.3350836735044815 5.3350836735044815
 39160 16384 15220.881 15239.954 15240.192 84.1980783444198 84.19939325276178 84.30490193044673 5.262379896526237 5.262462078297611 5.269056370652921
 43072 16384 16916.99 16919.136 16923.189 83.39936970508336 83.4193481274694 83.42993026537225 5.21246060656771 5.213709257966838 5.214370641585766
 47376 16384 18583.059 18591.881 18612.862 83.40559168170913 83.4997151713697 83.53935528052727 5.21284948010682 5.218732198210606 5.221209705032955
 52112 16384 20461.082 20462.99 20483.017 83.3669188479412 83.44850952866614 83.45629111891542 5.210432427996325 5.2155318455416335 5.2160181949322135
 57320 16384 22464.991 22474.051 22474.051 83.57468620143294 83.57468620143294 83.6083913855118 5.223417887589559 5.223417887589559 5.225524461594487
 63048 16384 24700.88 24718.046 24754.047 83.45935773653497 83.58091347511855 83.63899844863826 5.2162098585334356 5.223807092194909 5.227437403039891
 69352 8192 13599.157 13601.065 13628.006 83.37706690179033 83.54222025995757 83.5539414685778 5.2110666813618955 5.221388766247348 5.222121341786113
 76280 8192 14950.991 14955.997 14966.011 83.50732336091426 83.56323687414486 83.59121612741255 5.219207710057141 5.222702304634054 5.224451007963284
 83904 8192 16451.12 16469.002 16474.962 83.44074699534967 83.47094353379762 83.56167458507385 5.215046687209354 5.216933970862351 5.222604661567115
 92288 8192 18101.931 18133.163 18233.061 82.92883965012786 83.38570562675689 83.5295743862906 5.183052478132991 5.2116066016723055 5.220598399143163
 101512 8192 19914.15 19921.78 19950.867 83.36342515841544 83.48514078561253 83.51712767052572 5.210214072400965 5.217821299100783 5.219820479407858
 111656 8192 21923.065 21950.96 21952.152 83.33451335431715 83.33903865707924 83.44507959995558 5.208407084644822 5.208689916067453 5.2153174749972235
 122816 8192 24092.913 24142.027 24206.877 83.12585485521325 83.34914644905335 83.5190557488835 5.195365928450828 5.209321653065834 5.219940984305219
 135096 4096 13268.948 13292.074 13300.18 83.20988377600905 83.26062825109157 83.40574037971962 5.200617736000566 5.203789265693223 5.212858773732476
 148600 4096 14576.912 14608.145 14615.059 83.29293778424022 83.33236013196748 83.5109109528822 5.205808611515014 5.208272508247967 5.219431934555137
 163456 4096 16047.955 16298.056 16316.891 82.06413537971174 82.15897356101856 83.43938850775692 5.129008461231984 5.13493584756366 5.214961781734807
 179800 4096 17822.027 17880.917 18471.003 79.74237240933803 82.37394088904949 82.64613222727135 4.983898275583627 5.148371305565593 5.1653832642044595
 197776 4096 19984.007 20385.981 20462.036 79.17985248388773 79.47525272391846 81.07388032840461 4.948740780242983 4.967203295244904 5.067117520525288
 217552 4096 22070.885 22289.038 22490.025 79.24339719497867 79.95795888543957 80.74827919224808 4.952712324686167 4.997372430339973 5.046767449515505
 239304 4096 24634.838 24999.857 25355.816 77.3147418328008 78.41558325713623 79.57748161364 4.83217136455005 4.900973953571015 4.9735926008525
 263232 2048 14013.052 14270.067 14383.078 74.9629719035105 75.55663698005063 76.94242995744254 4.685185743969407 4.722289811253164 4.808901872340159
 289552 2048 15342.951 15733.004 15913.963 74.52606192436164 75.3832511578844 77.29966627671561 4.657878870272603 4.711453197367775 4.831229142294726
 318504 2048 17355.919 17549.992 18224.001 71.58649651083755 74.33578226132526 75.1670011827089 4.474156031927347 4.645986391332829 4.697937573919306
 350352 2048 19087.076 20240.068 20313.978 70.64307109124564 70.9010361032384 75.18395127676968 4.415191943202853 4.4313147564524 4.698996954798105
 385384 2048 21839.857 22408.962 22539.854 70.03296756048199 70.4420340397739 72.27761903386089 4.3770604725301245 4.402627127485869 4.517351189616305
 423920 2048 24512.053 24719.0 24969.101 69.54100269769425 70.24460212791779 70.8376536228932 4.346312668605891 4.390287632994862 4.427353351430825
 466312 2048 27190.924 27466.774 27485.847 69.49081656461232 69.53907117013449 70.24454012669815 4.34317603528827 4.346191948133406 4.390283757918635
 512936 2048 30212.879 30215.025 30240.059 69.47690994915055 69.53447352765717 69.53941251345162 4.3423068718219096 4.345904595478573 4.346213282090726
 564224 1024 16662.836 16685.963 16733.885 69.05334606996523 69.2516669250675 69.34778401467793 4.315834129372827 4.3282291828167185 4.3342365009173704
 620640 1024 18295.05 18301.964 18351.078 69.26409009868522 69.44996285644535 69.47620913853747 4.329005631167826 4.340622678527835 4.342263071158592
 682704 1024 20130.873 20131.826 20138.025 69.4297376232277 69.45111645610288 69.45440428738485 4.339358601451731 4.34069477850643 4.340900267961553
 750968 1024 22140.026 22150.04 22168.875 69.37575605437803 69.43474883115336 69.4661543757898 4.335984753398627 4.339671801947085 4.341634648486862
 826064 1024 24343.014 24357.08 24461.031 69.16221446266923 69.45738454691613 69.49751875425123 4.322638403916827 4.341086534182258 4.343594922140702
 908664 1024 26789.904 26793.003 26839.972 69.33479185447734 69.45633798495824 69.46437254870342 4.333424490904834 4.34102112405989 4.341523284293964
 999528 1024 29465.914 29474.02 29478.788 69.44089234604897 69.45212577042426 69.47123187829843 4.3400557716280606 4.340757860651516 4.341951992393652
 1099480 512 16230.106 16231.06 16240.12 69.32630547064923 69.36500265540266 69.36907990619407 4.332894091915577 4.335312665962666 4.33556749413713
 1209424 512 17851.83 17863.035 17956.972 68.96765089348025 69.33033361911903 69.37384996384122 4.310478180842516 4.3331458511949394 4.3358656227400765
 1330360 512 19635.916 19639.969 19649.982 69.32772966407806 69.36307486025055 69.3773919179528 4.332983104004879 4.335192178765659 4.33608699487205
 1463392 512 21600.962 21606.922 21610.975 69.34038876080325 69.3533955461125 69.37253109375408 4.333774297550203 4.334587221632031 4.33578319335963
 1609728 512 23756.981 23757.935 23777.962 69.32307621654034 69.3815128292926 69.38429895616787 4.3326922635337715 4.336344551830788 4.336518684760492
 1770696 512 26130.915 26144.028 26145.935 69.34893336191648 69.35399181794023 69.38879499627166 4.33430833511978 4.334624488621264 4.3367996872669785
 1947760 512 28745.89 28748.989 28756.142 69.3593125253033 69.3765697291129 69.3840489892642 4.334957032831456 4.336035608069556 4.336503061829013
 2142536 256 15859.842 15866.041 15871.048 69.11821021522964 69.14002251727447 69.1670466830628 4.319888138451852 4.321251407329655 4.322940417691425
 2356784 256 17449.856 17457.008 17457.962 69.11880138128379 69.12257862286594 69.15090921094134 4.319925086330237 4.3201611639291215 4.3219318256838335
 2592456 256 19193.888 19196.987 19207.001 69.10696115442488 69.14301041095666 69.1541740787484 4.319185072151555 4.321438150684791 4.322135879921775
 2851696 256 21115.065 21118.164 21131.039 69.09590919783925 69.1380345374721 69.14818173659422 4.318494324864953 4.321127158592006 4.321761358537139
 3136864 256 23221.97 23230.076 23231.983 69.13203956803859 69.1377147453155 69.16184837031483 4.320752473002412 4.321107171582219 4.322615523144677
 3450544 256 25545.12 25547.981 25553.942 69.1352640621944 69.15139509458692 69.15913990617386 4.32095400388715 4.321962193411682 4.322446244135866
 3795592 256 28102.875 28103.828 28113.127 69.12582524171003 69.14869760802692 69.15104251789185 4.320364077606877 4.321793600501683 4.321940157368241
 4175144 256 30901.909 30921.936 31008.959 68.9372941542475 69.13130303354875 69.17610585158349 4.3085808846404685 4.320706439596797 4.323506615723968
 4592656 128 17107.01 17110.109 17114.162 68.69865646941989 68.71492963604146 68.72737760719144 4.293666029338743 4.294683102252591 4.295461100449465
 5051920 128 18812.18 18826.008 18827.2 68.69271692020055 68.69706631379312 68.74756248345486 4.293294807512535 4.29356664461207 4.2967226552159286
 5557112 128 20696.878 20702.124 20706.177 68.70513431813126 68.71858520410757 68.73600317883692 4.294070894883204 4.294911575256723 4.296000198677308
 6112816 128 22769.213 22778.034 22781.134 68.6919666071057 68.70131531105801 68.72793082483791 4.293247912944106 4.293832206941126 4.2954956765523695
 6724096 128 25050.163 25055.885 25083.065 68.62672388721235 68.70116844805122 68.71686128349744 4.289170242950772 4.293823028003201 4.29480383021859
 7396504 128 27551.889 27561.903 27564.049 68.69473436213961 68.70008300950772 68.72505271780095 4.293420897633726 4.293755188094233 4.295315794862559
 8136152 128 30303.001 30314.922 30319.929 68.69590334462855 68.70724958487442 68.73427856204738 4.293493959039284 4.294203099054651 4.295892410127961
 8949760 64 16879.082 16885.042 16889.811 67.82605678654426 67.84521353278242 67.86916966218897 4.239128549159016 4.2403258457989015 4.24182310388681
 9844736 64 18565.893 18570.9 18716.097 67.32847174279979 67.85488091584145 67.87318056826031 4.208029483924987 4.2409300572400905 4.242073785516269
 10829208 64 20425.081 20431.995 20433.903 67.83523558861955 67.84157024314072 67.86453498030193 4.239702224288722 4.240098140196295 4.24153343626887
 11912128 64 22467.136 22471.905 22473.097 67.84789759951643 67.85149652421545 67.86589906252404 4.240493599969777 4.2407185327634656 4.241618691407752
 13103336 64 24713.993 24719.954 24758.816 67.7426177406868 67.84911525320798 67.8654804183201 4.233913608792925 4.240569703325499 4.2415925261450065
 14413664 64 27183.056 27194.023 27200.937 67.82667052976888 67.84391526034968 67.87128687811996 4.239166908110555 4.240244703771855 4.2419554298824975
 15855024 64 29916.048 29926.062 29965.878 67.72513296623579 67.81523984010992 67.8379400915522 4.232820810389737 4.23845249000687 4.239871255722012
 17440520 32 16860.962 16866.922 16948.938 65.85623712824959 66.17646539184803 66.19985739840942 4.116014820515599 4.136029086990502 4.137491087400589
 19184568 32 18563.032 18636.942 19190.073 63.98164050756867 65.88056946252233 66.14287752130147 3.998852531723042 4.117535591407646 4.133929845081342
 21103024 32 21693.945 23391.962 23759.127 56.84525092188783 57.73750555853332 62.25670508522079 3.5528281826179895 3.6085940974083326 3.891044067826299
 23213320 32 33115.864 33122.063 33977.985 43.72397244863107 44.85386311836916 44.862259369104784 2.732748278039442 2.8033664448980726 2.803891210569049
 25534648 32 39021.969 39047.003 39126.873 41.767137179605434 41.85257116916246 41.87942110250767 2.6104460737253397 2.6157856980726537 2.6174638189067294
 28088112 32 44576.168 44703.007 44924.021 40.01509944980214 40.2129361901762 40.32735985740183 2.500943715612634 2.5133085118860126 2.5204599910876144
 30896920 32 48439.98 48707.962 49148.083 40.233570859722036 40.59711798247687 40.8217113219287 2.5145981787326273 2.537319873904804 2.551356957620544
 33986608 16 28405.19 28464.079 28656.006 37.952653136658334 38.20855949704187 38.28777262183425 2.372040821041146 2.3880349685651168 2.3929857888646406
 37385264 16 31599.998 31728.029 31816.006 37.601465375635144 37.70572852161728 37.858497585980864 2.3500915859771965 2.35660803260108 2.366156099123804
 41123784 16 34626.007 34760.952 35047.054 37.54840814865638 37.857452465628675 38.00499110394103 2.3467755092910236 2.366090779101792 2.3753119439963144
 45236160 16 38335.085 38715.839 38812.876 37.29579637437844 37.389274193437984 37.76063415536968 2.3309872733986525 2.336829637089874 2.360039634710605
 49759776 16 42008.877 42526.007 42973.995 37.05293938811134 37.44327164316179 37.90419896251928 2.315808711756959 2.340204477697612 2.369012435157455
 54735752 16 46685.934 46855.927 47020.912 37.25032096357467 37.38148354209276 37.51759714178579 2.328145060223417 2.3363427213807975 2.344849821361612
 60209320 16 51382.065 51485.062 51877.022 37.13972324779938 37.422471007221475 37.49748555259505 2.3212327029874613 2.338904437951342 2.3435928470371907
 66230248 16 56141.853 56396.961 56553.841 37.4752253520676 37.579470567571896 37.750231293577 2.342201584504225 2.3487169104732435 2.3593894558485626
 72853272 8 34385.92 34388.065 34409.046 33.8763344964577 33.89700327715444 33.899117778439546 2.1172709060286063 2.1185627048221525 2.1186948611524716
 80138592 8 37590.027 37723.064 37832.975 33.8915317127453 33.990279050503425 34.110575978038 2.118220732046581 2.124392440656464 2.131910998627375
 88152448 8 41325.808 41418.791 41517.973 33.97177333296112 34.0531226032165 34.12974207304065 2.12323583331007 2.1283201627010313 2.133108879565041
 96967688 8 45467.138 45644.999 46164.989 33.60735140649551 33.99020795246375 34.12317282869223 2.1004594629059694 2.1243879970289843 2.1326983017932646
 106664456 8 50314.903 50503.016 51168.919 33.35288939756574 33.79266093731907 33.91900201019964 2.0845555873478587 2.112041308582442 2.1199376256374776
 117330896 8 55342.197 55388.212 55468.082 33.844587162757854 33.89339117861396 33.92157228597195 2.115286697672366 2.1183369486633725 2.1200982678732467
 129063984 8 60654.879 60863.972 60866.833 33.926912937954235 33.92850772210529 34.04546803234081 2.1204320586221397 2.1205317326315805 2.1278417520213004
 141970376 4 39773.941 39890.051 39890.051 28.472337826792952 28.472337826792952 28.55545564368389 1.7795211141745595 1.7795211141745595 1.784715977730243
 156167408 4 43823.957 43870.926 43995.142 28.39720949190254 28.477613260317327 28.50813458036206 1.7748255932439088 1.779850828769833 1.7817584112726288
 171784144 4 48358.917 48384.905 48414.946 28.38530795841433 28.40293169946288 28.418195386799088 1.7740817474008956 1.77518323121643 1.776137211674943
 188962552 4 53157.091 53158.998 53486.824 28.26304317489481 28.43733841634863 28.438358600172457 1.7664401984309257 1.7773336510217894 1.7773974125107785
 207858800 4 58506.012 58602.095 59305.191 28.03920486488274 28.37561353395301 28.422214113653823 1.7524503040551713 1.7734758458720632 1.776388382103364
 228644680 4 64105.988 64112.902 64283.133 28.45470272894135 28.53025495554701 28.53333201884354 1.7784189205588343 1.7831409347216882 1.7833332511777213
 251509144 4 70616.007 70655.107 70791.006 28.42272296568296 28.477391620113178 28.493159518351135 1.776420185355185 1.7798369762570736 1.780822469896946
 276660056 2 51465.988 51483.87 51596.88 21.447812813487946 21.49489197296163 21.502360432680316 1.3404883008429966 1.3434307483101018 1.3438975270425197
 304326056 2 56702.137 56734.085 56735.039 21.45595112748579 21.45631191549137 21.468401164492267 1.3409969454678619 1.3410194947182106 1.3417750727807667
 334758656 2 62236.071 62245.846 62417.03 21.453033314786044 21.512031887236297 21.515410637024306 1.3408145821741277 1.3445019929522686 1.3447131648140191
 368234520 2 68581.82 68640.947 68935.156 21.36700872918892 21.458592055846786 21.47709232563382 1.3354380455743076 1.3411620034904241 1.3423182703521137
 405057968 2 75551.987 75659.99 76143.98 21.278528808186806 21.414645600666876 21.445258243174997 1.3299080505116754 1.3384153500416798 1.3403286401984373
 445563760 2 83025.932 83148.003 83219.051 21.41643071608687 21.434730549090876 21.466245509896837 1.3385269197554295 1.3396706593181797 1.3416403443685523
 490120136 2 91162.92 91372.013 91480.017 21.43069719805583 21.45602881705145 21.50524077113809 1.3394185748784895 1.3410018010657156 1.3440775481961307
 539132144 1 50235.033 50244.093 50272.942 21.448203449084 21.460518513091674 21.46438896536606 1.34051271556775 1.3412824070682297 1.3415243103353787
 593045352 1 55290.937 55308.104 55330.992 21.43628120746507 21.445152124542183 21.451810520049605 1.3397675754665668 1.3403220077838864 1.3407381575031003
 652349880 1 60715.914 60809.135 60882.092 21.42994297896334 21.45565399014474 21.488596218777175 1.3393714361852087 1.3409783743840462 1.3430372636735735
 717584864 1 66875.935 66877.842 67023.993 21.412775690639616 21.45956994246315 21.46018187259737 1.338298480664976 1.341223121403947 1.3412613670373357
 789343344 1 73527.098 73623.896 74303.865 21.24636030709842 21.442585543150283 21.47081458321665 1.3278975191936513 1.3401615964468927 1.3419259114510407
 868277672 1 80990.076 81088.066 81530.094 21.299562637570368 21.41567100638459 21.441581855041104 1.331222664848148 1.3384794378990368 1.340098865940069
 955105432 1 89046.001 89131.832 89239.836 21.405360538762086 21.431298124782177 21.45195564705932 1.3378350336726303 1.339456132798886 1.3407472279412076
 1050615968 1 97895.861 97911.119 98063.946 21.427160763039254 21.460605878684728 21.46395071799818 1.3391975476899534 1.3412878674177955 1.3414969198748863
 
META_DATA
 FLOPS          1
 ERT_VERSION  1.1.0
 HOSTNAME  ('graoully-2.nancy.grid5000.fr', [], ['172.16.70.2'])
 UNAME  uname_result(system='Linux', node='graoully-2.nancy.grid5000.fr', release='4.19.0-14-amd64', version='#1 SMP Debian 4.19.171-2 (2021-01-30)', machine='x86_64', processor='')
 TIMESTAMP_DATA  1615575184.4656932
 CONFIG  {'ERT_RESULTS': ['Results.graoully.01'], 'ERT_DRIVER': ['driver1'], 'ERT_KERNEL': ['kernel1'], 'ERT_OPENMP': ['False'], 'ERT_FLOPS': ['1,2,4,8,16,32'], 'ERT_ALIGN': ['64'], 'ERT_CC': ['g++'], 'ERT_CFLAGS': ['-O3'], 'ERT_LD': ['g++'], 'ERT_LDFLAGS': [], 'ERT_LDLIBS': [], 'ERT_PRECISION': ['FP64'], 'ERT_RUN': ['ERT_CODE'], 'ERT_NUM_EXPERIMENTS': ['3'], 'ERT_MEMORY_MAX': ['1073741824'], 'ERT_WORKING_SET_MIN': ['1'], 'ERT_TRIALS_MIN': ['1'], 'ERT_GNUPLOT': ['gnuplo'], 'ERT_MPI': [False], 'ERT_GPU': [False], 'ERT_HIP': [False], 'ERT_OCL': [False], 'ERT_SYCL': [False], 'ERT_WSS_MULT': [1.1]}
 TIMESTAMP_DATA  1615575216.162043
 TIMESTAMP_DATA  1615575247.8005178
 