fp64
 8 134217728 272729.158 272802.114 272831.202 7.871107235014858 7.871946505517183 7.8740522786346165 0.9838884043768572 0.9839933131896479 0.9842565348293271
 16 67108864 136361.837 136363.029 136363.983 15.748173386809919 15.748283561521651 15.748421224334198 1.9685216733512398 1.9685354451902064 1.9685526530417747
 24 33554432 68183.899 68187.952 68289.042 23.58522961853821 23.620195192253313 23.621599228287018 2.9481537023172764 2.952524399031664 2.952699903535877
 32 33554432 68182.945 68185.091 68186.045 31.494474389884324 31.49491503941822 31.4959063149883 3.9368092987355405 3.9368643799272776 3.9369882893735375
 40 16777216 34090.996 34091.949 34110.785 39.34759285076552 39.369332624544285 39.37043317830902 4.91844910634569 4.921166578068036 4.921304147288628
 48 16777216 34384.012 34917.831 35237.074 45.70790230766607 46.125795614280854 46.841908268296315 5.713487788458258 5.765724451785107 5.855238533537039
 56 16777216 34092.903 34094.095 34096.003 55.11051227910791 55.113596416036266 55.115523368602545 6.8888140348884885 6.889199552004533 6.889440421075318
 64 16777216 39335.966 39340.019 39359.808 54.560318180413894 54.5877633663573 54.59338784256627 6.820039772551737 6.823470420794663 6.824173480320784
 72 8388608 17878.056 18244.028 18352.032 65.82156962237205 66.21123098473649 67.56660522821944 8.227696202796507 8.276403873092061 8.44582565352743
 80 8388608 22289.991 22290.945 22291.899 60.2091943804339 60.211771192293554 60.21434822472561 7.5261492975542374 7.526471399036694 7.5267935280907015
 88 8388608 24030.924 24137.974 24214.029 60.97271164579839 61.164827172321914 61.437296709856014 7.621588955724799 7.645603396540239 7.679662088732002
 96 8388608 24914.026 25239.944 25384.903 63.44766162785811 63.812056635307904 64.64682729318818 7.930957703482264 7.976507079413488 8.080853411648523
 104 8388608 28080.94 28129.101 28301.001 61.65260599792919 62.02937178831275 62.135756993889814 7.706575749741149 7.753671473539094 7.766969624236227
 112 8388608 29025.078 29304.028 29618.025 63.44272421945757 64.12252240545224 64.73878182170604 7.930340527432196 8.01531530068153 8.092347727713255
 120 8388608 31633.139 31790.972 32019.138 62.87695565071115 63.32822790067569 63.64420299863381 7.859619456338894 7.9160284875844615 7.955525374829226
 128 8388608 33043.861 33398.867 33618.927 63.87722154249598 64.29809873490619 64.98888395638755 7.984652692811998 8.037262341863274 8.123610494548444
 136 4194304 17703.056 17844.915 18111.944 62.98885906449358 63.931416204560236 64.44371457673748 7.873607383061698 7.9914270255700295 8.055464322092185
 144 4194304 18496.037 18607.855 18870.831 64.01199565615315 64.91664686768034 65.30910118745977 8.001499457019143 8.114580858460043 8.163637648432472
 152 4194304 19834.995 20043.135 20080.09 63.49913849987724 63.61621652500969 64.28377803977264 7.937392312484655 7.952027065626211 8.03547225497158
 160 4194304 20576.0 20673.99 20849.943 64.37318701542733 64.92105684485674 65.230233281493 8.046648376928417 8.115132105607092 8.153779160186625
 176 4194304 22524.834 22666.931 22794.008 64.77118934063724 65.13431430130527 65.54521147636426 8.096398667579654 8.141789287663158 8.193151434545532
 192 4194304 24700.88 24804.115 24916.172 64.64125933951652 64.93328772262183 65.20467027895361 8.080157417439565 8.116660965327728 8.150583784869202
 208 4194304 26553.154 26691.914 26813.984 65.07166051863088 65.36925242603434 65.71085544112763 8.13395756482886 8.171156553254292 8.213856930140954
 224 4194304 28578.043 28660.059 28756.857 65.34261348519415 65.56330508600837 65.75146492711204 8.167826685649269 8.195413135751046 8.218933115889005
 240 4194304 30595.064 30726.91 30805.826 65.35341464306134 65.52126198176126 65.80361851833355 8.169176830382668 8.190157747720157 8.225452314791694
 264 2097152 16939.163 16968.012 17045.021 64.96303266508149 65.25786615426722 65.36900648514923 8.120379083135186 8.157233269283402 8.171125810643654
 288 2097152 18239.975 18285.036 18356.8 65.80447311078183 66.06273851470677 66.22594340178647 8.225559138847728 8.257842314338346 8.278242925223308
 312 2097152 19795.895 19863.129 19931.078 65.65740438123818 65.88200922422645 66.1057682918605 8.207175547654773 8.235251153028306 8.263221036482562
 336 2097152 21209.002 21221.876 21244.049 66.33792569392021 66.40723675889916 66.44754637676964 8.292240711740027 8.300904594862395 8.305943297096205
 368 2097152 23217.916 23273.945 23273.945 66.31896191212964 66.31896191212964 66.47900147455094 8.289870239016205 8.289870239016205 8.309875184318868
 400 2097152 25135.994 25191.069 25241.137 66.46775064055157 66.59985727481434 66.74578295968722 8.308468830068946 8.324982159351793 8.343222869960902
 440 2097152 27769.089 27815.104 27863.979 66.23224055688529 66.34861980023516 66.45856333277624 8.279030069610661 8.293577475029394 8.30732041659703
 480 2097152 30148.983 30156.851 30161.858 66.74873676548705 66.7598191866916 66.7772415407843 8.343592095685882 8.34497739833645 8.347155192598038
 528 1048576 16505.957 16587.973 16591.072 66.74048886051484 66.75295745899754 67.0846444104998 8.342561107564356 8.344119682374693 8.385580551312476
 576 1048576 18028.975 18030.882 18030.882 66.99392475642621 66.99392475642621 67.00101098370817 8.374240594553276 8.374240594553276 8.375126372963521
 632 1048576 21206.856 21379.948 21466.97 61.74136657385742 61.9926701411996 62.498659112883125 7.7176708217321774 7.74908376764995 7.812332389110391
 688 1048576 23601.055 23647.07 23655.891 60.99286541352427 61.01561741052909 61.13457961942803 7.624108176690534 7.626952176316136 7.641822452428504
 752 1048576 25242.09 25244.951 25262.117 62.42779668861482 62.47024618903003 62.47732671898404 7.803474586076852 7.808780773628754 7.809665839873005
 824 1048576 26058.912 26059.151 26061.058 66.30787007956468 66.3127224674357 66.31333065632211 8.288483759945585 8.289090308429463 8.289166332040264
 904 1048576 28026.819 28027.058 28033.018 67.6283020258468 67.64268329554962 67.64326012167133 8.45353775323085 8.455335411943702 8.455407515208917
 992 1048576 30977.964 30977.964 30978.918 67.15453341527292 67.15660151196508 67.15660151196508 8.394316676909115 8.394575188995635 8.394575188995635
 1088 524288 16717.911 16720.057 16721.964 68.22468269875476 68.23246404004485 68.24122272214514 8.528085337344345 8.529058005005606 8.530152840268142
 1192 524288 17456.055 17457.008 17465.115 71.56566630108074 71.5989012550146 71.60281014238325 8.945708287635092 8.949862656876824 8.950351267797906
 1304 524288 18847.942 18850.088 18985.033 72.0221610360119 72.5377570651129 72.54601611146724 9.002770129501487 9.067219633139112 9.068252013933405
 1432 524288 20323.038 20325.899 20418.167 73.54043249817674 73.87426415923841 73.88466389719883 9.192554062272093 9.234283019904801 9.235582987149854
 1568 524288 22454.023 22455.215 22457.838 73.21128454128132 73.21983637208551 73.22372333902037 9.151410567660164 9.152479546510689 9.152965417377546
 1720 524288 23766.041 23766.041 23943.901 75.32401340951084 75.88772231773899 75.88772231773899 9.415501676188855 9.485965289717374 9.485965289717374
 1888 524288 26227.951 26230.097 26237.965 75.45217352031685 75.4748062121158 75.48098164435339 9.431521690039606 9.434350776514474 9.435122705544174
 2072 262144 14013.052 14014.006 14014.006 77.5170737046923 77.5170737046923 77.52235101960657 9.689634213086537 9.689634213086537 9.690293877450822
 2272 262144 15404.94 15406.847 15407.085 77.31393290813935 77.31512722882236 77.32469818123278 9.664241613517419 9.664390903602795 9.665587272654097
 2496 262144 16716.957 16718.149 16718.149 78.27558230280157 78.27558230280157 78.281163730935 9.784447787850196 9.784447787850196 9.785145466366876
 2744 262144 18028.975 18031.12 18034.22 79.77313529501137 79.78685028994317 79.79634294240243 9.971641911876421 9.973356286242897 9.974542867800304
 3016 262144 19668.818 19669.056 19670.963 80.38511424173794 80.39290792603366 80.39388071006607 10.048139280217242 10.049113490754207 10.049235088758259
 3312 262144 21633.863 21635.056 21636.009 80.25703150705844 80.26056673946209 80.26499271073317 10.032128938382305 10.032570842432762 10.033124088841646
 3640 262144 23356.915 23359.06 23359.776 81.69634503344551 81.6988491831435 81.70635205890845 10.212043129180689 10.212356147892937 10.213294007363556
 4000 262144 25732.04 25732.994 25733.948 81.49359748453676 81.49661869893569 81.49964013735405 10.186699685567095 10.187077337366961 10.187455017169256
 4400 131072 14052.868 14054.775 14057.875 82.04892987026845 82.06702704241086 82.07816368872177 10.256116233783557 10.258378380301357 10.259770461090222
 4840 131072 15283.108 15285.015 15395.164 82.41399442058558 83.0078976042876 83.0182551873611 10.301749302573198 10.37598720053595 10.377281898420138
 5320 131072 16717.911 16720.057 16720.057 83.40917019601069 83.40917019601069 83.41987704085756 10.426146274501336 10.426146274501336 10.427484630107195
 5848 131072 18274.069 18275.976 18275.976 83.8816001947037 83.8816001947037 83.89035370283432 10.485200024337962 10.485200024337962 10.48629421285429
 6432 131072 20121.098 20127.058 20127.058 83.77330695822509 83.77330695822509 83.79812115621127 10.471663369778136 10.471663369778136 10.474765144526408
 7072 131072 22047.997 22047.997 22050.858 84.07302645547851 84.08393596933091 84.08393596933091 10.509128306934814 10.510491996166364 10.510491996166364
 7776 131072 24142.027 24143.934 24163.008 84.36167152698867 84.42831826826563 84.43498733557045 10.545208940873584 10.553539783533203 10.554373416946307
 8552 65536 13174.057 13174.057 13175.011 85.07983363353549 85.08599469396557 85.08599469396557 10.634979204191936 10.635749336745697 10.635749336745697
 9400 65536 14442.921 14443.159 14444.113 85.2995819127142 85.30521612342564 85.30662183916951 10.662447739089275 10.663152015428205 10.663327729896189
 10336 65536 15902.042 15903.95 15939.951 84.99149037534683 85.18388148856103 85.19410224171212 10.623936296918354 10.647985186070128 10.649262780214015
 11368 65536 17394.066 17395.973 17406.94 85.59956523087918 85.65353004399351 85.66292067651118 10.699945653859897 10.706691255499189 10.707865084563897
 12504 65536 19073.009 19074.917 19079.924 85.89784152180061 85.92038895896637 85.92898414717888 10.737230190225077 10.740048619870796 10.74112301839736
 13752 65536 20938.873 20940.065 20941.973 86.07126673308191 86.07910930553464 86.08400958351483 10.75890834163524 10.75988866319183 10.760501197939353
 15120 65536 23048.878 23053.169 23056.984 85.95263977283412 85.96686381815879 85.9828682333257 10.744079971604265 10.745857977269848 10.747858529165713
 16632 32768 12620.926 12622.118 12622.118 86.35593107274072 86.35593107274072 86.36408707253335 10.79449138409259 10.79449138409259 10.795510884066669
 18288 32768 13890.982 13891.935 13994.932 85.63974215808979 86.27468873126746 86.2806076633027 10.704967769761224 10.784336091408433 10.785075957912838
 20112 32768 15254.021 15254.974 15257.12 86.38983189487924 86.40198482147527 86.40738281401343 10.798728986859905 10.800248102684408 10.800922851751679
 22120 32768 16729.116 16731.977 16734.838 86.62505845589902 86.63987047077582 86.65468755193041 10.828132306987378 10.829983808846977 10.831835943991301
 24328 32768 18376.827 18378.973 18382.072 86.73449913589721 86.74912401253323 86.7592543587639 10.841812391987151 10.843640501566654 10.844906794845487
 26760 32768 20190.954 20191.908 20193.1 86.84864433890786 86.85377132265064 86.85787506623015 10.856080542363483 10.85672141533133 10.857234383278769
 29432 32768 22188.902 22189.856 22196.054 86.90083165232883 86.92510451622579 86.92884181470538 10.862603956541104 10.865638064528223 10.866105226838172
 32368 32768 24403.811 24405.003 24407.864 86.90925383720591 86.9194422143689 86.92368777974882 10.863656729650739 10.864930276796112 10.865460972468602
 35600 16384 13656.855 13669.968 13670.921 85.33008127250532 85.33603004776602 85.41796775319061 10.666260159063166 10.667003755970752 10.677245969148826
 39160 16384 15224.934 15244.961 15262.127 84.07706737075375 84.17173910776157 84.28245928685142 10.509633421344219 10.521467388470196 10.535307410856428
 43072 16384 16913.176 16916.037 16932.011 83.35591655356235 83.43463046338807 83.44874410341382 10.419489569195294 10.42932880792351 10.431093012926727
 47376 16384 18597.841 18615.961 18726.11 82.90118812716575 83.39170714850552 83.47295624260902 10.36264851589572 10.42396339356319 10.434119530326127
 52112 16384 20466.089 20509.005 20510.912 83.25353918928617 83.26128039853712 83.43587365421894 10.406692398660772 10.40766004981714 10.429484206777367
 57320 16384 22472.858 22502.899 22503.853 83.46400769681529 83.46754611483614 83.57912286901825 10.43300096210191 10.433443264354517 10.447390358627281
 63048 16384 24712.086 24733.067 24780.035 83.37182994293592 83.53015273035084 83.60107131385024 10.42147874286699 10.441269091293854 10.45013391423128
 69352 8192 13592.005 13595.104 13638.973 83.31002400254036 83.57885073920728 83.59790685774469 10.413753000317545 10.44735634240091 10.449738357218086
 76280 8192 14966.011 14971.018 15012.026 83.25135594622604 83.47939465439156 83.50732336091426 10.406419493278255 10.434924331798944 10.438415420114282
 83904 8192 16453.981 16455.889 16512.871 83.2491900409081 83.53745798844415 83.54714497360852 10.406148755113513 10.442182248555518 10.443393121701066
 92288 8192 18095.016 18113.136 18159.151 83.26637032755549 83.47790200437959 83.56149516529855 10.408296290944437 10.434737750547448 10.445186895662319
 101512 8192 19891.977 19903.183 19968.987 83.28778059698271 83.56314706044756 83.6102217492007 10.41097257462284 10.445393382555945 10.451277718650088
 111656 8192 21884.203 21930.933 22107.124 82.75033441708655 83.41514262069927 83.59326149551802 10.343791802135819 10.426892827587409 10.449157686939753
 122816 8192 24104.118 24138.927 24329.901 82.70552946351899 83.3598504192005 83.48023122024213 10.338191182939873 10.419981302400062 10.435028902530266
 135096 4096 13256.073 13297.081 14177.084 78.06305104773308 83.22927656077299 83.48674845106842 9.757881380966635 10.403659570096623 10.435843556383553
 148600 4096 14580.011 15094.042 15723.944 77.41894781614587 80.64978221208077 83.49316060186786 9.677368477018234 10.081222776510096 10.436645075233482
 163456 4096 16043.186 16700.983 17654.896 75.84477144470293 80.17681067036594 83.46419171354118 9.480596430587866 10.022101333795742 10.433023964192648
 179800 4096 17697.096 18351.078 19381.046 75.99804468757776 80.26349187769787 83.22956489584504 9.49975558594722 10.032936484712234 10.40369561198063
 197776 4096 19429.922 20179.033 21454.096 75.51849269249098 80.29031876800043 83.38587216150431 9.439811586561373 10.036289846000054 10.423234020188039
 217552 4096 21372.08 22083.998 23804.903 74.86634093825126 80.70033261187581 83.38851361215193 9.358292617281407 10.087541576484476 10.42356420151899
 239304 4096 23500.919 24626.017 26358.128 74.37471917580793 79.60598614059269 83.41709394428362 9.29683989697599 9.950748267574086 10.427136743035453
 263232 2048 13132.095 14081.955 14549.017 74.10798076598579 76.56595067943337 82.10405666422609 9.263497595748223 9.570743834929171 10.263007083028262
 289552 2048 15818.119 15856.981 15977.144 74.23135148559719 74.79387104014315 74.97762483642965 9.278918935699648 9.349233880017893 9.372203104553707
 318504 2048 17872.095 17899.036 18234.968 71.54344246724206 72.88618135635907 72.99605244936309 8.942930308405257 9.110772669544884 9.124506556170386
 350352 2048 19790.173 19982.1 20704.985 69.30899935450327 71.81636524689598 72.51284726010229 8.663624919312909 8.977045655861998 9.064105907512786
 385384 2048 21764.994 21954.06 22749.901 69.38636190109135 71.90163751032838 72.52622555283038 8.673295237636419 8.987704688791048 9.065778194103798
 423920 2048 24081.945 24567.127 25019.169 69.4018382465061 70.67885145869926 72.10282724256699 8.675229780813263 8.834856432337407 9.012853405320874
 466312 2048 26852.131 27504.921 27529.001 69.3818839266997 69.4426263576616 71.13081460834523 8.672735490837463 8.6803282947077 8.891351826043154
 512936 2048 30075.073 30220.985 30267.954 69.41287990592294 69.52076035906836 69.85804676184826 8.676609988240367 8.690095044883545 8.732255845231032
 564224 1024 16638.041 16639.948 16664.028 69.34282347581271 69.44317085606276 69.45113021418807 8.667852934476588 8.680396357007846 8.681391276773509
 620640 1024 18300.056 18301.01 18329.859 69.3442715516797 69.45358316289648 69.45720384680789 8.668033943959962 8.68169789536206 8.682150480850986
 682704 1024 20132.78 20133.018 20163.059 69.34353522449148 69.44700451765354 69.4478254865945 8.667941903061434 8.680875564706692 8.680978185824312
 750968 1024 22140.026 22140.98 22166.014 69.38471048515986 69.46316125121832 69.4661543757898 8.673088810644982 8.68289515640229 8.683269296973725
 826064 1024 24345.875 24354.219 24384.975 69.37792931918118 69.46554401929292 69.48935176903686 8.672241164897647 8.683193002411615 8.686168971129607
 908664 1024 26793.003 26794.195 26817.799 69.39211797358911 69.45324806361975 69.45633798495824 8.674014746698639 8.68165600795247 8.68204224811978
 999528 1024 29463.053 29463.053 29498.1 69.39543034975134 69.47797785925307 69.47797785925307 8.674428793718917 8.684747232406634 8.684747232406634
 1099480 512 16228.914 16239.882 16245.842 69.30188783074462 69.32732146699095 69.37417500641139 8.662735978843077 8.665915183373869 8.671771875801424
 1209424 512 17853.022 17862.082 17865.181 69.32200552572067 69.33403261725033 69.36921805171136 8.665250690715084 8.666754077156291 8.67115225646392
 1330360 512 19638.062 19644.022 19659.996 69.29241694657517 69.34876371040514 69.3698105240731 8.661552118321897 8.668595463800642 8.671226315509138
 1463392 512 21599.054 21607.876 21620.989 69.30827299343244 69.35033355430214 69.37865926905873 8.663534124179055 8.668791694287767 8.672332408632341
 1609728 512 23757.935 23787.022 23832.083 69.16564834051643 69.29667244600857 69.3815128292926 8.645706042564553 8.662084055751071 8.672689103661575
 1770696 512 26125.908 26129.961 26159.048 69.3141701486996 69.39132836822833 69.40209327844222 8.66427126858745 8.673916046028541 8.675261659805278
 1947760 512 28735.161 28740.168 28774.977 69.31391257063385 69.39786294916578 69.40995528091874 8.66423907132923 8.674732868645723 8.676244410114842
 2142536 256 15858.889 15862.942 15880.823 69.07566641854771 69.15352978028919 69.17120310256287 8.634458302318464 8.644191222536149 8.646400387820359
 2356784 256 17446.995 17447.948 17466.068 69.0867233541058 69.15847112795154 69.1622487425485 8.635840419263225 8.644808890993943 8.645281092818562
 2592456 256 19190.073 19191.027 19208.908 69.10010043257013 69.16448358912736 69.16792197715975 8.637512554071266 8.64556044864092 8.645990247144969
 2851696 256 21106.005 21127.939 21134.853 69.08344013559025 69.10604730541867 69.17786440399308 8.635430016948781 8.638255913177334 8.647233050499135
 3136864 256 23223.877 23224.831 23241.043 69.10508999101287 69.1533285215294 69.15616923048637 8.63813624887661 8.644166065191175 8.644521153810796
 3450544 256 25536.06 25540.829 25561.094 69.11591999935527 69.17075902273963 69.18367704336534 8.639489999919409 8.646344877842454 8.647959630420667
 3795592 256 28092.146 28099.06 28115.988 69.11879120164654 69.16043113185992 69.17745280122067 8.639848900205818 8.64505389148249 8.647181600152583
 4175144 256 30897.141 30898.094 30929.089 69.11531497096472 69.1846470529865 69.1867810034592 8.63941437137059 8.648080881623313 8.6483476254324
 4592656 128 17102.003 17111.063 17117.023 68.68717393205581 68.71109854484202 68.74749910873012 8.585896741506977 8.588887318105252 8.593437388591266
 5051920 128 18812.18 18815.994 18833.876 68.66836757340867 68.73362735978763 68.74756248345486 8.583545946676084 8.591703419973454 8.593445310431857
 5557112 128 20699.978 20708.084 20718.098 68.66560202582303 68.69880728704791 68.72570937031914 8.58320025322788 8.58735091088099 8.590713671289892
 6112816 128 22758.961 22762.06 22835.97 68.52701663209402 68.74952864547409 68.75889000380994 8.565877079011752 8.59369108068426 8.594861250476242
 6724096 128 25040.15 25042.057 25068.998 68.66523249154194 68.73910461908142 68.74433963055333 8.583154061442743 8.592388077385177 8.593042453819166
 7396504 128 27543.068 27545.214 27772.903 68.17814558312467 68.74170678071334 68.74706274551549 8.522268197890584 8.592713347589168 8.593382843189437
 8136152 128 30295.134 30297.995 30335.903 68.65973008945869 68.74563521447543 68.75212738785048 8.582466261182336 8.593204401809428 8.59401592348131
 8949760 64 16875.029 16875.982 16887.188 67.83659185886958 67.88163675453077 67.88547030052511 8.479573982358698 8.485204594316347 8.48568378756564
 9844736 64 18559.933 18563.032 18582.106 67.81396080724112 67.88364142237108 67.89497612949357 8.47674510090514 8.485455177796386 8.486872016186696
 10829208 64 20423.174 20426.989 20541.191 67.4809276638341 67.85819603662584 67.87087178515935 8.435115957979262 8.48227450457823 8.483858973144919
 11912128 64 22460.938 22463.083 22480.965 67.8241518546913 67.87814406419635 67.8846263677857 8.478018981836412 8.484768008024544 8.485578295973212
 13103336 64 24707.794 24720.907 24730.921 67.81902736254747 67.84649964501708 67.88250735779972 8.477378420318434 8.480812455627134 8.485313419724966
 14413664 64 27174.95 27179.003 27204.99 67.81656571092287 67.88140801191273 67.8915321647326 8.47707071386536 8.48517600148909 8.486441520591574
 15855024 64 29896.975 29900.074 29924.154 67.81956382125288 67.87418225118773 67.88121781551477 8.47744547765661 8.484272781398467 8.485152226939347
 17440520 32 16856.909 16872.883 16932.964 65.91836373124045 66.15308599010613 66.21577419679967 8.239795466405056 8.269135748763267 8.276971774599959
 19184568 32 18586.874 18615.961 19054.174 64.437973118121 65.95481973775084 66.05803385765675 8.054746639765124 8.244352467218855 8.257254232207094
 21103024 32 22892.952 22919.178 23959.875 56.36897254263639 58.92853295174898 58.99604105228544 7.046121567829549 7.366066618968622 7.37450513153568
 23213320 32 32572.985 33205.986 33531.904 44.30564038355829 44.74050190830051 45.609958068012496 5.538205047944786 5.592562738537564 5.701244758501562
 25534648 32 39064.169 39066.076 39664.984 41.200507530773244 41.83213773505177 41.834179859297656 5.1500634413466555 5.229017216881471 5.229272482412207
 28088112 32 44234.991 44401.884 45021.057 39.92885302537432 40.48565074400897 40.63839795966048 4.99110662817179 5.060706343001121 5.07979974495756
 30896920 32 48753.023 48903.942 49717.903 39.7724513843635 40.43442714699768 40.55959524807313 4.971556423045437 5.05430339337471 5.069949406009141
 33986608 16 28545.856 28670.073 28888.941 37.64663633741369 37.934031629427665 38.099101179519714 4.705829542176711 4.741753953678458 4.762387647439964
 37385264 16 31471.014 31603.813 31913.996 37.48601234392584 37.853927562474816 38.0136606974278 4.68575154299073 4.731740945309352 4.751707587178475
 41123784 16 34742.117 34835.1 34990.072 37.60955644789756 37.77687125916101 37.87797640541018 4.701194555987195 4.722108907395127 4.7347470506762726
 45236160 16 38281.918 38397.074 38462.162 37.635874967195036 37.69967263651391 37.81307718176503 4.7044843708993795 4.712459079564239 4.726634647720629
 49759776 16 41835.07 41980.028 42233.944 37.7022054108894 37.93024702127403 38.06167485796008 4.712775676361175 4.741280877659253 4.75770935724501
 54735752 16 46224.117 46359.062 46655.893 37.54175413596735 37.78212906896175 37.89242883752652 4.692719266995919 4.722766133620219 4.736553604690815
 60209320 16 50585.985 50971.031 51386.833 37.49400629534807 37.79986792890259 38.08758967528259 4.686750786918509 4.724983491112824 4.760948709410323
 66230248 16 56292.772 56329.012 56673.05 37.3963980410442 37.6248022244736 37.6490242122026 4.674549755130525 4.7031002780592 4.706128026525325
 72853272 8 34108.162 34134.865 34420.967 33.864602118819036 34.148438905500285 34.175173437958925 4.2330752648523795 4.268554863187536 4.271896679744866
 80138592 8 37351.847 37495.852 37579.06 34.12053074238685 34.196248481031986 34.32808749725281 4.265066342798356 4.274531060128998 4.291010937156601
 88152448 8 40979.862 41090.012 41256.905 34.18674202536521 34.32559640040991 34.41786036273133 4.273342753170652 4.290699550051238 4.3022325453414165
 96967688 8 45189.857 45254.946 45567.989 34.04765147744396 34.28317002079728 34.33254962501872 4.255956434680495 4.28539625259966 4.29156870312734
 106664456 8 49880.028 49977.064 50113.916 34.05503764662894 34.1482904237832 34.214722092778295 4.256879705828617 4.2685363029729 4.276840261597287
 117330896 8 54682.016 54874.897 55149.078 34.040357592197644 34.210439356268864 34.331110542815395 4.2550446990247055 4.276304919533608 4.291388817851924
 129063984 8 60350.18 60438.871 60579.062 34.08807723038036 34.16714623937962 34.217358490065806 4.261009653797545 4.270893279922452 4.277169811258226
 141970376 4 39479.971 39609.909 39823.055 28.520238037990808 28.67370909637788 28.768081111305786 3.565029754748851 3.584213637047235 3.5960101389132233
 156167408 4 43467.045 43582.916 43678.999 28.60274485685901 28.665802536021225 28.742217558152394 3.5753431071073765 3.583225317002653 3.592777194769049
 171784144 4 47872.066 47997.952 48309.088 28.44750768219843 28.631912294924586 28.70720373756169 3.555938460274804 3.5789890368655732 3.5884004671952114
 188962552 4 52654.982 52816.153 53066.969 28.486654589222912 28.62193344524733 28.70954197648382 3.560831823652864 3.577741680655916 3.5886927470604775
 207858800 4 58017.015 58068.037 58490.992 28.429512701716533 28.636587112459136 28.661771033894112 3.5536890877145666 3.579573389057392 3.582721379236764
 228644680 4 63756.943 63777.924 64152.002 28.5128660520992 28.68010316547776 28.689541153188603 3.5641082565124 3.58501289568472 3.5861926441485754
 251509144 4 70045.948 70192.814 70489.168 28.54443042936753 28.664944989952964 28.725047050544593 3.5680538036709413 3.5831181237441205 3.590630881318074
 276660056 2 51055.908 51162.004 51496.029 21.48981670023527 21.63011878893563 21.67506694817767 2.6862270875294088 2.7037648486169537 2.7093833685222086
 304326056 2 56133.986 56224.108 56550.98 21.52578476977764 21.650929953392946 21.685690091560577 2.690723096222205 2.7063662441741183 2.710711261445072
 334758656 2 61858.892 61868.191 62283.039 21.499185741402247 21.643345350116995 21.646598907720495 2.687398217675281 2.7054181687646244 2.705824863465062
 368234520 2 68048.954 68077.087 68526.03 21.49457775388418 21.636326477952856 21.645271432092844 2.6868222192355224 2.704540809744107 2.7056589290116055
 405057968 2 74924.231 74954.987 75474.977 21.46713965875074 21.616065012458748 21.624938292659955 2.6833924573438424 2.7020081265573435 2.7031172865824944
 445563760 2 82223.892 82343.102 82798.004 21.525338219505873 21.644254305600484 21.675634619679638 2.690667277438234 2.7055317882000605 2.7094543274599547
 490120136 2 90415.001 91131.926 91159.105 21.5061407634487 21.512554711067995 21.68313357647366 2.6882675954310873 2.6890693388834994 2.7103916970592077
 539132144 1 49752.951 49837.112 50110.817 21.517595452494817 21.635769905768214 21.67236849930771 2.689699431561852 2.7044712382210268 2.7090460624134636
 593045352 1 54768.085 54769.039 55016.041 21.5589977475842 21.656226321590196 21.65660354931161 2.694874718448025 2.7070282901987746 2.707075443663951
 652349880 1 60254.097 60276.985 60529.947 21.55461593250693 21.645073322761583 21.653295376744257 2.6943269915633663 2.705634165345198 2.706661922093032
 717584864 1 66260.099 66361.189 66614.866 21.54428604570037 21.626642765547796 21.659637544459446 2.6930357557125464 2.7033303456934745 2.707454693057431
 789343344 1 72833.061 73060.036 73318.005 21.532046432523632 21.608074323971042 21.675413147883482 2.691505804065454 2.7010092904963803 2.7094266434854353
 868277672 1 80105.066 80204.964 80553.055 21.55790794030096 21.651469652177635 21.678470922176132 2.69473849253762 2.7064337065222044 2.7098088652720165
 955105432 1 88209.867 88261.127 88646.889 21.548538088008932 21.642720061800254 21.655296952210573 2.6935672610011165 2.705340007725032 2.7069121190263217
 1050615968 1 97049.952 97082.138 97512.007 21.548443116343613 21.64385724591273 21.651035293659906 2.6935553895429516 2.7054821557390913 2.706379411707488
 
META_DATA
 FLOPS          2
 ERT_VERSION  1.1.0
 HOSTNAME  ('graoully-2.nancy.grid5000.fr', [], ['172.16.70.2'])
 UNAME  uname_result(system='Linux', node='graoully-2.nancy.grid5000.fr', release='4.19.0-14-amd64', version='#1 SMP Debian 4.19.171-2 (2021-01-30)', machine='x86_64', processor='')
 TIMESTAMP_DATA  1615568863.627685
 CONFIG  {'ERT_RESULTS': ['Results.graoully.01'], 'ERT_SPEC_GBYTES_DRAM': ['59.00'], 'ERT_SPEC_GFLOPS': ['51.2'], 'ERT_DRIVER': ['driver1'], 'ERT_KERNEL': ['kernel1'], 'ERT_OPENMP': ['False'], 'ERT_FLOPS': ['1,2,4,8,16'], 'ERT_ALIGN': ['32'], 'ERT_CC': ['g++'], 'ERT_CFLAGS': ['-O3'], 'ERT_LD': ['g++'], 'ERT_LDFLAGS': [], 'ERT_LDLIBS': [], 'ERT_PRECISION': ['FP64'], 'ERT_RUN': ['ERT_CODE'], 'ERT_NUM_EXPERIMENTS': ['3'], 'ERT_MEMORY_MAX': ['1073741824'], 'ERT_WORKING_SET_MIN': ['1'], 'ERT_TRIALS_MIN': ['1'], 'ERT_GNUPLOT': ['gnuplo'], 'ERT_MPI': [False], 'ERT_GPU': [False], 'ERT_HIP': [False], 'ERT_OCL': [False], 'ERT_SYCL': [False], 'ERT_WSS_MULT': [1.1]}
 TIMESTAMP_DATA  1615568895.1975875
 TIMESTAMP_DATA  1615568926.7104807
 