fp64
 8 134217728 904511.929 904608.965 904685.974 2.3737337702993946 2.373935845307481 2.3741905210406573 1.1868668851496973 1.1869679226537404 1.1870952605203287
 16 67108864 451840.162 451969.147 452160.12 4.749387557664307 4.751394342410722 4.752750703909318 2.3746937788321536 2.375697171205361 2.376375351954659
 24 33554432 229717.016 229975.939 229993.82 7.002852233160003 7.003396716210386 7.011290517547033 3.5014261165800016 3.501698358105193 3.5056452587735163
 32 33554432 230973.005 230989.933 231277.943 9.285293790424278 9.296871167108396 9.29755253433188 4.642646895212139 4.648435583554198 4.64877626716594
 40 16777216 115452.051 115458.012 115554.094 11.61514260152479 11.624808506143342 11.625408716212412 5.807571300762395 5.812404253071671 5.812704358106206
 48 16777216 115548.134 115552.902 115556.002 13.937940982070323 13.938314902727411 13.938890055983075 6.9689704910351615 6.969157451363706 6.969445027991537
 56 16777216 117261.887 117279.053 117295.027 16.019845342633324 16.02202732656786 16.02437279556997 8.009922671316662 8.01101366328393 8.012186397784985
 64 16777216 118087.053 118131.876 118370.056 18.142119050784263 18.178697576935118 18.185597772517873 9.071059525392132 9.089348788467559 9.092798886258937
 72 8388608 59030.056 59056.044 59812.069 20.195916513103732 20.45446105397781 20.46346613664063 10.097958256551866 10.227230526988905 10.231733068320315
 80 8388608 59571.028 59598.923 59685.946 22.48732524068564 22.520159970004826 22.530705362344932 11.24366262034282 11.260079985002413 11.265352681172466
 88 8388608 60325.861 60329.914 60452.938 24.42222093490311 24.47202241992256 24.47366657560014 12.211110467451554 12.23601120996128 12.23683328780007
 96 8388608 59233.904 59242.01 59246.063 27.185143694695796 27.187003546976207 27.19072401508433 13.592571847347898 13.593501773488104 13.595362007542166
 104 8388608 59525.967 59542.894 59561.968 29.294372274603152 29.303756448250567 29.31208936093386 14.647186137301576 14.651878224125284 14.65604468046693
 112 8388608 60472.965 60473.919 60583.115 31.01603791749566 31.072042676777734 31.072532858278077 15.50801895874783 15.536021338388867 15.536266429139038
 120 8388608 62515.02 62556.028 62556.028 32.18340397187622 32.18340397187622 32.20451533087569 16.09170198593811 16.09170198593811 16.102257665437843
 128 8388608 59813.976 59823.036 59930.086 35.83314811195165 35.89726954011495 35.90270688576195 17.916574055975826 17.948634770057474 17.951353442880976
 136 4194304 30426.025 30436.039 30452.013 37.4638841773777 37.48354665993167 37.49588347475557 18.73194208868885 18.741773329965834 18.747941737377786
 144 4194304 31349.897 31358.957 31404.972 38.463958891604804 38.52039951456293 38.53153176228936 19.231979445802402 19.260199757281466 19.26576588114468
 152 4194304 33218.145 33275.127 33310.89 38.27782493953178 38.31896467292221 38.38469655665602 19.13891246976589 19.159482336461107 19.19234827832801
 160 4194304 30481.815 30481.815 30488.968 44.02173533718819 44.03206567587921 44.03206567587921 22.010867668594095 22.016032837939605 22.016032837939605
 176 4194304 33284.903 33397.913 33436.06 44.155770984978496 44.20620557937257 44.35629594594282 22.077885492489248 22.103102789686286 22.17814797297141
 192 4194304 31571.15 31592.131 31593.084 50.979914971263966 50.9814528181084 51.01533317601671 25.489957485631983 25.4907264090542 25.507666588008355
 208 4194304 37857.056 38161.993 38233.042 45.63671559275875 45.72168083569429 46.08996705924518 22.818357796379374 22.860840417847147 23.04498352962259
 224 4194304 33608.913 33615.828 33636.093 55.86404437637867 55.897721513805934 55.90922241370913 27.932022188189336 27.948860756902967 27.954611206854565
 240 4194304 42745.829 42768.002 43124.199 46.685294259030755 47.07411676608133 47.0985349237232 23.342647129515377 23.537058383040666 23.5492674618616
 264 2097152 21625.042 21651.03 21664.858 51.11024757235889 51.142890476804105 51.20435169559439 25.555123786179443 25.571445238402053 25.602175847797195
 288 2097152 21707.058 21822.929 21822.929 55.35276919060681 55.35276919060681 55.648239019769505 27.676384595303404 27.676384595303404 27.824119509884753
 312 2097152 28352.022 28495.073 28528.929 45.8700306625601 45.92453046181001 46.15624409433655 22.93501533128005 22.962265230905004 23.078122047168275
 336 2097152 28430.939 28810.978 28888.941 48.78289391085676 48.914901257430415 49.5687512818342 24.39144695542838 24.457450628715208 24.7843756409171
 368 2097152 30723.095 30816.078 30954.838 49.86308996351395 50.08761569204232 50.23920513216523 24.931544981756975 25.04380784602116 25.119602566082616
 400 2097152 33440.113 33478.975 33619.165 49.90372604435595 50.11269311560464 50.1709309415312 24.951863022177974 25.05634655780232 25.0854654707656
 440 2097152 37941.933 38105.965 38177.967 48.33923608347192 48.430574058418415 48.63995094820288 24.16961804173596 24.215287029209208 24.31997547410144
 480 2097152 36149.025 36213.875 36298.037 55.46487045566679 55.59377227651004 55.6935054264949 27.732435227833395 27.79688613825502 27.84675271324745
 528 1048576 21386.147 21538.973 21680.117 51.07427492204032 51.408962535028934 51.77633240807705 25.53713746102016 25.704481267514467 25.888166204038527
 576 1048576 21791.935 21876.097 21893.024 55.17554596386501 55.21823897562714 55.43149573454582 27.587772981932506 27.60911948781357 27.71574786727291
 632 1048576 26216.984 26231.05 26395.082 50.213902120099505 50.5279073464463 50.555016702150034 25.106951060049752 25.26395367322315 25.277508351075017
 688 1048576 27446.032 27662.039 27664.185 52.15554248209372 52.15958866951204 52.57009741881814 26.07777124104686 26.07979433475602 26.28504870940907
 752 1048576 29807.091 29808.998 29940.844 52.67247322754161 52.9054449934882 52.90882978147716 26.336236613770804 26.4527224967441 26.45441489073858
 824 1048576 33102.036 33475.161 33539.057 51.52360866914057 51.62195479806653 52.203835679473 25.761804334570286 25.810977399033266 26.1019178397365
 904 1048576 34476.995 34868.956 35000.086 54.16630713421676 54.3700077513075 54.98812782262491 27.08315356710838 27.18500387565375 27.494063911312455
 992 1048576 37163.973 37168.026 37474.155 55.51492179076486 55.97216230961526 55.97826647866739 27.75746089538243 27.98608115480763 27.989133239333697
 1088 524288 20977.02 21019.936 21022.081 54.26916050794401 54.27469845769273 54.38573677290674 27.134580253972004 27.137349228846364 27.19286838645337
 1192 524288 23308.039 23308.992 23333.073 53.56785160703007 53.623193658481675 53.62538615968508 26.783925803515036 26.811596829240838 26.81269307984254
 1304 524288 25976.896 25980.949 25994.062 52.602132902506725 52.628682039289636 52.63689333783374 26.301066451253362 26.314341019644818 26.31844666891687
 1432 524288 28465.986 28467.894 28481.96 52.71971563754742 52.74576447418274 52.74929988372789 26.35985781877371 26.37288223709137 26.374649941863947
 1568 524288 30081.034 30084.133 30095.1 54.63238759798107 54.65230352491793 54.65793389947966 27.316193798990536 27.326151762458966 27.32896694973983
 1720 524288 33749.104 33753.872 33779.86 53.39130239142495 53.432409769166625 53.43995858378936 26.695651195712475 26.716204884583313 26.71997929189468
 1888 524288 36210.06 36221.027 36227.942 54.645982595423156 54.656415125943276 54.67296900364153 27.322991297711578 27.328207562971638 27.336484501820767
 2072 262144 20270.109 20281.076 20293.951 53.52948452472364 53.56346655374694 53.592446690839196 26.76474226236182 26.78173327687347 26.796223345419598
 2272 262144 21667.004 21670.103 21672.01 54.96409128641045 54.96892820490978 54.97679033058747 27.482045643205225 27.48446410245489 27.488395165293735
 2496 262144 23766.994 23767.948 23767.948 55.05830154121845 55.05830154121845 55.060511564903834 27.529150770609224 27.529150770609224 27.530255782451917
 2744 262144 26559.114 26562.929 26664.019 53.9545922165747 54.15992611356978 54.16770574500339 26.97729610828735 27.07996305678489 27.083852872501694
 3016 262144 28822.899 28825.998 28826.952 54.8532709250704 54.85508630091489 54.86098424728199 27.4266354625352 27.427543150457446 27.430492123640995
 3312 262144 31787.157 31787.872 31790.018 54.62223569675235 54.625923245192375 54.62715196580808 27.311117848376174 27.312961622596188 27.31357598290404
 3640 262144 35047.054 35049.915 35067.081 54.42164747045812 54.4483009445244 54.45274572864242 27.21082373522906 27.2241504722622 27.22637286432121
 4000 262144 37936.926 37938.118 37939.072 55.276839665450964 55.27822966864091 55.279966542360334 27.638419832725482 27.639114834320456 27.639983271180167
 4400 131072 21914.959 21925.926 21951.914 52.54364608024613 52.605924146601616 52.632249962229004 26.271823040123063 26.302962073300808 26.316124981114502
 4840 131072 24052.858 24103.88 24152.994 52.530835721650085 52.63787240892338 52.749530222146575 26.265417860825043 26.31893620446169 26.374765111073287
 5320 131072 26314.974 26323.08 26381.016 52.86400190197375 52.98035336290434 52.99667330091225 26.432000950986875 26.49017668145217 26.498336650456125
 5848 131072 29098.988 29105.902 29114.962 52.65396231669476 52.67035228799987 52.68286690932344 26.32698115834738 26.335176143999934 26.34143345466172
 6432 131072 31527.042 31530.857 31562.09 53.42200747795853 53.474924833156294 53.48139568564663 26.711003738979265 26.737462416578147 26.740697842823316
 7072 131072 34475.803 34518.957 34523.01 53.69990530953124 53.706210416496646 53.77343547298957 26.84995265476562 26.853105208248323 26.886717736494784
 7776 131072 37796.021 37809.849 37923.098 53.75171996760392 53.91271845597691 53.93244288863105 26.87585998380196 26.956359227988454 26.966221444315526
 8552 65536 21295.786 21360.874 21362.066 52.47281531664588 52.4757434550665 52.63612923232794 26.23640765832294 26.23787172753325 26.31806461616397
 9400 65536 23422.003 23451.09 23457.05 52.52479744895458 52.53814641451634 52.603391776527396 26.26239872447729 26.26907320725817 26.301695888263698
 10336 65536 25415.182 25518.179 25532.007 53.061249434876 53.09000269964405 53.30515406106476 26.530624717438 26.545001349822027 26.65257703053238
 11368 65536 27906.895 27930.021 28001.07 53.213198495628916 53.34856339707013 53.392772502996124 26.606599247814458 26.674281698535065 26.696386251498062
 12504 65536 31285.048 31333.923 31335.831 52.30192516675239 52.30510996021788 52.386823507510684 26.150962583376195 26.15255498010894 26.193411753755342
 13752 65536 34213.066 34281.969 34295.082 52.55861887135887 52.5787227682284 52.68461306566328 26.279309435679433 26.2893613841142 26.34230653283164
 15120 65536 37286.997 37337.065 37369.013 53.033475623238964 53.0788544841433 53.15012737550304 26.516737811619482 26.53942724207165 26.57506368775152
 16632 32768 20771.98 20810.127 20813.942 52.36849185031841 52.37809226248354 52.47428275975617 26.184245925159203 26.18904613124177 26.237141379878086
 18288 32768 22605.896 22682.905 22849.083 52.453849810953024 52.8381337399244 53.01813155293645 26.226924905476512 26.4190668699622 26.509065776468226
 20112 32768 24799.824 24818.182 24828.911 53.08569642865126 53.108645588947645 53.14795911454855 26.54284821432563 26.554322794473823 26.573979557274274
 22120 32768 27326.107 27488.947 27503.967 52.70717202358482 52.735971297845644 53.05023214613045 26.35358601179241 26.367985648922822 26.525116073065224
 24328 32768 29983.997 29992.104 30010.939 53.12595543911506 53.159318465953575 53.17369155286402 26.56297771955753 26.579659232976788 26.58684577643201
 26760 32768 33154.011 33168.077 33173.084 52.86645522617071 52.87443586192833 52.89686849654481 26.433227613085354 26.437217930964167 26.448434248272406
 29432 32768 36674.976 36747.932 36825.18 52.378713478114705 52.488819017081006 52.59323283538072 26.189356739057352 26.244409508540503 26.29661641769036
 32368 32768 39972.067 40040.016 40226.936 52.73255830371967 52.97873127723025 53.06879046310014 26.366279151859835 26.489365638615126 26.53439523155007
 35600 16384 22387.028 22414.923 22432.089 52.00321735528064 52.04304293171116 52.10789033720778 26.00160867764032 26.02152146585558 26.05394516860389
 39160 16384 25326.967 25350.094 25355.101 50.60894373877667 50.61893971675213 50.665161762164416 25.304471869388333 25.309469858376065 25.332580881082208
 43072 16384 27754.068 27821.064 27866.125 50.64871043246953 50.730744733558716 50.85320451041627 25.324355216234764 25.365372366779358 25.426602255208135
 47376 16384 30539.989 30634.88 30702.114 50.56383961052323 50.674811456744735 50.83226349557624 25.281919805261616 25.337405728372367 25.41613174778812
 52112 16384 33647.06 33658.981 33715.963 50.64681130418846 50.732552360987995 50.75052667305851 25.32340565209423 25.366276180493998 25.375263336529255
 57320 16384 36907.911 37002.802 37008.047 50.75279330465615 50.759987311231185 50.89049228497381 25.376396652328076 25.379993655615593 25.445246142486905
 63048 16384 40678.024 40784.836 40816.069 50.616262531308436 50.655024431139054 50.78803395169834 25.308131265654218 25.327512215569527 25.39401697584917
 69352 8192 22327.9 22358.894 22377.014 50.778140818967174 50.81929222438283 50.88983594516277 25.389070409483587 25.409646112191414 25.444917972581386
 76280 8192 24886.131 24909.019 24919.033 50.15329126134228 50.17345404088374 50.219599020836135 25.07664563067114 25.08672702044187 25.109799510418068
 83904 8192 27049.065 27102.947 27136.087 50.658856451926916 50.72079932857486 50.82183565309929 25.329428225963458 25.36039966428743 25.410917826549646
 92288 8192 29742.002 29807.091 29920.816 50.53493835194869 50.72774770271946 50.83876303955598 25.267469175974345 25.36387385135973 25.41938151977799
 101512 8192 32714.844 32786.131 32802.105 50.703227978814155 50.72793151470052 50.83846977842841 25.351613989407078 25.36396575735026 25.419234889214206
 111656 8192 36052.942 36086.082 36134.958 50.626097420675016 50.69466682473314 50.741265553307684 25.313048710337508 25.34733341236657 25.370632776653842
 122816 8192 39588.928 39654.97 39656.162 50.741605907298855 50.74313116363473 50.82778053500211 25.370802953649427 25.371565581817364 25.413890267501056
 135096 4096 22056.103 22057.056 22063.971 50.15898688409262 50.17471198332179 50.17687993205327 25.07949344204631 25.087355991660896 25.088439966026634
 148600 4096 24256.945 24288.893 24292.946 50.11048063087944 50.11884238610628 50.1848522144895 25.05524031543972 25.05942119305314 25.09242610724475
 163456 4096 26309.967 26376.009 26394.129 50.73217426496627 50.76702665668639 50.89445957875964 25.366087132483134 25.383513328343195 25.44722978937982
 179800 4096 29325.008 29366.97 29371.023 50.14880142240875 50.155722568586405 50.2274918390474 25.074400711204376 25.077861284293203 25.1137459195237
 197776 4096 31919.003 31999.111 32531.977 49.8027215499384 50.63206262198972 50.75913530256569 24.9013607749692 25.31603131099486 25.379567651282844
 217552 4096 35335.064 35376.072 35487.175 50.22056514783157 50.3782891441424 50.43675551288092 25.110282573915786 25.1891445720712 25.21837775644046
 239304 4096 38943.052 38951.159 39083.958 50.15813311435858 50.32914086073793 50.339618168601675 25.07906655717929 25.164570430368965 25.169809084300837
 263232 2048 21484.137 21499.872 21660.089 49.77810903731744 50.149055399027496 50.18578460936085 24.88905451865872 25.074527699513748 25.092892304680426
 289552 2048 23636.103 23684.025 23718.119 50.004175794884915 50.07615859213119 50.17768758242423 25.002087897442458 25.038079296065597 25.088843791212113
 318504 2048 26057.005 26083.946 26280.165 49.64171206687629 50.01514663463879 50.06685856643924 24.820856033438144 25.007573317319395 25.03342928321962
 350352 2048 28734.922 28785.944 28800.964 49.8261722072914 49.85217062883191 49.94068861575473 24.9130861036457 24.926085314415953 24.970344307877365
 385384 2048 31694.889 31734.943 31740.904 49.731818098186494 49.7411595792058 49.80401931680531 24.865909049093247 24.8705797896029 24.902009658402655
 423920 2048 34860.134 34894.943 34936.905 49.70034752649097 49.76011337803303 49.80980050162744 24.850173763245486 24.880056689016516 24.90490025081372
 466312 2048 38343.906 38455.963 38455.963 49.66756266121849 49.66756266121849 49.81271214257618 24.833781330609245 24.833781330609245 24.90635607128809
 512936 2048 42187.929 42308.807 42317.152 49.64856462930208 49.65835732498909 49.80063979912358 24.82428231465104 24.829178662494545 24.90031989956179
 564224 1024 23212.194 23262.024 23263.931 49.670485697365585 49.674557639524394 49.78119483233684 24.835242848682793 24.837278819762197 24.89059741616842
 620640 1024 25529.861 25566.101 25578.022 49.69386295781589 49.71703428692549 49.78760832266184 24.846931478907944 24.858517143462745 24.89380416133092
 682704 1024 28095.007 28136.969 28151.035 49.66701195888535 49.691841079257685 49.7660595706561 24.833505979442673 24.845920539628843 24.88302978532805
 750968 1024 31231.165 31258.821 31275.988 49.17454450999277 49.20155062790116 49.24511986664602 24.587272254996385 24.60077531395058 24.62255993332301
 826064 1024 33970.833 34048.08 34074.068 49.65004683326922 49.687943402388626 49.80092987416588 24.82502341663461 24.843971701194313 24.90046493708294
 908664 1024 37765.98 37830.83 37842.035 49.176633127684596 49.19119860706201 49.27566746579858 24.588316563842298 24.595599303531007 24.63783373289929
 999528 1024 41102.886 41208.029 41214.943 49.66726131345129 49.67559462744505 49.80266699520807 24.833630656725646 24.837797313722525 24.901333497604035
 1099480 512 22866.011 22902.966 22907.972 49.14741121562397 49.1581535771393 49.23760073412017 24.573705607811984 24.57907678856965 24.618800367060086
 1209424 512 24855.137 24885.178 24944.067 49.649087937424156 49.766578965197674 49.826729017828384 24.824543968712078 24.883289482598837 24.913364508914192
 1330360 512 27635.098 27659.893 27710.915 49.16072385195509 49.25140672091537 49.295596491099836 24.580361925977545 24.625703360457685 24.647798245549918
 1463392 512 30070.066 30126.81 30170.918 49.667478066129775 49.74019512852506 49.83405783013579 24.833739033064887 24.87009756426253 24.917028915067895
 1609728 512 33080.101 33127.069 33189.058 49.66581070182829 49.758747808325566 49.82939659102008 24.832905350914146 24.879373904162783 24.91469829551004
 1770696 512 36381.006 36442.041 36517.859 49.65221822013169 49.75552011480367 49.83899301740034 24.826109110065843 24.877760057401836 24.91949650870017
 1947760 512 40039.062 40063.858 40179.014 49.64049739996108 49.78317964285915 49.8140101284091 24.82024869998054 24.891589821429577 24.90700506420455
 2142536 256 22042.99 22084.951 22134.066 49.560637977676585 49.67085650314551 49.765409864995625 24.780318988838292 24.835428251572754 24.882704932497813
 2356784 256 24246.931 24272.919 24348.021 49.55940394498591 49.71274398435556 49.76602638907167 24.779701972492955 24.85637199217778 24.883013194535835
 2592456 256 26679.993 26710.987 26773.93 49.57574297086755 49.69256553492388 49.75029311289549 24.787871485433776 24.84628276746194 24.875146556447746
 2851696 256 29342.175 29375.076 29457.808 49.56473176822932 49.70432593944608 49.76005875501731 24.78236588411466 24.85216296972304 24.880029377508656
 3136864 256 32280.922 32313.108 32444.0 49.50297028726421 49.703493950504544 49.75305129140984 24.751485143632106 24.851746975252272 24.87652564570492
 3450544 256 35516.024 35552.025 35644.054 49.56446671301755 49.6927679365662 49.743139265814214 24.782233356508776 24.8463839682831 24.871569632907107
 3795592 256 39072.99 39119.005 39245.129 49.51807150385465 49.67772324475022 49.73622709703046 24.759035751927325 24.83886162237511 24.86811354851523
 4175144 256 42975.187 43013.811 43183.088 49.502567486604946 49.69738040649317 49.74204598574522 24.751283743302473 24.848690203246584 24.87102299287261
 4592656 128 23702.145 23729.801 23808.956 49.381414959983964 49.546135511208035 49.603946647022866 24.690707479991982 24.773067755604018 24.801973323511433
 5051920 128 26093.006 26122.093 26170.015 49.41882990896261 49.509490682848416 49.564681049013664 24.709414954481304 24.754745341424208 24.782340524506832
 5557112 128 28977.156 29013.157 29046.059 48.97809620231096 49.03363918652494 49.094558209922326 24.48904810115548 24.51681959326247 24.547279104961163
 6112816 128 31564.951 31586.885 31666.04 49.41826941417367 49.542108884747584 49.576534935853374 24.709134707086836 24.771054442373792 24.788267467926687
 6724096 128 34714.937 34751.177 34854.174 49.38773117962858 49.53410861450822 49.58581880762163 24.69386558981429 24.76705430725411 24.792909403810814
 7396504 128 38560.152 38614.988 38681.984 48.95056634116803 49.03549430081398 49.105227178565066 24.475283170584014 24.51774715040699 24.552613589282533
 8136152 128 42450.905 42484.045 42559.862 48.9394188355216 49.026756091610395 49.065029638355185 24.4697094177608 24.513378045805197 24.532514819177592
 8949760 64 23234.129 23273.945 23334.98 49.0923617676124 49.221104544158706 49.30545405855326 24.5461808838062 24.610552272079353 24.65272702927663
 9844736 64 25559.187 25594.95 25784.969 48.87057292952339 49.233392055854765 49.30228054593442 24.435286464761695 24.616696027927382 24.65114027296721
 10829208 64 28390.884 28419.971 28470.039 48.68762645530623 48.773400366946184 48.82336964217106 24.343813227653115 24.386700183473092 24.41168482108553
 11912128 64 30941.01 30961.99 31059.027 49.092084694089095 49.24594265420278 49.27933457892939 24.546042347044548 24.62297132710139 24.639667289464693
 13103336 64 34096.003 34188.032 34265.041 48.94863566630492 49.05889312376916 49.191308670403394 24.47431783315246 24.52944656188458 24.595654335201697
 14413664 64 37466.049 37539.005 37558.794 49.12162493822352 49.147519813058445 49.2432226307076 24.56081246911176 24.573759906529222 24.6216113153538
 15855024 64 41187.048 41271.21 41352.987 49.076093874427976 49.173335892017704 49.27381714756541 24.538046937213988 24.586667946008852 24.636908573782705
 17440520 32 22942.066 22975.206 23106.813 48.30580833453753 48.58251455939068 48.65269239483489 24.152904167268765 24.29125727969534 24.326346197417443
 19184568 32 25801.897 25913.0 25959.969 47.29637204112223 47.38209979546946 47.58612717506778 23.648186020561116 23.69104989773473 23.79306358753389
 21103024 32 30543.089 30645.847 32096.148 42.079614538168265 44.071013472070135 44.2192843035621 21.039807269084132 22.035506736035067 22.10964215178105
 23213320 32 38639.069 38783.073 38907.051 38.18465912515446 38.306724173197935 38.44948955680065 19.09232956257723 19.153362086598968 19.224744778400325
 25534648 32 45336.962 45397.997 45418.978 35.98093889298874 35.99756773410069 36.04602955089933 17.99046944649437 17.998783867050346 18.023014775449663
 28088112 32 50455.809 50517.797 51486.015 34.915096225644966 35.584274745789095 35.62799217033662 17.457548112822483 17.792137372894548 17.81399608516831
 30896920 32 55989.027 56185.961 56221.008 35.17195707341284 35.19389621190248 35.31768608874021 17.58597853670642 17.59694810595124 17.658843044370105
 33986608 16 32231.092 32246.113 32411.814 33.554785178021824 33.72721096648145 33.742929218780425 16.777392589010912 16.863605483240725 16.871464609390213
 37385264 16 35331.964 35357.952 35793.066 33.42346945075899 33.83477776088389 33.85966452360248 16.711734725379493 16.917388880441944 16.92983226180124
 41123784 16 38975.954 39001.942 39135.933 33.625391989504884 33.740911875618906 33.76340930615835 16.812695994752442 16.870455937809453 16.881704653079176
 45236160 16 43178.082 43187.857 43323.04 33.41310120434761 33.517688085333795 33.52527608799298 16.706550602173806 16.758844042666897 16.76263804399649
 49759776 16 47083.139 47399.998 47474.861 33.54012625755766 33.59309913894933 33.81917318639269 16.77006312877883 16.796549569474664 16.909586593196344
 54735752 16 52171.946 52175.999 52278.996 33.5037815951936 33.56991907332718 33.57252696688753 16.7518907975968 16.78495953666359 16.786263483443765
 60209320 16 57347.059 57348.013 57701.111 33.39100767054555 33.59659976362215 33.59715866161506 16.695503835272774 16.798299881811076 16.79857933080753
 66230248 16 63034.058 63136.101 63239.098 33.51356997533394 33.56824229611519 33.62258441301685 16.75678498766697 16.784121148057594 16.811292206508426
 72853272 8 37282.944 37362.099 37508.965 31.07663333285789 31.198791909416006 31.26502971439165 15.538316666428946 15.599395954708003 15.632514857195824
 80138592 8 41157.961 41324.139 41537.046 30.869250355453776 31.0282924950959 31.153571286002236 15.434625177726888 15.51414624754795 15.576785643001118
 88152448 8 45250.177 45454.979 45481.92 31.010985640008162 31.02936573790959 31.169804440764945 15.505492820004081 15.514682868954795 15.584902220382473
 96967688 8 49823.046 49941.778 50529.003 30.70480151765512 31.065834460278925 31.13986663922555 15.35240075882756 15.532917230139462 15.569933319612774
 106664456 8 54802.179 54844.141 55338.144 30.840053038280434 31.11784166698864 31.14166858219269 15.420026519140217 15.55892083349432 15.570834291096345
 117330896 8 60374.975 60433.865 60959.101 30.795964920808135 31.06361534215957 31.093914920875747 15.397982460404068 15.531807671079784 15.546957460437874
 129063984 8 66116.095 66361.904 66408.157 31.095935157483733 31.117608439926617 31.23329869980978 15.547967578741867 15.558804219963308 15.61664934990489
 141970376 4 41697.979 41790.962 41797.876 27.172744567211982 27.177240093204844 27.237843061890366 13.586372283605991 13.588620046602422 13.618921530945183
 156167408 4 45904.875 45964.956 45979.977 27.171376445012143 27.18025584534444 27.215829778427675 13.585688222506072 13.59012792267222 13.607914889213838
 171784144 4 50338.03 50372.839 50597.191 27.161056272867004 27.28202696695336 27.30089262531728 13.580528136433502 13.64101348347668 13.65044631265864
 188962552 4 55472.136 55583.954 55673.122 27.153146108817104 27.19670529376158 27.25152707297949 13.576573054408552 13.59835264688079 13.625763536489744
 207858800 4 60925.961 60993.91 61172.962 27.183094387353684 27.26289231170784 27.293297843919113 13.591547193676842 13.63144615585392 13.646648921959557
 228644680 4 67136.049 67234.993 67276.955 27.188469513817918 27.205438096795813 27.245533022057938 13.594234756908959 13.602719048397907 13.622766511028969
 251509144 4 73829.889 73941.946 74007.988 27.187242977068912 27.211525539238586 27.252826453524808 13.593621488534456 13.605762769619293 13.626413226762404
 276660056 2 50954.103 50966.024 51500.797 21.48782714954877 21.713293232369864 21.718373179879155 10.743913574774385 10.856646616184932 10.859186589939577
 304326056 2 55958.033 56034.088 56120.872 21.69075747789521 21.724351505462174 21.75387801783526 10.845378738947606 10.862175752731087 10.87693900891763
 334758656 2 61625.004 61635.971 61681.986 21.708682077778754 21.7248889289016 21.728755165679175 10.854341038889377 10.8624444644508 10.864377582839587
 368234520 2 67644.835 67751.884 67988.873 21.66439911424918 21.740178915172304 21.774583085316124 10.83219955712459 10.870089457586152 10.887291542658062
 405057968 2 74455.976 74460.983 74730.873 21.680890466782046 21.75947464996534 21.76093792659437 10.840445233391023 10.87973732498267 10.880468963297185
 445563760 2 82016.945 82080.841 82123.995 21.702001223881037 21.713411050454514 21.73032706838812 10.851000611940519 10.856705525227257 10.86516353419406
 490120136 2 90157.032 90216.875 90378.046 21.691999669919838 21.730752079364308 21.74517617217035 10.845999834959919 10.865376039682154 10.872588086085175
 539132144 1 49751.043 49793.005 49920.082 21.599810032363326 21.65493502551212 21.67319965533185 10.799905016181663 10.82746751275606 10.836599827665925
 593045352 1 54705.143 54748.058 54818.153 21.636823553686675 21.664525598332638 21.68152094950195 10.818411776843337 10.832262799166319 10.840760474750976
 652349880 1 60156.107 60228.109 60246.944 21.65586622949705 21.66263861945259 21.688567047731333 10.827933114748525 10.831319309726295 10.844283523865666
 717584864 1 66102.982 66152.096 66259.861 21.659715344105535 21.69500007981606 21.711119295646903 10.829857672052768 10.84750003990803 10.855559647823451
 789343344 1 72967.052 73094.845 73120.832 21.5901083838871 21.597784193946914 21.63561011071134 10.79505419194355 10.798892096973457 10.81780505535567
 868277672 1 80063.105 80182.791 80217.123 21.648187806486153 21.657456947339234 21.689832588930944 10.824093903243076 10.828728473669617 10.844916294465472
 955105432 1 88011.026 88111.162 88205.099 21.656467547301318 21.679555922778547 21.704222195978037 10.828233773650659 10.839777961389274 10.852111097989019
 1050615968 1 96796.036 96798.897 96987.009 21.665086465343002 21.707188832947136 21.707830432229688 10.832543232671501 10.853594416473568 10.853915216114844
 
META_DATA
 FLOPS          8
 ERT_VERSION  1.1.0
 HOSTNAME  ('graoully-2.nancy.grid5000.fr', [], ['172.16.70.2'])
 UNAME  uname_result(system='Linux', node='graoully-2.nancy.grid5000.fr', release='4.19.0-14-amd64', version='#1 SMP Debian 4.19.171-2 (2021-01-30)', machine='x86_64', processor='')
 TIMESTAMP_DATA  1615580175.1146448
 CONFIG  {'ERT_RESULTS': ['Results.graoully.01'], 'ERT_DRIVER': ['driver1'], 'ERT_KERNEL': ['kernel1'], 'ERT_OPENMP': ['False'], 'ERT_FLOPS': ['1,2,4,8,16,32'], 'ERT_ALIGN': ['64'], 'ERT_CC': ['g++'], 'ERT_CFLAGS': ['-O3', '-march=native'], 'ERT_LD': ['g++'], 'ERT_LDFLAGS': [], 'ERT_LDLIBS': [], 'ERT_PRECISION': ['FP64'], 'ERT_RUN': ['ERT_CODE'], 'ERT_NUM_EXPERIMENTS': ['3'], 'ERT_MEMORY_MAX': ['1073741824'], 'ERT_WORKING_SET_MIN': ['1'], 'ERT_TRIALS_MIN': ['1'], 'ERT_GNUPLOT': ['gnuplo'], 'ERT_MPI': [False], 'ERT_GPU': [False], 'ERT_HIP': [False], 'ERT_OCL': [False], 'ERT_SYCL': [False], 'ERT_WSS_MULT': [1.1]}
 TIMESTAMP_DATA  1615580215.4323127
 TIMESTAMP_DATA  1615580255.758517
 