fp64
 8 134217728 272727.013 272732.019 272793.77 7.8721872863885425 7.873969678639017 7.874114208114766 0.4920117053992839 0.49212310491493855 0.49213213800717287
 16 67108864 136363.983 136365.891 136409.044 15.74297117718969 15.74795304201107 15.748173386809919 0.9839356985743556 0.9842470651256918 0.9842608366756199
 24 33554432 68183.899 68186.045 68199.873 23.616066499126763 23.62085579241324 23.621599228287018 1.4760041561954227 1.4763034870258276 1.4763499517679386
 32 33554432 73427.916 73430.061 73434.83 29.24339374108989 29.245292987023394 29.2461473099686 1.827712108818118 1.827830811688962 1.8278842068730374
 40 16777216 36714.077 36714.077 36790.133 36.48199042933604 36.55756564437124 36.55756564437124 2.2801244018335023 2.2848478527732023 2.2848478527732023
 48 16777216 36715.984 36715.984 36716.938 43.865660475282546 43.86680024699869 43.86680024699869 2.741603779705159 2.7416750154374183 2.7416750154374183
 56 16777216 36715.031 36715.031 36754.131 51.12481620093262 51.179262030311236 51.179262030311236 3.195301012558289 3.1987038768944522 3.1987038768944522
 64 16777216 36744.118 36745.071 36745.071 58.44276768440589 58.44276768440589 58.44428346327432 3.652672980275368 3.652672980275368 3.652767716454645
 72 8388608 18356.085 18356.8 18357.992 65.80020037049803 65.80447311078183 65.80703630430999 4.112512523156127 4.112779569423864 4.112939769019374
 80 8388608 18355.846 18356.8 18357.038 73.11513328021657 73.11608123420204 73.11988126289575 4.5696958300135355 4.569755077137628 4.569992578930984
 88 8388608 18550.873 18564.939 18608.093 79.34155359176246 79.52598217532521 79.58628189627518 4.958847099485154 4.970373885957826 4.974142618517199
 96 8388608 18357.038 18357.038 18357.992 87.73360049399739 87.73815993625988 87.73815993625988 5.483350030874837 5.483634996016242 5.483634996016242
 104 8388608 18404.961 18410.921 18417.12 94.73959359552417 94.77149263744059 94.80218208558007 5.921224599720261 5.923218289840037 5.9251363803487545
 112 8388608 21739.96 21744.967 21747.828 86.40164856922723 86.41301649250606 86.43291855182807 5.400103035576702 5.400813530781629 5.402057409489254
 120 8388608 23946.047 24004.936 24043.798 83.73327375317326 83.8688309770957 84.07508429261831 5.233329609573329 5.241801936068481 5.254692768288645
 128 8388608 18867.016 18887.043 18892.05 113.67128755217142 113.70142208073544 113.82211410643846 7.104455472010714 7.106338880045965 7.113882131652404
 136 4194304 10693.073 10707.855 10731.936 106.30427613433402 106.54334486225301 106.69062934481042 6.644017258395876 6.658959053890813 6.668164334050651
 144 4194304 11932.85 11938.095 11940.956 101.16104204721965 101.18528559204798 101.22976087020284 6.322565127951228 6.3240803495029985 6.326860054387677
 152 4194304 14527.082 14590.979 14600.992 87.32751966441732 87.38744781964255 87.77181928208294 5.457969979026083 5.461715488727659 5.485738705130184
 160 4194304 11766.911 11767.149 11768.103 114.05213567556302 114.0613822430565 114.06368927240123 7.128258479722689 7.128836390191031 7.128980579525077
 176 4194304 13560.057 13561.01 13561.964 108.86292044426604 108.8705788138199 108.87823023162807 6.803932527766627 6.804411175863744 6.804889389476754
 192 4194304 12485.027 12487.888 12490.988 128.94198089054285 128.97398951688226 129.0035444857268 8.058873805658928 8.060874344805141 8.062721530357924
 208 4194304 14692.068 14722.109 14751.911 118.27826672761245 118.51769770214308 118.76003187570328 7.392391670475778 7.407356106383943 7.422501992231455
 224 4194304 13721.943 13721.943 13721.943 136.93747248476402 136.93747248476402 136.93747248476402 8.558592030297751 8.558592030297751 8.558592030297751
 240 4194304 16301.155 16303.062 16340.017 123.21076042944142 123.49004867919902 123.50449523361993 7.700672526840089 7.718128042449939 7.719030952101246
 264 2097152 8242.13 8242.13 8242.846 134.3342161190443 134.34588583290972 134.34588583290972 8.395888507440269 8.396617864556857 8.396617864556857
 288 2097152 8312.941 8315.086 8316.04 145.2565827004199 145.27324816604423 145.31073322907017 9.078536418776244 9.079578010377764 9.081920826816885
 312 2097152 10426.044 10426.044 10438.204 125.36858333100216 125.51480197091053 125.51480197091053 7.835536458187635 7.844675123181908 7.844675123181908
 336 2097152 10473.967 10474.205 10571.957 133.30418805146482 134.54826824565683 134.55132558657095 8.331511753216551 8.409266765353552 8.409457849160685
 368 2097152 11250.019 11254.072 11392.832 135.4802626774449 137.15070171934212 137.20011246203228 8.467516417340306 8.571918857458883 8.575007028877017
 400 2097152 11928.082 11950.97 12017.012 139.61220975730072 140.38371780700646 140.65309074837012 8.725763109831295 8.773982362937904 8.790818171773132
 440 2097152 13546.944 13549.089 13551.95 136.17920373082842 136.2079590738536 136.22952600970373 8.511200233176776 8.51299744211585 8.514345375606483
 480 2097152 12923.002 12923.956 12928.963 155.71750959454366 155.77783768375565 155.78933749294472 9.732344349658979 9.736114855234728 9.736833593309045
 528 1048576 7587.91 7591.009 7602.93 145.6407274563885 145.86944317942448 145.92901813542858 9.102545466024281 9.11684019871403 9.120563633464286
 576 1048576 7571.936 7583.141 7595.062 159.0453839613159 159.29540964621387 159.5311360265063 9.940336497582244 9.955963102888367 9.970696001656643
 632 1048576 9025.097 9026.051 9026.051 146.8416325145958 146.8416325145958 146.85715444388023 9.177602032162238 9.177602032162238 9.178572152742515
 688 1048576 9430.885 9432.077 9435.177 152.9214105893297 152.97167060871112 152.9910051919836 9.557588161833106 9.560729413044445 9.561937824498974
 752 1048576 10118.961 10118.961 10158.062 155.25188800777156 155.85180178083502 155.85180178083502 9.703243000485722 9.740737611302189 9.740737611302189
 824 1048576 11156.082 11158.943 11184.931 154.4983378082529 154.85814812388594 154.8978618120591 9.656146113015806 9.678634257742871 9.681116363253693
 904 1048576 11497.021 11501.074 11531.115 164.40954825270583 164.83898877617864 164.89709882238188 10.275596765794115 10.302436798511165 10.306068676398867
 992 1048576 12230.158 12231.827 12253.046 169.78429559474435 170.07882665443194 170.10203662127668 10.611518474671522 10.629926665901996 10.631377288829793
 1088 524288 8216.143 8217.096 8219.004 138.80644029373875 138.83867098546736 138.85477504468946 8.675402518358672 8.67741693659171 8.678423440293091
 1192 524288 8157.015 8339.167 8692.026 143.79876360240982 149.88338667399273 153.2303902837006 8.987422725150614 9.367711667124546 9.576899392731287
 1304 524288 9454.012 9477.139 9521.961 143.59889774805842 144.27804678183998 144.63098883310067 8.974931109253651 9.017377923864998 9.039436802068792
 1432 524288 10172.844 10192.871 10231.018 146.76553515984432 147.3148077710392 147.60482240757847 9.17284594749027 9.20717548568995 9.225301400473654
 1568 524288 10795.116 10815.859 10817.051 151.99772729184693 152.01447873904422 152.30657715952287 9.499857955740433 9.500904921190264 9.51916107247018
 1720 524288 11687.04 11714.935 11726.856 153.79661181138408 153.95311369632014 154.3205739006626 9.612288238211505 9.622069606020009 9.645035868791412
 1888 524288 12567.997 12620.926 12621.164 156.85649025715853 156.85944818945933 157.52004778486182 9.803530641072408 9.803715511841208 9.845002986553864
 2072 262144 6842.852 6851.912 6860.018 158.35595999893877 158.54329944692807 158.7532122571115 9.897247499933673 9.908956215433005 9.922075766069469
 2272 262144 7348.061 7368.088 7375.956 161.4953147768235 161.66776726879485 162.10838968266594 10.093457173551469 10.104235454299678 10.131774355166622
 2496 262144 7987.022 7988.93 7990.837 163.7654288280439 163.80452050524914 163.8436513634243 10.235339301752743 10.237782531578071 10.240228210214019
 2744 262144 8680.82 8691.072 8716.106 165.05607802383312 165.53151003696667 165.72700182701632 10.31600487648957 10.345719377310417 10.35793761418852
 3016 262144 9345.055 9345.055 9366.035 168.82838981490033 169.20741590070898 169.20741590070898 10.55177436343127 10.575463493794311 10.575463493794311
 3312 262144 10195.971 10199.07 10200.977 170.22309294492086 170.25492088984583 170.3066687812274 10.638943309057554 10.640932555615365 10.644166798826712
 3640 262144 11106.968 11116.982 11134.863 171.39037274190082 171.66604389572638 171.8208173463721 10.711898296368801 10.729127743482898 10.738801084148257
 4000 262144 12060.881 12076.855 12079.0 173.61967050252505 173.65050752037678 173.88049844783313 10.851229406407816 10.853156720023549 10.86753115298957
 4400 131072 6579.161 6585.121 6592.035 174.97382826395796 175.15754076500644 175.31621433188823 10.935864266497372 10.947346297812903 10.957263395743015
 4840 131072 7323.98 7328.987 7336.855 172.93199334047083 173.1176436798155 173.23599463679585 10.808249583779427 10.819852729988469 10.82724966479974
 5320 131072 7965.803 7967.949 7973.909 174.8961619702457 175.0269837319491 175.074136279795 10.931010123140357 10.939186483246818 10.942133517487187
 5848 131072 8728.981 8728.981 8732.796 175.54722588275277 175.62394877477678 175.62394877477678 10.971701617672048 10.976496798423549 10.976496798423549
 6432 131072 9518.147 9519.1 9541.988 176.70428929485138 177.1291622107132 177.14689718492474 11.044018080928211 11.070572638169574 11.071681074057796
 7072 131072 10360.956 10374.069 10380.983 178.58447201002065 178.7034931038149 178.9296632472911 11.16152950062629 11.168968318988432 11.183103952955694
 7776 131072 11349.916 11358.976 11385.918 179.0309524449412 179.45559036307498 179.59883967423195 11.189434527808825 11.215974397692186 11.224927479639497
 8552 65536 6201.982 6209.135 6215.096 180.35566047571913 180.5288086021644 180.73701987525925 11.272228779732446 11.283050537635274 11.296063742203703
 9400 65536 6870.031 6874.084 6877.899 179.13563429762488 179.2350515355937 179.34079191200158 11.195977143601555 11.202190720974606 11.208799494500099
 10336 65536 7473.946 7486.105 7499.933 180.63630595099983 180.9699692964499 181.26438055613463 11.28976912193749 11.310623081028119 11.329023784758414
 11368 65536 8212.09 8214.951 8231.878 181.00687303674812 181.3798397580217 181.44303045875046 11.312929564796757 11.336239984876356 11.340189403671904
 12504 65536 9002.924 9012.938 9021.044 181.6778953744156 181.8412917075431 182.04355473843827 11.354868460900976 11.365080731721443 11.377722171152392
 13752 65536 9918.928 9920.12 9932.041 181.48355851531423 181.70164715749405 181.7234830215523 11.34272240720714 11.356352947343378 11.35771768884702
 15120 65536 10854.006 10859.966 10991.096 180.31037487071353 182.4875547492506 182.587759763538 11.269398429419596 11.405472171828162 11.411734985221125
 16632 32768 5957.842 6010.056 6016.016 181.18215643043501 181.3618295736346 182.95126859691814 11.323884776902188 11.335114348352162 11.434454287307384
 18288 32768 6562.948 6636.143 6638.05 180.5533805861661 180.60526543807148 182.61951306028934 11.284586286635381 11.287829089879468 11.413719566268083
 20112 32768 7255.077 7256.985 7262.945 181.4773527818261 181.62639608597786 181.67416169394204 11.342334548864132 11.351649755373616 11.354635105871377
 22120 32768 8002.043 8003.95 8114.1 178.65891719352732 181.11761317849314 181.16077606681193 11.166182324595457 11.319850823655822 11.322548504175746
 24328 32768 8741.856 8753.061 8857.965 179.99165812915268 182.14882862121036 182.38230050918253 11.249478633072043 11.384301788825647 11.398893781823908
 26760 32768 9645.224 9645.939 9685.993 181.05973853171275 181.81157479847218 181.82505248193303 11.316233658232047 11.363223424904511 11.364065780120814
 29432 32768 10583.878 10591.03 10672.808 180.7261549163069 182.12162103213754 182.24468876152955 11.295384682269182 11.382601314508596 11.390293047595597
 32368 32768 11584.997 11684.895 11698.008 181.33593753739953 181.53943599835512 183.104859500611 11.33349609608747 11.346214749897195 11.444053718788188
 35600 16384 7181.883 7242.918 7739.067 150.73403551099892 161.05950667949023 162.4282656790705 9.420877219437433 10.06621916746814 10.151766604941907
 39160 16384 9206.057 9208.918 9298.086 138.0063466825323 139.34263286957272 139.38593688915896 8.625396667658269 8.708914554348295 8.711621055572435
 43072 16384 11313.915 11322.975 11342.049 124.43812365825607 124.64774460775546 124.74756050403417 7.777382728641005 7.790484037984716 7.796722531502136
 47376 16384 12475.014 12480.021 12506.008 124.13367782908824 124.3921599170386 124.4420862373381 7.758354864318015 7.774509994814912 7.777630389833631
 52112 16384 13757.944 13761.044 13763.905 124.06406583015503 124.08985946124436 124.11781993007095 7.754004114384689 7.755616216327772 7.757363745629434
 57320 16384 15080.929 15087.128 15096.188 124.41960579717211 124.4943212518645 124.54549451164448 7.776225362323257 7.780895078241532 7.78409340697778
 63048 16384 16597.986 16613.007 16761.065 123.25928358371023 124.35779169899824 124.47033417186879 7.703705223981889 7.77236198118739 7.779395885741799
 69352 8192 9134.054 9140.015 9141.922 124.29149668964578 124.31742923835463 124.39856037636737 7.768218543102861 7.769839327397165 7.774910023522961
 76280 8192 10040.998 10041.952 10052.919 124.31926687164194 124.45503822364417 124.46686275607266 7.7699541794776215 7.77843988897776 7.779178922254541
 83904 8192 11034.966 11043.072 11053.085 124.3709910852943 124.48376104040616 124.57520358467801 7.773186942830894 7.780235065025385 7.7859502240423755
 92288 8192 12140.989 12149.096 12154.102 124.40627797923696 124.45753922761001 124.54064425888204 7.77539237370231 7.778596201725626 7.7837902661801275
 101512 8192 13360.023 13365.984 13375.998 124.34007600778648 124.43323349781055 124.48875335020008 7.771254750486655 7.777077093613159 7.780547084387505
 111656 8192 14698.982 14704.943 14710.903 124.35483423417311 124.40523598085352 124.45568706730847 7.7721771396358195 7.775327248803345 7.77848044170678
 122816 8192 16164.064 16173.124 16181.946 124.34952780092087 124.41735709192609 124.48709334484201 7.771845487557554 7.776084818245381 7.780443334052626
 135096 4096 8893.013 8897.066 8900.881 124.33672936420564 124.3900440886917 124.44673498172102 7.771045585262852 7.774377755543231 7.777920936357564
 148600 4096 9785.891 9829.998 10224.104 119.06482954398743 123.83839752561497 124.39656235696883 7.441551846499214 7.739899845350935 7.774785147310552
 163456 4096 10769.129 10941.029 11706.114 114.38736646507971 122.38625379751758 124.33981912557644 7.149210404067482 7.649140862344849 7.7712386953485275
 179800 4096 11852.98 12125.015 13037.92 112.97213052388726 121.47791982113013 124.26593143665139 7.060758157742954 7.592369988820633 7.766620714790712
 197776 4096 13058.901 13487.101 14341.831 112.9689083632348 120.12818707296697 124.06717778165255 7.060556772702175 7.508011692060435 7.754198611353284
 217552 4096 14370.203 15790.939 16028.881 111.18592645363081 112.86130508135076 124.01954126883247 6.949120403351926 7.053831567584423 7.751221329302029
 239304 4096 16741.037 17701.864 18120.05 108.18835312264592 110.74417744933527 117.10017533561391 6.76177207016537 6.921511090583454 7.3187609584758695
 263232 2048 9896.994 9901.047 10097.027 106.78373663851747 108.89739963864429 108.94199511488033 6.673983539907342 6.806087477415268 6.8088746946800205
 289552 2048 11108.16 11488.914 11737.108 101.0474634807825 103.23038295873742 106.76880707515916 6.315466467548906 6.451898934921089 6.6730504421974475
 318504 2048 13366.938 13782.024 13809.204 94.47267083605978 94.65898361517874 97.59844655522454 5.904541927253736 5.916186475948671 6.099902909701534
 350352 2048 15267.849 15565.157 15789.986 90.88303130857746 92.19578010038704 93.99109147595054 5.680189456786091 5.76223625627419 5.874443217246909
 385384 2048 17596.006 17813.921 18172.026 86.86609099062481 88.61231976946569 89.70972526378998 5.429130686914051 5.538269985591605 5.606857828986874
 423920 2048 20493.031 20549.059 20624.161 84.19136759066224 84.49906732955509 84.73008799918372 5.26196047441639 5.281191708097193 5.295630499948983
 466312 2048 22632.837 22633.076 22643.089 84.35306472540032 84.39038299522343 84.39127414738152 5.27206654533752 5.274398937201465 5.274454634211345
 512936 2048 24891.853 24895.906 24900.913 84.37384830026112 84.39081734964776 84.40455823035754 5.27336551876632 5.274426084352985 5.275284889397346
 564224 1024 13705.969 13710.022 13751.984 84.02647588886083 84.28365410354556 84.308577671524 5.251654743053802 5.267728381471597 5.26928610447025
 620640 1024 15076.876 15077.114 15082.121 84.27665578336098 84.30464344834164 84.30597426151147 5.267290986460061 5.269040215521352 5.269123391344467
 682704 1024 16583.92 16587.019 16587.973 84.28864647898811 84.29349432830575 84.30924606486283 5.268040404936757 5.26834339551911 5.269327879053927
 750968 1024 18239.021 18241.167 18243.074 84.30500605325615 84.31381961472091 84.32373996389389 5.269062878328509 5.269613725920057 5.270233747743368
 826064 1024 20063.877 20065.069 20076.99 84.26457711041346 84.31464013405586 84.31964928812114 5.266536069400841 5.2696650083784915 5.269978080507571
 908664 1024 22071.838 22073.984 22090.197 84.24297311608403 84.30484827750169 84.31304506674977 5.265185819755252 5.269053017343856 5.26956531667186
 999528 1024 24271.965 24272.919 24292.946 84.26451629209565 84.33404091201392 84.33735562819079 5.266532268255978 5.27087755700087 5.2710847267619245
 1099480 512 13377.905 13393.164 13444.901 83.73936855317862 84.06284877867543 84.15873187916941 5.233710534573664 5.253928048667214 5.259920742448088
 1209424 512 14705.896 14708.996 14730.93 84.07141816572341 84.19678515107354 84.2145338169126 5.254463635357713 5.262299071942096 5.263408363557038
 1330360 512 16185.999 16187.906 16202.927 84.0767004628238 84.15471649019953 84.1646314200316 5.254793778926487 5.259669780637471 5.260289463751975
 1463392 512 17803.907 17805.099 17828.941 84.04949054461508 84.16203740288105 84.16767218566126 5.253093159038443 5.260127337680066 5.260479511603829
 1609728 512 19582.033 19583.941 19598.961 84.10453350052587 84.16903788670523 84.17723900271234 5.256533343782867 5.260564867919077 5.261077437669521
 1770696 512 21530.151 21534.92 21549.94 84.13910683742043 84.19779149400138 84.21644158464099 5.258694177338777 5.262361968375086 5.263527599040062
 1947760 512 23684.978 23689.985 23705.959 84.13522692754172 84.19195875387848 84.20975691849915 5.258451682971358 5.261997422117405 5.263109807406197
 2142536 256 13072.014 13077.021 13088.942 83.80955710553229 83.88595781868057 83.91808882701625 5.238097319095768 5.242872363667535 5.2448805516885155
 2356784 256 14384.985 14394.999 14395.952 83.82032726977694 83.82587647279446 83.88423123138466 5.238770454361059 5.239117279549654 5.242764451961541
 2592456 256 15824.08 15826.941 15877.962 83.59621165487107 83.86569912657158 83.88086207855369 5.224763228429442 5.241606195410724 5.242553879909606
 2851696 256 17404.795 17411.947 17412.901 83.84980492337262 83.85439905140993 83.88885660532056 5.2406128077107885 5.2408999407131205 5.243053537832535
 3136864 256 19150.972 19159.079 19162.893 83.81168584513831 83.82837024681614 83.8638565186143 5.238230365321145 5.2392731404260084 5.241491032413394
 3450544 256 21064.043 21065.95 21076.918 83.82053429253746 83.86417550597054 83.87176801718454 5.238783393283591 5.2415109691231585 5.2419855010740335
 3795592 256 23173.094 23174.047 23175.001 83.8551465003173 83.8585985434482 83.8620472518689 5.2409466562698315 5.241162408965512 5.241377953241806
 4175144 256 25491.953 25497.913 25556.087 83.64636291933112 83.83720377428537 83.85680485131917 5.227897682458195 5.239825235892836 5.241050303207448
 4592656 128 14122.009 14129.162 14132.977 83.18982872469118 83.21229072184181 83.25443893995535 5.199364295293199 5.200768170115113 5.203402433747209
 5051920 128 15527.01 15529.871 15540.123 83.22273382263448 83.27767307275121 83.29301777998468 5.201420863914655 5.204854567046951 5.2058136112490425
 5557112 128 17088.175 17088.89 17098.904 83.19952389930958 83.24827838437723 83.25176164218824 5.199970243706849 5.203017399023577 5.203235102636765
 6112816 128 18793.106 18795.013 18802.166 83.2287565166694 83.2604316900446 83.26888040752816 5.201797282291838 5.203776980627787 5.20430502547051
 6724096 128 20678.997 20683.05 20686.865 83.21070283003247 83.22605109014387 83.2423630604521 5.20066892687703 5.201628193133992 5.202647691278257
 7396504 128 22746.801 22747.993 22752.047 83.22350177986183 83.2383333334066 83.2426952695458 5.201468861241365 5.202395833337913 5.202668454346613
 8136152 128 25024.891 25026.083 25026.083 83.22736370689734 83.22736370689734 83.23132804054971 5.2017102316810835 5.2017102316810835 5.201958002534357
 8949760 64 13949.156 13957.024 13958.931 82.06712104243512 82.07833417783046 82.12463033605759 5.129195065152195 5.1298958861144035 5.1327893960035995
 9844736 64 15347.004 15350.103 15352.964 82.07706394674018 82.09236172552068 82.10893852637295 5.129816496671261 5.130772607845042 5.1318086578983095
 10829208 64 16882.896 16883.85 16893.864 82.04982732191995 82.09849199086702 82.10313112158008 5.128114207619997 5.131155749429189 5.131445695098755
 11912128 64 18568.993 18579.006 18671.989 81.65988015524216 82.06856620854742 82.11282022670804 5.103742509702635 5.129285388034214 5.132051264169252
 13103336 64 20420.79 20425.081 20428.181 82.10359052526508 82.11605173071285 82.13330669381547 5.131474407829067 5.132253233169553 5.133331668363467
 14413664 64 22469.044 22474.051 22475.004 82.08892830452889 82.0924092412178 82.11070270724468 5.130558019033056 5.130775577576112 5.131918919202793
 15855024 64 24713.039 24720.192 24835.11 81.71669350367281 82.09657400719217 82.12033623222138 5.107293343979551 5.131035875449511 5.132521014513836
 17440520 32 13967.037 14002.8 14033.079 79.54015508642117 79.71214899877168 79.91625424920117 4.971259692901323 4.98200931242323 4.994765890575073
 19184568 32 15414.0 16044.855 16112.804 76.20103564841972 76.52374247071724 79.65566056831452 4.762564728026232 4.782733904419827 4.978478785519657
 21103024 32 20287.991 21713.018 22022.963 61.326604235769736 62.20201797833908 66.57108315949075 3.8329127647356085 3.8876261236461924 4.160692697468172
 23213320 32 33313.99 33509.97 34397.84 43.190284041090955 44.33464070543781 44.595453141457995 2.6993927525681847 2.7709150440898633 2.7872158213411247
 25534648 32 41697.025 41841.03 42124.987 38.79449201966519 39.05777348215376 39.192663553335045 2.4246557512290745 2.44111084263461 2.4495414720834403
 28088112 32 47144.175 47272.921 49603.939 36.239847162137664 38.0268265631396 38.13067400161313 2.264990447633604 2.376676660196225 2.3831671251008206
 30896920 32 53565.979 53657.77 54042.816 36.58956039596456 36.85212561013997 36.915275645386785 2.286847524747785 2.303257850633748 2.307204727836674
 33986608 16 32252.073 32310.009 32323.122 33.64685676092798 33.66051231988205 33.72097836935939 2.102928547557999 2.1037820199926283 2.107561148084962
 37385264 16 35578.012 35723.925 35769.939 33.445079344418225 33.48815809013147 33.625500154421225 2.090317459026139 2.093009880633217 2.1015937596513266
 41123784 16 39311.171 39656.878 39705.038 33.143428498922475 33.18367845295335 33.47549957237346 2.0714642811826547 2.0739799033095845 2.092218723273341
 45236160 16 43220.043 43283.939 43385.983 33.364626543093415 33.44328527955831 33.492727436666364 2.0852891589433384 2.0902053299723944 2.0932954647916477
 49759776 16 47444.105 48155.785 48191.071 33.04165686626885 33.06586803641556 33.561868898148674 2.0651035541418032 2.0666167522759724 2.097616806134292
 54735752 16 52274.942 52315.95 52325.01 33.474318762672 33.48011579642537 33.50637986360654 2.092144922667 2.092507237276586 2.0941487414754087
 60209320 16 58011.055 58035.851 58311.939 33.041230887554605 33.198414545519455 33.212604735424996 2.065076930472163 2.074900909094966 2.0757877959640623
 66230248 16 63564.062 63858.986 63909.054 33.1622485915689 33.18824912127481 33.3422356802811 2.072640536973056 2.0742655700796755 2.0838897300175687
 72853272 8 39129.972 39301.872 39419.174 29.570694505166443 29.658952428525538 29.789245747479708 1.8481684065729027 1.8536845267828461 1.8618278592174817
 80138592 8 42574.883 43154.955 43182.85 29.69274774592228 29.711940888363802 30.11675855926603 1.8557967341201425 1.8569963055227376 1.882297409954127
 88152448 8 46962.023 47461.987 47463.894 29.716044115554446 29.717238092033522 30.03361179734527 1.8572527572221529 1.8573273807520951 1.8771007373340793
 96967688 8 51977.873 52053.928 52138.09 29.757189187405984 29.805301302141885 29.848912978797728 1.859824324212874 1.8628313313838678 1.865557061174858
 106664456 8 57063.818 57175.875 57221.174 29.82517094109254 29.848800669862946 29.90741516804922 1.8640731838182838 1.8655500418664341 1.8692134480030762
 117330896 8 62546.968 62672.853 62709.093 29.936556983849215 29.953867522194976 30.01415409936418 1.871034811490576 1.872116720137186 1.8758846312102613
 129063984 8 68922.997 69143.057 69167.852 29.85525333358624 29.865959556864837 29.96131674308939 1.86595333334914 1.8666224723040523 1.872582296443087
 141970376 4 45827.15 46242.952 46333.075 24.513007349501414 24.560780808284044 24.783627347543977 1.5320629593438384 1.5350488005177527 1.5489767092214985
 156167408 4 50515.175 50626.993 50666.809 24.657942520122 24.677334954497496 24.73195953493183 1.541121407507625 1.5423334346560935 1.5457474709332393
 171784144 4 55720.806 55745.125 55893.898 24.587176797009217 24.65279523545781 24.66355479495397 1.536698549813076 1.540799702216113 1.5414721746846232
 188962552 4 61177.015 61239.958 61244.965 24.68285214956038 24.684870228029876 24.710267671608364 1.5426782593475237 1.5428043892518672 1.5443917294755227
 207858800 4 67354.918 67479.134 67856.073 24.505844893205065 24.642734745232502 24.688180898683598 1.5316153058253166 1.5401709215770314 1.5430113061677249
 228644680 4 74081.898 74082.136 74277.163 24.626108027308472 24.690938177052562 24.691017500658525 1.5391317517067795 1.5431836360657851 1.5431885937911578
 251509144 4 81405.163 81509.829 81573.963 24.66562954652577 24.68503708920798 24.716775666919307 1.5416018466578607 1.5428148180754988 1.5447984791824567
 276660056 2 60590.029 60696.84 60724.02 18.22409359591147 18.23225433152698 18.26439502116759 1.1390058497444668 1.1395158957204363 1.1415246888229744
 304326056 2 66714.048 66715.956 66751.003 18.236493375238123 18.246073308160344 18.24659513990217 1.1397808359523827 1.1403795817600215 1.1404121962438856
 334758656 2 73287.964 73421.001 73503.017 18.217410368339028 18.23776039228885 18.270866741502054 1.1385881480211892 1.139860024518053 1.1419291713438784
 368234520 2 80720.901 80816.984 80973.864 18.190290141026246 18.2256006979919 18.24729483631507 1.1368931338141404 1.1391000436244938 1.140455927269692
 405057968 2 88785.887 88832.855 89055.061 18.19359679064169 18.239106150534056 18.248754692285722 1.1370997994151055 1.1399441344083785 1.1405471682678576
 445563760 2 97635.984 97775.221 98318.815 18.12730391431182 18.22808500734557 18.254079766328775 1.1329564946444888 1.139255312959098 1.1408799853955485
 490120136 2 107379.913 107423.067 107954.979 18.1601678973973 18.250089098647685 18.25742347174373 1.1350104935873313 1.1406305686654803 1.1410889669839832
 539132144 1 59041.977 59079.885 59254.169 18.197272971628376 18.25095441536489 18.262672471147095 1.1373295607267735 1.1406846509603057 1.1414170294466934
 593045352 1 64961.91 65014.839 65111.876 18.216196136016723 18.24338446796738 18.25824862600253 1.1385122585010452 1.1402115292479613 1.1411405391251581
 652349880 1 71480.036 71491.957 71703.911 18.195656858940374 18.24960197970242 18.252645535880816 1.1372285536837734 1.1406001237314012 1.140790345992551
 717584864 1 78810.93 78896.046 78917.98 18.185586199748144 18.19064199998058 18.210287938487724 1.136599137484259 1.1369151249987863 1.1381429961554828
 789343344 1 86422.92 86556.911 86682.081 18.21237641952781 18.238713347799578 18.26699083992996 1.1382735262204882 1.1399195842374736 1.1416869274956225
 868277672 1 95164.061 95305.92 95338.106 18.2147036149428 18.220854947940275 18.248016380889837 1.138418975933925 1.1388034342462672 1.1405010238056148
 955105432 1 104476.929 104580.879 104687.929 18.246715569280198 18.265393083949885 18.283566355592246 1.1404197230800124 1.1415870677468678 1.1427228972245154
 1050615968 1 114935.875 115149.975 115369.081 18.213128836486092 18.247784560960607 18.281776129515695 1.1383205522803808 1.140486535060038 1.142611008094731
 
META_DATA
 FLOPS          1
 ERT_VERSION  1.1.0
 HOSTNAME  ('graoully-1.nancy.grid5000.fr', [], ['172.16.70.1'])
 UNAME  uname_result(system='Linux', node='graoully-1.nancy.grid5000.fr', release='4.19.0-14-amd64', version='#1 SMP Debian 4.19.171-2 (2021-01-30)', machine='x86_64', processor='')
 TIMESTAMP_DATA  1615912681.536464
 CONFIG  {'ERT_RESULTS': ['Results.graoully.01'], 'ERT_DRIVER': ['driver1'], 'ERT_KERNEL': ['kernel1'], 'ERT_OPENMP': ['False'], 'ERT_FLOPS': ['1,2,4,8,16,32'], 'ERT_ALIGN': ['64'], 'ERT_CC': ['g++'], 'ERT_CFLAGS': ['-O3', '-march=native', '-DERT_INTEL', '-fpermissive'], 'ERT_LD': ['g++'], 'ERT_LDFLAGS': [], 'ERT_LDLIBS': [], 'ERT_PRECISION': ['FP64'], 'ERT_RUN': ['ERT_CODE'], 'ERT_NUM_EXPERIMENTS': ['3'], 'ERT_MEMORY_MAX': ['1073741824'], 'ERT_WORKING_SET_MIN': ['1'], 'ERT_TRIALS_MIN': ['1'], 'ERT_GNUPLOT': ['gnuplo'], 'ERT_MPI': [False], 'ERT_GPU': [False], 'ERT_HIP': [False], 'ERT_OCL': [False], 'ERT_SYCL': [False], 'ERT_WSS_MULT': [1.1]}
 TIMESTAMP_DATA  1615912712.5126762
 TIMESTAMP_DATA  1615912743.5607097
 