fp64
 8 134217728 1279895.067 1280068.874 1280190.945 1.6774713618990644 1.6776313303279335 1.6778591490578814 0.8387356809495322 0.8388156651639668 0.8389295745289407
 16 67108864 639894.009 639894.009 639911.89 3.355905213763101 3.3559989901390064 3.3559989901390064 1.6779526068815505 1.6779994950695032 1.6779994950695032
 24 33554432 319976.091 319977.999 319987.059 5.033368352562032 5.033510869602006 5.033540884153123 2.516684176281016 2.516755434801003 2.5167704420765613
 32 33554432 319940.09 319983.959 320029.02 6.71027786167642 6.7112228210164755 6.712143039029589 3.35513893083821 3.3556114105082377 3.3560715195147943
 40 16777216 160418.034 160647.869 160842.896 8.344647562177691 8.354777989616533 8.36674809267392 4.172323781088846 4.1773889948082665 4.18337404633696
 48 16777216 161212.921 161231.995 161253.929 9.988052669401934 9.989411444049924 9.990593347043193 4.994026334700967 4.994705722024962 4.9952966735215965
 56 16777216 160038.948 160127.878 160212.994 11.728438156520562 11.734672409759904 11.741193100069614 5.864219078260281 5.867336204879952 5.870596550034807
 64 16777216 161514.997 161690.95 162010.908 13.25517938582259 13.281409058453798 13.295877707257118 6.627589692911295 6.640704529226899 6.647938853628559
 72 8388608 84407.806 84437.847 84475.04 14.29960319639979 14.305901854650557 14.310993369499498 7.149801598199895 7.1529509273252785 7.155496684749749
 80 8388608 84825.039 84849.834 84853.888 15.8175106837768 15.818266421122285 15.822890219950267 7.9087553418884 7.9091332105611425 7.9114451099751335
 88 8388608 93596.935 93684.912 93811.035 15.737967372388546 15.75915455842025 15.773967470195473 7.868983686194273 7.879577279210125 7.886983735097736
 96 8388608 92664.003 92668.056 93081.951 17.30316907517334 17.38045239667054 17.38121259449584 8.65158453758667 8.69022619833527 8.69060629724792
 104 8388608 108803.034 109068.871 109077.93 15.996182399134273 15.997511003850036 16.03659750885256 7.998091199567137 7.998755501925018 8.01829875442628
 112 8388608 108515.024 108771.801 109123.945 17.219393891963854 17.275140934735465 17.3160187662125 8.609696945981927 8.637570467367732 8.65800938310625
 120 8388608 124620.914 124621.153 124647.141 16.151721602663955 16.15508981849975 16.155120800991718 8.075860801331977 8.077544909249875 8.077560400495859
 128 8388608 123692.036 123787.88 123945.951 17.325968542530287 17.348092947387094 17.361535289143436 8.662984271265143 8.674046473693547 8.680767644571718
 136 4194304 69833.04 69920.063 70004.225 16.296883338112806 16.316499714824342 16.336832651134763 8.148441669056403 8.158249857412171 8.168416325567382
 144 4194304 69458.008 69620.132 69806.099 17.30449873728082 17.350721943474625 17.391220779035297 8.65224936864041 8.675360971737312 8.695610389517649
 152 4194304 77505.827 77522.039 77670.097 16.416464833306442 16.44781835524218 16.45125876793754 8.208232416653221 8.22390917762109 8.22562938396877
 160 4194304 76808.929 77239.037 77601.91 17.295673263712192 17.37692923333573 17.47423505931192 8.647836631856096 8.688464616667865 8.73711752965596
 176 4194304 84562.063 84753.99 84782.839 17.41384253480825 17.41976994829388 17.459306876181582 8.706921267404125 8.70988497414694 8.729653438090791
 192 4194304 92246.056 92667.103 92741.966 17.366601178154884 17.380631139402297 17.45996312297623 8.683300589077442 8.690315569701148 8.729981561488115
 208 4194304 99952.936 100041.866 100417.137 17.37582365049902 17.441002789772035 17.456520376750113 8.68791182524951 8.720501394886018 8.728260188375057
 224 4194304 107772.827 107969.999 108485.937 17.320661497351495 17.40342881729581 17.43526865078894 8.660330748675747 8.701714408647906 8.71763432539447
 240 4194304 115404.129 115694.046 116199.97 17.3258729756987 17.40163811022738 17.44535431656869 8.66293648784935 8.70081905511369 8.722677158284345
 264 2097152 65716.982 65737.009 65760.851 16.83822881185038 16.84433582915219 16.849469076349244 8.41911440592519 8.422167914576095 8.424734538174622
 288 2097152 69201.946 69211.006 69313.049 17.42759219840408 17.45328701045033 17.455572015272516 8.71379609920204 8.726643505225166 8.727786007636258
 312 2097152 77273.13 77289.82 77296.019 16.930016124116303 16.931373989485287 16.935030948015175 8.465008062058152 8.465686994742644 8.467515474007588
 336 2097152 80791.95 80954.075 81483.126 17.2954354254892 17.408464539925877 17.443398061316753 8.6477177127446 8.704232269962938 8.721699030658376
 368 2097152 88434.935 88635.921 88657.856 17.409668377272737 17.413976800669786 17.453553530626785 8.704834188636369 8.706988400334893 8.726776765313392
 400 2097152 96187.83 96421.957 96466.064 17.391832219877863 17.399787892709956 17.44214002956507 8.695916109938931 8.699893946354978 8.721070014782535
 440 2097152 108033.895 108034.134 108052.015 17.07967926373238 17.082506164209175 17.082543955302178 8.53983963186619 8.541253082104587 8.541271977651089
 480 2097152 115422.964 115586.996 115710.02 17.39923577923502 17.417754502418248 17.442507541220305 8.69961788961751 8.708877251209124 8.721253770610153
 528 1048576 63419.104 63467.026 63678.026 17.388985267853624 17.446796010262084 17.459979503967762 8.694492633926812 8.723398005131042 8.729989751983881
 576 1048576 70634.127 70831.06 70930.958 17.030075245846813 17.054093952568266 17.101641986741058 8.515037622923407 8.527046976284133 8.550820993370529
 632 1048576 78002.93 78037.977 78058.958 16.979474207175556 16.98403924540484 16.991670235977036 8.489737103587778 8.49201962270242 8.495835117988518
 688 1048576 84232.092 84232.807 84234.953 17.128763353141544 17.129199742803298 17.12934514317892 8.564381676570772 8.564599871401649 8.56467257158946
 752 1048576 91739.893 91747.046 91761.827 17.1864309545624 17.18919979178403 17.19054004128825 8.5932154772812 8.594599895892015 8.595270020644126
 824 1048576 100546.122 100937.843 101030.111 17.1043388044976 17.119974002218374 17.186672281602267 8.5521694022488 8.559987001109187 8.593336140801133
 904 1048576 109930.038 109935.045 109949.827 17.242641118480343 17.24495958499858 17.245745043770476 8.621320559240171 8.62247979249929 8.622872521885238
 992 1048576 119878.054 120118.856 120388.985 17.28044126296106 17.319302341673982 17.354092050910335 8.64022063148053 8.659651170836991 8.677046025455168
 1088 524288 65696.001 65774.202 65974.951 17.29217939093278 17.344956735469022 17.3656032427301 8.64608969546639 8.672478367734511 8.68280162136505
 1192 524288 71935.892 71957.111 71979.046 17.36481186483077 17.370105256171275 17.37522893300607 8.682405932415385 8.685052628085637 8.687614466503035
 1304 524288 78624.964 78737.974 79236.984 17.25637492714261 17.365738976214956 17.390699269509362 8.628187463571305 8.682869488107478 8.695349634754681
 1432 524288 85660.934 86221.933 87084.055 17.242660921106626 17.41506806626569 17.529120473984094 8.621330460553313 8.707534033132845 8.764560236992047
 1568 524288 93774.08 94084.978 94660.997 17.369003286538383 17.475342004118872 17.533279644012506 8.684501643269192 8.737671002059436 8.766639822006253
 1720 524288 103235.006 103235.96 103771.925 17.379948574722885 17.470179189499472 17.470340632323886 8.689974287361443 8.735089594749736 8.735170316161943
 1888 524288 112612.009 112830.877 113464.117 17.44790811706577 17.545830898753007 17.579932243283217 8.723954058532884 8.772915449376503 8.789966121641609
 2072 262144 61853.886 61933.994 62014.103 17.51738207033326 17.540040062651215 17.56275646125128 8.75869103516663 8.770020031325608 8.78137823062564
 2272 262144 68029.165 68194.866 68342.209 17.42967272246058 17.467331573024868 17.50987735921792 8.71483636123029 8.733665786512434 8.75493867960896
 2496 262144 74478.149 74627.161 74675.083 17.52422354856974 17.535476768304235 17.57056083657503 8.76211177428487 8.767738384152118 8.785280418287515
 2744 262144 81526.041 81801.891 82205.057 17.50070280956073 17.58695617439944 17.646463073068887 8.750351404780366 8.79347808719972 8.823231536534443
 3016 262144 89679.003 89690.924 89761.972 17.616063604306735 17.630018038391487 17.632361590817418 8.808031802153367 8.815009019195744 8.816180795408709
 3312 262144 98284.96 98289.013 98410.13 17.644950331840835 17.666693387184587 17.667421912772816 8.822475165920418 8.833346693592294 8.833710956386408
 3640 262144 107630.968 107930.899 108829.021 17.535840187333854 17.68176062352635 17.73103369283086 8.767920093666927 8.840880311763176 8.86551684641543
 4000 262144 117820.024 118283.033 119036.913 17.61766117036318 17.72994779394945 17.799622923179847 8.80883058518159 8.864973896974725 8.899811461589923
 4400 131072 65166.95 65169.096 65171.003 17.698570635778005 17.69908853730302 17.69967138250294 8.849285317889002 8.84954426865151 8.84983569125147
 4840 131072 71691.036 71692.944 71703.911 17.694668844493016 17.69737563015964 17.69784663176021 8.847334422246508 8.84868781507982 8.848923315880105
 5320 131072 78758.955 78793.049 78796.864 17.69875105689485 17.699607994608762 17.707269985997147 8.849375528447425 8.849803997304381 8.853634992998574
 5848 131072 86491.108 86760.998 87171.078 17.58631586499366 17.669438426699514 17.724574785190633 8.79315793249683 8.834719213349757 8.862287392595317
 6432 131072 94425.917 94614.983 94814.062 17.78333479689964 17.820752639145958 17.85643456340488 8.89166739844982 8.910376319572979 8.92821728170244
 7072 131072 104443.073 104656.935 104879.141 17.67636872617025 17.713898921270722 17.75017064080449 8.838184363085125 8.856949460635361 8.875085320402246
 7776 131072 114376.068 115638.018 116044.998 17.565873403694656 17.62769527924631 17.82218762757258 8.782936701847328 8.813847639623155 8.91109381378629
 8552 65536 63175.917 63222.885 63233.137 17.726903917482378 17.729778449686375 17.742959615449667 8.863451958741189 8.864889224843187 8.871479807724834
 9400 65536 68874.836 69955.826 70027.828 17.594102732987807 17.61221145469714 17.88863497257547 8.797051366493903 8.80610572734857 8.944317486287735
 10336 65536 76126.099 76786.041 76956.987 17.604122053271137 17.64331347672945 17.796264484799096 8.802061026635569 8.821656738364725 8.898132242399548
 11368 65536 83899.021 83902.121 83986.044 17.74135826661868 17.75910403981325 17.759760224138972 8.87067913330934 8.879552019906624 8.879880112069486
 12504 65536 92206.001 92312.813 92514.038 17.715411881600062 17.75402823007896 17.774594605832647 8.857705940800031 8.87701411503948 8.887297302916323
 13752 65536 101042.032 101727.009 102232.933 17.631325749012795 17.719012499423823 17.83913197628488 8.815662874506398 8.859506249711911 8.91956598814244
 15120 65536 111471.891 111485.004 111563.921 17.76388479569484 17.77645933438725 17.77855046883523 8.88194239784742 8.888229667193626 8.889275234417616
 16632 32768 60517.073 61114.073 62027.931 17.57264403998902 17.83541332615812 18.01135940596466 8.78632201999451 8.91770666307906 9.00567970298233
 18288 32768 67389.011 67394.972 67449.093 17.769288135572115 17.78355762207305 17.785130694379827 8.884644067786057 8.891778811036525 8.892565347189914
 20112 32768 74105.978 74146.986 74149.132 17.775798535308546 17.776313011563275 17.78614988388656 8.887899267654273 8.888156505781637 8.89307494194328
 22120 32768 81522.942 81526.041 81528.902 17.780888549192042 17.781512535362783 17.782188478919224 8.890444274596021 8.890756267681391 8.891094239459612
 24328 32768 89651.108 89654.922 89816.809 17.751240839562673 17.783293682414893 17.784050231704892 8.875620419781336 8.891646841207447 8.892025115852446
 26760 32768 98603.964 98612.07 98624.945 17.781945125546077 17.784266773834073 17.785728776583465 8.890972562773038 8.892133386917036 8.892864388291732
 29432 32768 108100.891 108247.995 109596.968 17.599533884915502 17.818857079061832 17.843105030466397 8.799766942457751 8.909428539530916 8.921552515233198
 32368 32768 119211.912 119212.866 119215.012 17.793642028908238 17.793962339601833 17.794104736781673 8.896821014454119 8.896981169800917 8.897052368390836
 35600 16384 65572.977 65613.031 65731.049 17.747180636049183 17.779102446890466 17.78996247188838 8.873590318024592 8.889551223445233 8.89498123594419
 39160 16384 72101.831 72492.838 73482.99 17.46247505715268 17.700988337634126 17.796980495543863 8.73123752857634 8.850494168817063 8.898490247771932
 43072 16384 78966.141 78982.115 79481.84 17.757305266209237 17.869656896374575 17.873271735540424 8.878652633104618 8.934828448187288 8.936635867770212
 47376 16384 87230.921 87245.941 87254.047 17.791917067181995 17.793570110040992 17.79663392525685 8.895958533590997 8.896785055020496 8.898316962628424
 52112 16384 95963.001 95974.922 96044.064 17.779401921184842 17.79221051099161 17.794420747637933 8.889700960592421 8.896105255495804 8.897210373818966
 57320 16384 105569.124 105571.985 105617.046 17.783699044186484 17.791289611538513 17.791771768419714 8.891849522093242 8.895644805769257 8.895885884209857
 63048 16384 116097.927 116107.941 116308.928 17.762667918321796 17.793415732004064 17.794950498986946 8.881333959160898 8.896707866002032 8.897475249493473
 69352 8192 63848.019 63852.072 63856.125 17.794114002376435 17.795243480900666 17.796373102820933 8.897057001188218 8.897621740450333 8.898186551410467
 76280 8192 69760.084 69795.132 71253.061 17.539899373586206 17.906284925430043 17.91528117999399 8.769949686793103 8.953142462715022 8.957640589996995
 83904 8192 77708.96 77751.16 77877.998 17.651752372987296 17.68054825162737 17.690149707318177 8.825876186493648 8.840274125813686 8.845074853659089
 92288 8192 84332.943 84568.024 85469.961 17.690970889760905 17.879649073980964 17.929489215145736 8.845485444880453 8.939824536990482 8.964744607572868
 101512 8192 93459.129 93465.09 93467.951 17.794041596140264 17.794586278149414 17.795721250515825 8.897020798070132 8.897293139074707 8.897860625257913
 111656 8192 102771.997 102811.098 102830.172 17.79022507129522 17.79352559779101 17.800295385911397 8.89511253564761 8.896762798895505 8.900147692955699
 122816 8192 112746.954 113734.961 114633.083 17.553548167242436 17.692161902618494 17.847199171340808 8.776774083621218 8.846080951309247 8.923599585670404
 135096 4096 61846.018 61998.129 62469.006 17.716088391097497 17.850642428257796 17.89454629075715 8.858044195548748 8.925321214128898 8.947273145378576
 148600 4096 68055.153 68447.113 68645.0 17.73371986306359 17.784989704386803 17.88742139775955 8.866859931531796 8.892494852193401 8.943710698879775
 163456 4096 74634.075 74651.957 75973.988 17.624868553694984 17.936991953204927 17.94128957852027 8.812434276847492 8.968495976602464 8.970644789260135
 179800 4096 81329.823 82744.122 83416.224 17.657495501114987 17.80092125456356 18.110473448343786 8.828747750557493 8.90046062728178 9.055236724171893
 197776 4096 90988.874 90991.974 91035.128 17.79731656992892 17.80575715392217 17.80636379784192 8.89865828496446 8.902878576961085 8.90318189892096
 217552 4096 100062.847 100081.921 100081.921 17.80727194475014 17.80727194475014 17.81066637050613 8.90363597237507 8.90363597237507 8.905333185253065
 239304 4096 110101.938 110102.177 110105.991 17.804465953174155 17.80508270967249 17.80512135944419 8.902232976587078 8.902541354836245 8.902560679722095
 263232 2048 60379.982 60733.08 61026.096 17.6678231555235 17.753064260860803 17.856882964953517 8.83391157776175 8.876532130430402 8.928441482476758
 289552 2048 66594.839 66606.045 66615.105 17.80384481867889 17.80626656334271 17.809262846930224 8.901922409339445 8.903133281671355 8.904631423465112
 318504 2048 73259.115 73259.83 73405.027 17.772521001865446 17.807745172217846 17.807918973632155 8.886260500932723 8.903872586108923 8.903959486816078
 350352 2048 80580.95 80585.003 80590.01 17.806695792691926 17.807802178775127 17.80869786221185 8.903347896345963 8.903901089387563 8.904348931105925
 385384 2048 88641.167 88661.909 88665.009 17.803335067613876 17.803957548443943 17.808123667866422 8.901667533806938 8.901978774221972 8.904061833933211
 423920 2048 97510.099 97525.12 97571.135 17.796004115356453 17.804400753364877 17.807143442649977 8.898002057678227 8.902200376682439 8.903571721324989
 466312 2048 107250.929 107264.042 107388.973 17.785941131963334 17.806656512160895 17.808833637235903 8.892970565981667 8.903328256080448 8.904416818617952
 512936 2048 117972.136 117972.136 118107.08 17.788822278901485 17.809170260340117 17.809170260340117 8.894411139450742 8.904585130170059 8.904585130170059
 564224 1024 64779.043 64853.907 65679.073 17.593591066670506 17.817442394025697 17.83803369864541 8.796795533335253 8.908721197012849 8.919016849322706
 620640 1024 71655.035 71665.049 71928.024 17.67142553505988 17.736270856383562 17.73874955193309 8.83571276752994 8.868135428191781 8.869374775966545
 682704 1024 78449.965 78460.932 78464.985 17.81913030379092 17.82005077380422 17.82254194759679 8.90956515189546 8.91002538690211 8.911270973798395
 750968 1024 85774.899 87113.142 87287.188 17.619796206517734 17.6549993340844 17.930449139905136 8.809898103258867 8.8274996670422 8.965224569952568
 826064 1024 94921.112 94933.033 94949.007 17.817764771357748 17.82076289503992 17.823000977906794 8.908882385678874 8.91038144751996 8.911500488953397
 908664 1024 104172.945 104897.022 105697.87 17.606257079731126 17.74067401074551 17.863984473127836 8.803128539865563 8.870337005372756 8.931992236563918
 999528 1024 114804.983 114854.097 114886.999 17.817798026041224 17.822902251366795 17.830526955437115 8.908899013020612 8.911451125683397 8.915263477718558
 1099480 512 63348.055 63937.187 64085.96 17.568083867355657 17.60896237114717 17.772724355941154 8.784041933677829 8.804481185573586 8.886362177970577
 1209424 512 69450.14 69451.094 69538.832 17.809476236241643 17.83197505859303 17.832220007043905 8.904738118120822 8.915987529296515 8.916110003521952
 1330360 512 75309.038 76248.884 77389.002 17.603129705691256 17.866342017543495 18.089311405093238 8.801564852845628 8.933171008771748 9.044655702546619
 1463392 512 83846.092 83956.003 84304.094 17.775096521409743 17.848794064195744 17.872191443341208 8.887548260704872 8.924397032097872 8.936095721670604
 1609728 512 92411.995 92816.114 92875.957 17.74798909474494 17.759432074477928 17.837094329583515 8.87399454737247 8.879716037238964 8.918547164791757
 1770696 512 101595.879 101642.132 101767.063 17.81708787252709 17.838987320730347 17.84710877889053 8.908543936263545 8.919493660365173 8.923554389445265
 1947760 512 111710.072 111789.942 112082.005 17.7950621065353 17.8415535809116 17.854309860260408 8.89753105326765 8.9207767904558 8.927154930130204
 2142536 256 61365.128 61428.07 61452.866 17.85072858928988 17.85793419848613 17.876251019960392 8.92536429464494 8.928967099243065 8.938125509980196
 2356784 256 67494.869 67533.97 67712.069 17.820654808229236 17.867651020664116 17.87800207449843 8.910327404114618 8.933825510332058 8.939001037249215
 2592456 256 74288.13 74290.991 74430.943 17.83314060658885 17.86673530845752 17.867423395904567 8.916570303294424 8.93336765422876 8.933711697952283
 2851696 256 81619.978 81666.946 81917.048 17.82374228133807 17.878326832498427 17.88861486828629 8.911871140669035 8.939163416249214 8.944307434143145
 3136864 256 90070.963 90147.018 90934.038 17.66197128516387 17.81616745215022 17.831211241740583 8.830985642581934 8.90808372607511 8.915605620870291
 3450544 256 98826.17 98902.941 98905.802 17.86223348151001 17.86275018859146 17.87662648466494 8.931116740755005 8.93137509429573 8.93831324233247
 3795592 256 108616.114 108664.036 108710.051 17.87638848591838 17.883958442331373 17.891848938731137 8.93819424295919 8.941979221165687 8.945924469365568
 4175144 256 119426.012 119428.873 119780.064 17.846657086441365 17.899136735553054 17.899565531837403 8.923328543220682 8.949568367776527 8.949782765918702
 4592656 128 65523.148 65525.055 66165.924 17.76926648829086 17.943059124482993 17.943581343191873 8.88463324414543 8.971529562241496 8.971790671595937
 5051920 128 71851.015 72057.009 72587.013 17.817119985361565 17.948171009984605 17.99962770184944 8.908559992680782 8.974085504992303 8.99981385092472
 5557112 128 79243.898 79288.006 79761.028 17.836037318877082 17.94244481315371 17.95243176957297 8.918018659438541 8.971222406576855 8.976215884786486
 6112816 128 87112.904 87123.156 87495.089 17.885356925575557 17.961710386157268 17.96382423435224 8.942678462787779 8.980855193078634 8.98191211717612
 6724096 128 95792.055 96050.978 96719.027 17.79762089624826 17.92140602670386 17.96984704002853 8.89881044812413 8.96070301335193 8.984923520014265
 7396504 128 104979.992 105371.952 105663.061 17.920217397449804 17.969725226310697 18.036818139593688 8.960108698724902 8.984862613155348 9.018409069796844
 8136152 128 115830.898 116337.061 116736.889 17.842302718894626 17.90362326584819 17.981859313565884 8.921151359447313 8.951811632924095 8.990929656782942
 8949760 64 63370.943 63821.077 64257.86 17.82769111825386 17.94970147557992 18.07720109198943 8.91384555912693 8.97485073778996 9.038600545994715
 9844736 64 70108.175 70768.118 70825.1 17.79208512236481 17.806411186461112 17.97402668091132 8.896042561182405 8.903205593230556 8.98701334045566
 10829208 64 76558.113 76772.928 76912.165 18.02235867368966 18.05504440315211 18.105705191558208 9.01117933684483 9.027522201576055 9.052852595779104
 11912128 64 83960.056 84263.086 85386.992 17.85696331825344 18.095140545885062 18.16044982151989 8.92848165912672 9.047570272942531 9.080224910759945
 13103336 64 92609.167 92772.007 92828.989 18.06792281234475 18.07902040968026 18.110809786249344 9.033961406172375 9.03951020484013 9.055404893124672
 14413664 64 101819.992 102372.885 103026.867 17.90745507188916 18.021852094917516 18.119712600252413 8.95372753594458 9.010926047458758 9.059856300126206
 15855024 64 111923.933 112482.071 113075.018 17.947758115767 18.042369365692064 18.132342365059667 8.9738790578835 9.021184682846032 9.066171182529834
 17440520 32 61017.99 61361.074 61744.928 18.077489376941212 18.190575999370544 18.292855598816022 9.038744688470606 9.095287999685272 9.146427799408011
 19184568 32 68942.07 69652.796 69739.103 17.605795015746043 17.62761041207879 17.80933401042353 8.802897507873022 8.813805206039396 8.904667005211765
 21103024 32 77255.011 77363.968 77416.897 17.445720357404664 17.457655946499543 17.482277440876942 8.722860178702332 8.728827973249771 8.741138720438471
 23213320 32 86486.816 86516.857 86577.177 17.15986281234372 17.171826757414454 17.177791352614943 8.57993140617186 8.585913378707227 8.588895676307471
 25534648 32 95638.99 95661.879 95742.941 17.06880376695343 17.083267536486503 17.087356024985205 8.534401883476715 8.541633768243251 8.543678012492602
 28088112 32 104825.02 105465.889 105543.137 17.032269639664015 17.044744846364495 17.148951347683976 8.516134819832008 8.522372423182247 8.574475673841988
 30896920 32 115582.943 115961.075 116109.133 17.0305541769914 17.052298626931496 17.10808557626016 8.5152770884957 8.526149313465748 8.55404278813008
 33986608 16 63416.004 63655.853 63841.105 17.035598866905577 17.085176063857006 17.149794805740207 8.517799433452788 8.542588031928503 8.574897402870103
 37385264 16 69929.123 70059.061 70143.223 17.05551009539439 17.075998891849263 17.1077284638619 8.527755047697195 8.537999445924632 8.55386423193095
 41123784 16 76987.982 77000.856 77086.926 17.071131984170698 17.090213750351033 17.093071591355645 8.535565992085349 8.545106875175517 8.546535795677823
 45236160 16 84290.981 84708.929 84793.091 17.071639952363572 17.08860136810371 17.173333407995333 8.535819976181786 8.544300684051855 8.586666703997667
 49759776 16 92970.133 93075.037 93148.947 17.09426551005456 17.107839903410405 17.127143746260963 8.54713275502728 8.553919951705202 8.563571873130481
 54735752 16 102302.074 102454.901 102638.006 17.065258107216152 17.095756736908076 17.121295742254453 8.532629053608076 8.547878368454038 8.560647871127227
 60209320 16 112221.956 112921.0 112926.006 17.061599079312163 17.062355452041693 17.168638906988928 8.530799539656082 8.531177726020847 8.584319453494464
 66230248 16 123549.938 124062.061 124116.898 17.075579313946438 17.083126935961513 17.153937673364112 8.537789656973219 8.541563467980756 8.576968836682056
 72853272 8 67973.137 68146.944 68166.971 17.099958160088995 17.104983489795227 17.148720854239812 8.549979080044498 8.552491744897614 8.574360427119906
 80138592 8 74560.165 74731.827 74867.964 17.12638361582799 17.15758229756647 17.197084689927927 8.563191807913995 8.578791148783235 8.598542344963963
 88152448 8 82006.931 82268.0 82442.999 17.108052655871965 17.144444595711576 17.19902392152683 8.554026327935983 8.572222297855788 8.599511960763415
 96967688 8 90379.953 90703.964 90716.124 17.10261571581255 17.104908535199186 17.166229418154266 8.551307857906275 8.552454267599593 8.583114709077133
 106664456 8 99465.847 99483.013 99619.15 17.131558500549346 17.15500209065843 17.15796273267547 8.565779250274673 8.577501045329216 8.578981366337734
 117330896 8 109055.042 109150.887 109666.824 17.11816087607315 17.199075404673533 17.21419112378133 8.559080438036576 8.599537702336766 8.607095561890665
 129063984 8 119776.964 120007.038 120576.859 17.12620283134096 17.207521978835942 17.240575107580785 8.56310141567048 8.603760989417971 8.620287553790392
 141970376 4 65809.011 65922.976 65988.064 17.211643123823123 17.228636765427584 17.258472521339062 8.605821561911561 8.614318382713792 8.629236260669531
 156167408 4 72321.892 72443.962 72563.887 17.217094007105764 17.245595485238645 17.274703819971965 8.608547003552882 8.622797742619323 8.637351909985982
 171784144 4 79503.059 79735.041 79997.063 17.17904508569271 17.235498154443793 17.28578961974281 8.589522542846355 8.617749077221896 8.642894809871406
 188962552 4 87522.984 87694.883 87906.837 17.19661937102799 17.23818271129913 17.272039262281094 8.598309685513994 8.619091355649566 8.636019631140547
 207858800 4 96383.095 96390.963 96606.016 17.212907320388826 17.25131016690849 17.252718435738135 8.606453660194413 8.625655083454244 8.626359217869068
 228644680 4 105875.015 105946.064 106312.037 17.205553497201826 17.264987210850986 17.276573136731077 8.602776748600913 8.632493605425493 8.638286568365539
 251509144 4 116365.91 116585.016 117177.963 17.171088321444877 17.258419829869048 17.290915801715467 8.585544160722439 8.629209914934524 8.645457900857734
 276660056 2 63334.942 63519.001 63670.874 17.38063504515424 17.422191888691703 17.47282288503556 8.69031752257712 8.711095944345852 8.73641144251778
 304326056 2 69856.882 69961.071 70003.986 17.389070159519203 17.399736833645672 17.425687908601475 8.694535079759602 8.699868416822836 8.712843954300737
 334758656 2 76792.955 77015.162 77017.069 17.386205959097193 17.38663646516773 17.436946188618474 8.693102979548597 8.693318232583865 8.718473094309237
 368234520 2 84398.031 84630.966 84745.884 17.380644468821636 17.40424515537256 17.45228013672499 8.690322234410818 8.70212257768628 8.726140068362495
 405057968 2 92958.927 93125.105 93171.12 17.38985076062196 17.39844343799666 17.42954576057015 8.69492538031098 8.69922171899833 8.714772880285075
 445563760 2 102130.175 102435.112 102634.907 17.36499883027126 17.39886846611736 17.4508174493973 8.68249941513563 8.69943423305868 8.72540872469865
 490120136 2 112493.992 112493.992 112574.1 17.415023029275826 17.42742442636403 17.42742442636403 8.707511514637913 8.713712213182015 8.713712213182015
 539132144 1 61890.125 62026.024 62027.931 17.38352820441488 17.384062663761906 17.422234774933806 8.69176410220744 8.692031331880953 8.711117387466903
 593045352 1 68118.095 68184.853 68296.909 17.366682055845306 17.395222719039957 17.412270616199702 8.683341027922653 8.697611359519978 8.706135308099851
 652349880 1 74873.924 75006.008 75063.944 17.381177839523062 17.394603376305536 17.425288943050457 8.690588919761531 8.697301688152768 8.712644471525229
 717584864 1 82379.103 82465.887 82561.97 17.382939481700838 17.403192765027796 17.421526524754704 8.691469740850419 8.701596382513898 8.710763262377352
 789343344 1 90641.022 90723.991 90791.941 17.3879605459696 17.40098369349735 17.416911826082455 8.6939802729848 8.700491846748674 8.708455913041227
 868277672 1 99740.028 99831.104 100003.958 17.36486613859823 17.394932785677696 17.410816688361063 8.682433069299115 8.697466392838848 8.705408344180531
 955105432 1 109715.939 109983.921 110052.824 17.357218057393965 17.36809205047345 17.410513744953683 8.678609028696982 8.684046025236725 8.705256872476841
 1050615968 1 120576.143 120785.952 120807.886 17.393168654569454 17.396327149037994 17.426597697688837 8.696584327284727 8.698163574518997 8.713298848844419
 
META_DATA
 FLOPS          8
 ERT_VERSION  1.1.0
 HOSTNAME  ('graoully-2.nancy.grid5000.fr', [], ['172.16.70.2'])
 UNAME  uname_result(system='Linux', node='graoully-2.nancy.grid5000.fr', release='4.19.0-14-amd64', version='#1 SMP Debian 4.19.171-2 (2021-01-30)', machine='x86_64', processor='')
 TIMESTAMP_DATA  1615569070.9866893
 CONFIG  {'ERT_RESULTS': ['Results.graoully.01'], 'ERT_SPEC_GBYTES_DRAM': ['59.00'], 'ERT_SPEC_GFLOPS': ['51.2'], 'ERT_DRIVER': ['driver1'], 'ERT_KERNEL': ['kernel1'], 'ERT_OPENMP': ['False'], 'ERT_FLOPS': ['1,2,4,8,16'], 'ERT_ALIGN': ['32'], 'ERT_CC': ['g++'], 'ERT_CFLAGS': ['-O3'], 'ERT_LD': ['g++'], 'ERT_LDFLAGS': [], 'ERT_LDLIBS': [], 'ERT_PRECISION': ['FP64'], 'ERT_RUN': ['ERT_CODE'], 'ERT_NUM_EXPERIMENTS': ['3'], 'ERT_MEMORY_MAX': ['1073741824'], 'ERT_WORKING_SET_MIN': ['1'], 'ERT_TRIALS_MIN': ['1'], 'ERT_GNUPLOT': ['gnuplo'], 'ERT_MPI': [False], 'ERT_GPU': [False], 'ERT_HIP': [False], 'ERT_OCL': [False], 'ERT_SYCL': [False], 'ERT_WSS_MULT': [1.1]}
 TIMESTAMP_DATA  1615569128.4906511
 TIMESTAMP_DATA  1615569185.9963691
 