fp64
 8 134217728 272852.898 273033.142 273298.979 7.857635092006692 7.865285628951228 7.870481360985948 0.9822043865008365 0.9831607036189035 0.9838101701232435
 16 67108864 136366.129 136411.905 136491.06 15.73351139627753 15.742640996033302 15.747925557086104 1.9666889245346912 1.9678301245041627 1.968490694635763
 24 33554432 68183.184 68185.091 68185.091 23.621186279563666 23.621186279563666 23.621846935162196 2.9526482849454583 2.9526482849454583 2.9527308668952745
 32 33554432 68186.045 68195.105 68294.048 31.444667740298545 31.49029021951063 31.494474389884324 3.930583467537318 3.9362862774388288 3.9368092987355405
 40 16777216 34090.996 34091.949 34092.903 39.36823097757325 39.369332624544285 39.37043317830902 4.921028872196656 4.921166578068036 4.921304147288628
 48 16777216 34465.075 34702.063 34990.072 46.03056364102366 46.412593280117086 46.73173454576844 5.753820455127958 5.801574160014636 5.841466818221055
 56 16777216 34092.903 34093.857 34095.049 55.11205430442408 55.11398114915539 55.115523368602545 6.88900678805301 6.889247643644424 6.889440421075318
 64 16777216 39337.873 39340.973 39342.88 54.58379376395425 54.586439638897595 54.59074129401964 6.822974220494281 6.823304954862199 6.823842661752455
 72 8388608 18096.924 18271.923 18340.111 65.86435338368453 66.11014899745363 66.74944051265287 8.233044172960566 8.263768624681704 8.343680064081608
 80 8388608 22291.183 22294.044 22295.952 60.19824944007773 60.203401410708615 60.21112831921033 7.524781180009716 7.525425176338577 7.526391039901291
 88 8388608 23602.962 23604.155 24235.964 60.91752768736577 62.548098332687616 62.551259795274845 7.614690960920721 7.818512291585952 7.818907474409356
 96 8388608 25416.136 25496.96 25579.929 62.963925193068356 63.16881447827506 63.36969301706601 7.8704906491335445 7.8961018097843825 7.9212116271332516
 104 8388608 27842.045 27886.152 27976.99 62.36662571634761 62.56978244972631 62.668904672770985 7.795828214543452 7.821222806215789 7.833613084096373
 112 8388608 29198.885 29384.136 29978.991 62.67883372058785 63.947709471532534 64.35342281049431 7.834854215073482 7.993463683941567 8.044177851311789
 120 8388608 31959.057 32061.1 32280.922 62.367051350020304 62.79466144330669 62.995160339055055 7.795881418752538 7.849332680413336 7.874395042381882
 128 8388608 32939.911 33285.141 33550.024 64.00840869741256 64.51778732137562 65.19397238201402 8.00105108717657 8.064723415171953 8.149246547751753
 136 4194304 17704.964 17915.964 18063.068 63.159297634266785 63.67788459499026 64.43676971046087 7.894912204283348 7.9597355743737825 8.054596213807608
 144 4194304 18357.992 18534.899 18872.976 64.00472040021668 65.17216802745997 65.80020037049803 8.000590050027085 8.146521003432497 8.225025046312254
 152 4194304 19862.89 19928.217 20056.963 63.57235719086684 63.98306561996991 64.19349933468897 7.946544648858355 7.997883202496239 8.02418741683612
 160 4194304 20390.987 20448.923 20699.978 64.839551037204 65.63559753244708 65.8220850221718 8.1049438796505 8.204449691555885 8.227760627771476
 176 4194304 22518.873 22701.025 22825.003 64.68323390800869 65.03649099545063 65.56256203407693 8.085404238501086 8.12956137443133 8.195320254259617
 192 4194304 24718.046 24805.069 24914.026 64.64682729318818 64.93079039610815 65.15938743701668 8.080853411648523 8.116348799513519 8.144923429627084
 208 4194304 26373.863 26618.004 26815.176 65.06876792455138 65.55076270933013 66.15756152217823 8.133595990568923 8.193845338666266 8.269695190272278
 224 4194304 28435.946 28692.007 28775.93 65.29930368888164 65.49030160211518 66.08003095799943 8.162412961110205 8.186287700264398 8.260003869749928
 240 4194304 30548.096 30640.841 30942.202 65.06537317544498 65.7053088066349 65.90479223320497 8.133171646930622 8.213163600829363 8.238099029150622
 264 2097152 16873.121 16968.012 16969.919 65.25053278097556 65.25786615426722 65.6248631180918 8.156316597621945 8.157233269283402 8.203107889761474
 288 2097152 18244.982 18286.943 18359.184 65.79592818504351 66.05584935656003 66.20776890873337 8.224491023130438 8.256981169570004 8.275971113591671
 312 2097152 19737.005 19999.027 20042.181 65.29343528032204 65.43432577994919 66.30301041115406 8.161679410040255 8.179290722493649 8.287876301394258
 336 2097152 21239.042 21242.857 21319.866 66.10201696389647 66.34164811258674 66.35356453459625 8.26275212048706 8.292706014073342 8.29419556682453
 368 2097152 23115.873 23220.062 23276.091 66.31284746223066 66.47285747988097 66.77246721333 8.289105932778833 8.309107184985121 8.34655840166625
 400 2097152 25146.961 25152.922 25186.062 66.61309735519589 66.7008628261957 66.71667403468753 8.326637169399486 8.337607853274463 8.339584254335941
 440 2097152 27680.159 27713.06 27764.082 66.47054853101213 66.59292622323194 66.67207944867658 8.308818566376516 8.324115777903993 8.334009931084573
 480 2097152 30061.007 30088.902 30113.935 66.85496000439663 66.91058118372017 66.97267060947092 8.356870000549579 8.363822647965021 8.371583826183866
 528 1048576 16554.117 16555.071 16556.978 66.87792035478938 66.88562410877005 66.8894786716803 8.359740044348673 8.360703013596256 8.361184833960037
 576 1048576 18030.167 18033.981 18034.935 66.97886917807021 66.98241236918237 66.99658145151956 8.372358647258777 8.372801546147796 8.374572681439945
 632 1048576 21417.856 21471.024 21472.216 61.72628218717622 61.72970902552203 61.88294776097104 7.715785273397027 7.716213628190253 7.73536847012138
 688 1048576 23603.201 23603.916 23605.108 61.12408280445063 61.12716957643807 61.12902127130977 7.640510350556329 7.640896197054759 7.641127658913721
 752 1048576 25192.976 25239.944 25241.137 62.47968560211847 62.48263878873899 62.59912699476235 7.809960700264809 7.810329848592374 7.824890874345294
 824 1048576 26060.104 26061.058 26062.965 66.30301840178198 66.30787007956468 66.31029745698635 8.287877300222748 8.288483759945585 8.288787182123293
 904 1048576 28027.058 28028.965 28033.972 67.6260006252414 67.63808110645542 67.64268329554962 8.453250078155175 8.454760138306927 8.455335411943702
 992 1048576 30980.11 30982.018 30983.21 67.14523072334984 67.14781406427431 67.15194955731273 8.39315384041873 8.39347675803429 8.393993694664092
 1088 524288 16717.911 16722.202 16853.094 67.6938423294856 68.22371168581745 68.24122272214514 8.4617302911857 8.527963960727181 8.530152840268142
 1192 524288 17456.055 17457.008 17460.823 71.5832576734785 71.5989012550146 71.60281014238325 8.947907209184812 8.949862656876824 8.950351267797906
 1304 524288 18847.942 18847.942 18851.042 72.53408612637963 72.54601611146724 72.54601611146724 9.066760765797454 9.068252013933405 9.068252013933405
 1432 524288 20328.999 20372.152 20418.882 73.53785736163223 73.70653979019988 73.86299896025378 9.19223217020403 9.213317473774985 9.232874870031722
 1568 524288 22453.07 22454.023 22455.931 73.21750178160059 73.22372333902037 73.22683125292 9.152187722700074 9.152965417377546 9.153353906615
 1720 524288 23766.041 23766.994 23837.09 75.66153083283236 75.88467940034823 75.88772231773899 9.457691354104044 9.48558492504353 9.485965289717374
 1888 524288 26254.892 26255.131 26257.992 75.39462606280024 75.40284175310342 75.40352815010628 9.42432825785003 9.425355219137927 9.425441018763285
 2072 262144 14012.098 14014.006 14027.119 77.44460826203868 77.5170737046923 77.52762905312251 9.680576032754836 9.689634213086537 9.690953631640314
 2272 262144 15407.085 15408.039 15408.039 77.30914595945661 77.30914595945661 77.31393290813935 9.663643244932077 9.663643244932077 9.664241613517419
 2496 262144 16717.911 16717.911 16721.964 78.25772427210106 78.27669665187236 78.27669665187236 9.782215534012632 9.784587081484045 9.784587081484045
 2744 262144 18030.167 18031.12 18076.181 79.58795455743666 79.78685028994317 79.79106749260836 9.948494319679583 9.973356286242897 9.973883436576045
 3016 262144 19670.963 19673.109 19799.948 79.86145256543098 80.37634559946778 80.38511424173794 9.982681570678873 10.047043199933473 10.048139280217242
 3312 262144 21635.056 21636.963 21638.87 80.24642026131679 80.25349287698093 80.26056673946209 10.030802532664598 10.031686609622616 10.032570842432762
 3640 262144 23356.915 23360.968 23536.921 81.08147705470907 81.69217645433186 81.70635205890845 10.135184631838634 10.211522056791482 10.213294007363556
 4000 262144 25733.948 25735.14 25747.061 81.45209272623387 81.48982286476777 81.49359748453676 10.181511590779234 10.186227858095972 10.186699685567095
 4400 131072 14058.828 14096.975 14101.028 81.79783771793092 81.82135529076274 82.04336805315494 10.224729714741365 10.227669411345342 10.255421006644367
 4840 131072 15283.108 15285.969 15285.969 83.00271706687356 83.00271706687356 83.0182551873611 10.375339633359195 10.375339633359195 10.377281898420138
 5320 131072 16717.911 16718.864 16721.964 83.39965807844104 83.41512198436449 83.41987704085756 10.42495725980513 10.426890248045561 10.427484630107195
 5848 131072 18275.023 18281.937 18304.825 83.74940006255181 83.85424979858534 83.88597442531261 10.468675007818977 10.481781224823168 10.485746803164076
 6432 131072 20120.859 20120.859 20135.88 83.73660391301497 83.79911652877246 83.79911652877246 10.467075489126872 10.474889566096557 10.474889566096557
 7072 131072 22044.897 22045.135 22046.089 84.09121309453118 84.09485212950614 84.09576003008769 10.511401636816398 10.511856516188267 10.511970003760961
 7776 131072 24141.073 24142.027 24142.027 84.43498733557045 84.43498733557045 84.43832401318699 10.554373416946307 10.554373416946307 10.554790501648373
 8552 65536 13173.103 13174.057 13174.057 85.08599469396557 85.08599469396557 85.0921566467673 10.635749336745697 10.635749336745697 10.636519580845912
 9400 65536 14445.066 14446.02 14611.959 84.3197547981075 85.28832162768707 85.29395435091816 10.539969349763437 10.661040203460884 10.66174429386477
 10336 65536 15899.897 15899.897 15901.089 85.19920818001836 85.20559548278835 85.20559548278835 10.649901022502295 10.650699435348544 10.650699435348544
 11368 65536 17395.973 17395.973 17396.927 85.64883303815668 85.65353004399351 85.65353004399351 10.706104129769585 10.706691255499189 10.706691255499189
 12504 65536 19076.109 19076.109 19078.97 85.90213664574135 85.91502009136138 85.91502009136138 10.737767080717669 10.739377511420173 10.739377511420173
 13752 65536 20938.873 20940.065 20950.079 86.0379640573193 86.07910930553464 86.08400958351483 10.754745507164913 10.75988866319183 10.760501197939353
 15120 65536 23049.116 23050.07 23050.07 85.97842175750442 85.97842175750442 85.98198039352137 10.747302719688053 10.747302719688053 10.747747549190171
 16632 32768 12620.926 12621.164 12621.88 86.35755941270239 86.36245848639633 86.36408707253335 10.794694926587798 10.795307310799542 10.795510884066669
 18288 32768 13890.982 13891.935 13894.081 86.26136323805798 86.27468873126746 86.2806076633027 10.782670404757248 10.784336091408433 10.785075957912838
 20112 32768 15253.067 15253.782 15257.12 86.38983189487924 86.4087366660937 86.412787146349 10.798728986859905 10.801092083261713 10.801598393293625
 22120 32768 16728.878 16729.116 16730.785 86.64604320717767 86.65468755193041 86.65592037911928 10.830755400897209 10.831835943991301 10.83199004738991
 24328 32768 18377.066 18379.927 18384.933 86.72100181164652 86.7446213469727 86.75812602512285 10.840125226455815 10.843077668371588 10.844765753140356
 26760 32768 20193.1 20195.007 20196.915 86.83223947815793 86.84044328382753 86.84864433890786 10.854029934769741 10.85505541047844 10.856080542363483
 29432 32768 22191.048 22192.001 22192.001 86.91670264434468 86.91670264434468 86.92043530346112 10.864587830543085 10.864587830543085 10.86505441293264
 32368 32768 24402.142 24404.049 24442.911 86.78464066739022 86.92284005822148 86.92963298058015 10.848080083423778 10.865355007277685 10.866204122572519
 35600 16384 13666.868 13677.12 13715.029 85.0556568272659 85.2914063779509 85.35538647186758 10.631957103408238 10.661425797243863 10.669423308983447
 39160 16384 15234.947 15248.06 15254.974 84.11649079179026 84.15463213025133 84.22706557495736 10.514561348973782 10.519329016281416 10.52838319686967
 43072 16384 16910.076 16927.004 16965.151 83.1930877597258 83.38057319535103 83.46404214859827 10.399135969965725 10.42257164941888 10.433005268574783
 47376 16384 18603.086 18616.915 18625.975 83.34687274089008 83.38743384712235 83.44942167122166 10.41835909261126 10.423429230890294 10.431177708902707
 52112 16384 20491.123 20509.005 20515.203 83.23612571613353 83.26128039853712 83.33394006760878 10.404515714516691 10.40766004981714 10.416742508451097
 57320 16384 22480.965 22504.091 22549.868 83.29369200742107 83.4631249935845 83.54898288396429 10.411711500927634 10.432890624198063 10.443622860495536
 63048 16384 24731.874 24739.027 24789.095 83.34135893222403 83.51002907268746 83.53418200335324 10.417669866528003 10.438753634085932 10.441772750419155
 69352 8192 13611.078 13620.138 13663.054 83.16319089421735 83.42523166799043 83.48076236136477 10.395398861777169 10.428153958498804 10.435095295170596
 76280 8192 14947.176 14958.858 14978.886 83.43554520676636 83.54725474364419 83.61255129397017 10.429443150845795 10.443406842955524 10.451568911746271
 83904 8192 16459.227 16468.048 16489.983 83.36473942999214 83.47577903586388 83.520516242956 10.420592428749018 10.434472379482985 10.4400645303695
 92288 8192 18089.771 18107.891 18131.018 83.39557061826314 83.5020816063008 83.58572322446756 10.424446327282892 10.4377602007876 10.448215403058445
 101512 8192 19889.832 19901.037 19947.052 83.37936894133529 83.57215797347646 83.61923861398125 10.42242111766691 10.446519746684558 10.452404826747657
 111656 8192 21912.813 21922.827 21939.039 83.38432253117377 83.44598550177858 83.48411972483862 10.42304031639672 10.430748187722322 10.435514965604828
 122816 8192 24113.178 24114.132 24142.027 83.34914644905335 83.44556395395033 83.44886534657523 10.418643306131669 10.43069549424379 10.431108168321904
 135096 4096 13262.033 13265.133 13267.04 83.4177353803109 83.42972754212113 83.44922923958944 10.427216922538863 10.428715942765141 10.43115365494868
 148600 4096 14592.171 14592.886 14598.131 83.38952431650327 83.41949632170086 83.4235837833863 10.423690539562909 10.427437040212608 10.427947972923288
 163456 4096 16061.068 16062.021 16068.935 83.33044797306107 83.3663180990736 83.3712647253595 10.416305996632634 10.4207897623842 10.421408090669937
 179800 4096 17657.042 17756.224 18042.088 81.63808978206957 82.95241150370711 83.41836645118701 10.204761222758696 10.369051437963389 10.427295806398376
 197776 4096 19650.936 19701.958 19721.985 82.1510102558135 82.23451658967095 82.44803158485682 10.268876281976688 10.279314573708868 10.306003948107103
 217552 4096 21694.183 22352.934 22572.994 78.95213120598889 79.72939856575428 82.15040796880896 9.869016400748611 9.966174820719285 10.26880099610112
 239304 4096 24770.975 25092.84 25181.055 77.85131989108478 78.12500968403735 79.14013751981908 9.731414986385598 9.765626210504669 9.892517189977385
 263232 2048 13878.107 14017.105 14204.979 75.90284167262762 76.92018230583277 77.6905864755186 9.487855209078452 9.615022788229096 9.711323309439825
 289552 2048 15518.904 15774.012 16150.951 73.43251750314889 75.1872758813674 76.42324432189284 9.17906468789361 9.398409485170925 9.552905540236605
 318504 2048 17954.111 18090.01 18251.181 71.47988856173197 72.11673094708074 72.66259989146775 8.934986070216496 9.014591368385092 9.082824986433469
 350352 2048 20091.057 20182.133 20252.943 70.85596359995681 71.10456521121925 71.42689366716745 8.856995449994601 8.888070651402407 8.928361708395931
 385384 2048 22291.899 22437.811 22727.966 69.45332741170064 70.35146449892103 70.81195119357037 8.68166592646258 8.793933062365129 8.851493899196296
 423920 2048 24530.888 24678.946 24999.142 69.4574365792234 70.35860931824236 70.78326394054712 8.682179572402925 8.794826164780295 8.84790799256839
 466312 2048 27040.958 27244.091 27505.875 69.44021784436961 70.10745750335366 70.63410815548768 8.680027230546202 8.763432187919207 8.82926351943596
 512936 2048 30230.045 30239.82 30251.98 69.44953209674209 69.47745905894942 69.49992485952303 8.681191512092761 8.684682382368678 8.68749060744038
 564224 1024 16633.034 16647.1 16649.008 69.40538150981726 69.4133363769065 69.47203691160615 8.675672688727158 8.676667047113312 8.68400461395077
 620640 1024 18290.997 18303.156 18312.931 69.4083716036499 69.44543990118426 69.4916039841896 8.676046450456237 8.680679987648032 8.6864504980237
 682704 1024 20128.012 20138.979 20145.893 69.4026217651409 69.42644867944895 69.46427655150445 8.675327720642613 8.678306084931119 8.683034568938057
 750968 1024 22130.966 22146.94 22158.146 69.40934787594594 69.4444679039181 69.49459250897587 8.676168484493243 8.680558487989762 8.686824063621984
 826064 1024 24355.173 24363.041 24376.154 69.40303511374273 69.44039013848887 69.46282303147673 8.675379389217841 8.680048767311108 8.682852878934591
 908664 1024 26777.983 26812.077 26812.792 69.40507620392535 69.40692703515658 69.49529663978052 8.675634525490668 8.675865879394573 8.686912079972565
 999528 1024 29459.953 29477.119 29479.98 69.43808455772358 69.4448241023826 69.48528885976158 8.679760569715448 8.680603012797825 8.685661107470198
 1099480 512 16227.961 16236.067 16250.134 69.28358375383243 69.3436113561246 69.37824906037179 8.660447969229054 8.667951419515575 8.672281132546473
 1209424 512 17868.042 17946.959 17951.012 68.99054916792436 69.00612945067742 69.31090580601948 8.623818645990545 8.625766181334678 8.663863225752435
 1330360 512 19644.022 19645.929 19650.936 69.32436398958299 69.3420321329676 69.34876371040514 8.665545498697874 8.66775401662095 8.668595463800642
 1463392 512 21594.048 21608.829 21613.121 69.3335038470381 69.34727504206728 69.39474284765878 8.666687980879763 8.66840938025841 8.674342855957347
 1609728 512 23752.928 23766.994 23772.001 69.3404594758346 69.35506745194617 69.3961381097943 8.667557434479326 8.669383431493271 8.674517263724287
 1770696 512 26121.14 26147.842 26149.035 69.34071196126358 69.34387564373381 69.41476153031606 8.667588995157947 8.667984455466726 8.676845191289507
 1947760 512 28738.022 28761.864 28764.009 69.34034264834224 69.34551390688725 69.4030452061036 8.66754283104278 8.668189238360906 8.67538065076295
 2142536 256 15856.981 15873.194 15874.147 69.10471674478005 69.10886567630938 69.17952616579412 8.638089593097506 8.638608209538672 8.647440770724264
 2356784 256 17450.809 17460.108 17461.061 69.10653413329236 69.11030607599908 69.14713283493045 8.638316766661545 8.638788259499885 8.643391604366306
 2592456 256 19188.881 19199.133 19206.047 69.11039382544467 69.13528189007285 69.17221864057628 8.638799228180584 8.641910236259106 8.646527330072034
 2851696 256 21100.044 21119.833 21120.071 69.13179183914674 69.13257088727927 69.19740792957587 8.641473979893343 8.641571360909909 8.649675991196984
 3136864 256 23226.023 23238.897 23344.04 68.8001891703407 69.11147151261095 69.14977945212574 8.600023646292588 8.638933939076368 8.643722431515718
 3450544 256 25540.113 25549.889 25555.849 69.13010512779286 69.14623104624837 69.17269817874337 8.641263140974107 8.643278880781047 8.646587272342922
 3795592 256 28090.0 28111.935 28115.034 69.12113654210768 69.12875630937536 69.18273777144891 8.64014206776346 8.64109453867192 8.647842221431114
 4175144 256 30918.837 30919.075 31023.979 68.90391873975933 69.13769988267761 69.13823207515858 8.612989842469917 8.642212485334701 8.642279009394823
 4592656 128 17103.91 17113.924 17115.116 68.69482719252383 68.6996118482237 68.73983410810744 8.586853399065479 8.587451481027962 8.59247926351343
 5051920 128 18821.001 18821.955 18827.2 68.69271692020055 68.71185910284026 68.71534197357515 8.58658961502507 8.588982387855033 8.589417746696894
 5557112 128 20701.885 20708.084 20711.184 68.68852461549277 68.69880728704791 68.71937854934467 8.586065576936596 8.58735091088099 8.589922318668084
 6112816 128 22780.895 22785.902 23064.137 67.84909819084062 68.67759266234009 68.69268727150536 8.481137273855078 8.584699082792511 8.58658590893817
 6724096 128 25049.21 25055.885 25063.992 68.67894691316532 68.70116844805122 68.71947562418136 8.584868364145665 8.587646056006403 8.58993445302267
 7396504 128 27554.989 27562.141 27563.095 68.69711198978199 68.69948978201657 68.71732099040213 8.587138998722748 8.587436222752071 8.589665123800266
 8136152 128 30308.008 30316.83 30359.983 68.60527267093661 68.70292547076987 68.72292339371165 8.575659083867077 8.587865683846234 8.590365424213957
 8949760 64 16880.035 16884.089 16890.049 67.8251010402634 67.84904296583605 67.86533795694143 8.478137630032926 8.481130370729506 8.483167244617679
 9844736 64 18563.032 18575.907 18579.006 67.82527590550322 67.83659112849779 67.88364142237108 8.478159488187902 8.479573891062223 8.485455177796386
 10829208 64 20423.889 20432.949 20436.049 67.82811217569503 67.83840276799987 67.86849576003864 8.478514021961878 8.479800345999983 8.48356197000483
 11912128 64 22464.991 22476.196 22480.011 67.82703015581265 67.83854278544287 67.87237902743874 8.478378769476581 8.479817848180359 8.484047378429842
 13103336 64 24720.907 24724.96 24727.106 67.8294907620811 67.83537801476726 67.84649964501708 8.478686345260137 8.479422251845907 8.480812455627134
 14413664 64 27199.03 27199.03 27308.941 67.55842315525894 67.8314260471789 67.8314260471789 8.444802894407367 8.478928255897362 8.478928255897362
 15855024 64 29902.935 29917.002 29974.937 67.70466513407517 67.83577686026159 67.86768830551247 8.463083141759396 8.479472107532699 8.48346103818906
 17440520 32 16864.061 16865.015 16899.824 66.04762747825066 66.18394825026839 66.18769227649258 8.255953434781333 8.272993531283548 8.273461534561573
 19184568 32 18858.194 18930.912 18981.934 64.68320625285072 64.8575384006856 65.107631833674 8.08540078160634 8.1071923000857 8.13845397920925
 21103024 32 23371.935 23709.774 23842.096 56.6474330109232 56.96357696197357 57.786979811470474 7.0809291263654 7.120447120246697 7.223372476433809
 23213320 32 32691.956 32880.068 33573.151 44.25120775824706 45.1839844126843 45.44397649378948 5.531400969780883 5.647998051585538 5.680497061723685
 25534648 32 38692.951 38753.986 39499.044 41.373595573604256 42.16901642065929 42.23553463265182 5.171699446700532 5.271127052582411 5.2794418290814775
 28088112 32 44666.052 44695.139 44826.031 40.10257272164024 40.22001515645806 40.246206850786805 5.01282159020503 5.027501894557258 5.030775856348351
 30896920 32 48750.162 48863.888 48871.04 40.46164927122484 40.46757147118543 40.561975568409395 5.057706158903105 5.058446433898179 5.070246946051174
 33986608 16 28424.978 28425.932 28581.142 38.052064399666044 38.259834576400166 38.26111865416396 4.7565080499582555 4.782479322050021 4.782639831770495
 37385264 16 31572.104 31666.994 31836.987 37.576685507331455 37.778402585354335 37.89194562389634 4.697085688416432 4.722300323169292 4.736493202987043
 41123784 16 34411.907 35180.092 35259.008 37.32269177850947 37.406414059406096 38.24144613665264 4.665336472313684 4.675801757425762 4.78018076708158
 45236160 16 38738.966 38753.033 38784.981 37.3226203204792 37.35338908828116 37.366952953777854 4.6653275400599 4.669173636035145 4.670869119222232
 49759776 16 41930.914 42013.884 42710.066 37.2819098898138 37.899681733781144 37.974675009469145 4.660238736226725 4.737460216722643 4.746834376183643
 54735752 16 46819.925 46833.992 47040.939 37.23446217772141 37.3989913992384 37.410227889087814 4.654307772215176 4.6748739249048 4.676278486135977
 60209320 16 51416.874 51491.976 51498.89 37.41242267551786 37.4174461667581 37.47209991801524 4.6765528344397325 4.677180770844762 4.684012489751905
 66230248 16 56171.894 56319.952 56698.084 37.37988634677673 37.63085479902398 37.730042287696406 4.672485793347091 4.703856849877997 4.716255285962051
 72853272 8 34339.19 34451.962 34514.904 33.772435003730564 33.83413554212093 33.945248912394256 4.2215543754663205 4.229266942765117 4.243156114049282
 80138592 8 37600.994 37684.917 37786.961 33.932802164217435 34.02468610983009 34.10062702065802 4.241600270527179 4.253085763728762 4.262578377582252
 88152448 8 41519.88 41575.909 42097.807 33.503863229740205 33.924433690674086 33.970213016029916 4.187982903717526 4.240554211334261 4.2462766270037395
 96967688 8 45619.965 45629.025 45670.033 33.97157624125211 34.00210738669082 34.00886011201455 4.246447030156514 4.250263423336352 4.251107514001819
 106664456 8 50254.107 50355.911 50431.013 33.84090849017846 33.891379623734736 33.96003626131492 4.230113561272307 4.236422452966842 4.245004532664365
 117330896 8 55207.014 55302.143 55433.989 33.86540225348026 33.946140857507096 34.00463455603666 4.233175281685033 4.243267607188387 4.250579319504583
 129063984 8 60526.848 60745.955 60876.131 33.92173106401916 33.99442389209289 34.11748360000507 4.240216383002395 4.249302986511611 4.264685450000634
 141970376 4 39860.964 39870.977 39973.974 28.412561833356875 28.485958796545166 28.49311441639997 3.5515702291696094 3.5607448495681457 3.561639302049996
 156167408 4 43761.015 43828.964 43872.833 28.476375437164045 28.50487782462757 28.549138176982414 3.5595469296455056 3.5631097280784463 3.5686422721228017
 171784144 4 48438.072 48566.103 48989.058 28.052655186797022 28.296961607152216 28.371755837020103 3.5065818983496277 3.537120200894027 3.546469479627513
 188962552 4 53197.861 53210.02 53277.969 28.373837148334243 28.41007043410245 28.41656389154444 3.5467296435417803 3.5512588042628064 3.552070486443055
 207858800 4 58381.081 58476.925 58542.967 28.404272711357457 28.436351603645367 28.48303545458502 3.550534088919682 3.554543950455671 3.5603794318231277
 228644680 4 64054.966 64060.926 64163.208 28.507886326381936 28.55340305258778 28.55605980651055 3.563485790797742 3.5691753815734724 3.5695074758138188
 251509144 4 70605.04 70747.137 70869.923 28.39107292384105 28.44034737405699 28.497585328186208 3.5488841154801314 3.555043421757124 3.562198166023276
 276660056 2 51501.989 51510.096 51520.109 21.47977256802776 21.48394800118408 21.48732981943668 2.68497157100347 2.68549350014801 2.685916227429585
 304326056 2 56676.149 56678.057 56727.886 21.4586565767672 21.477522138770563 21.478245178584736 2.6823320720959 2.6846902673463204 2.684780647323092
 334758656 2 62467.098 62605.143 62635.899 21.37806985096518 21.388572245574135 21.435838495330774 2.6722587313706474 2.673571530696767 2.6794798119163468
 368234520 2 68698.168 68733.931 68822.145 21.402094921627334 21.42956264206684 21.44071847738356 2.675261865203417 2.678695330258355 2.680089809672945
 405057968 2 75449.944 75515.032 75515.032 21.455752968495062 21.455752968495062 21.47426208825284 2.681969121061883 2.681969121061883 2.684282761031605
 445563760 2 83098.888 83162.069 83497.047 21.34512661268128 21.431105087104072 21.447399392396196 2.66814082658516 2.678888135888009 2.6809249240495245
 490120136 2 91297.15 91309.786 91397.047 21.450151928869207 21.47065095519992 21.47362260486773 2.681268991108651 2.68383136939999 2.6842028256084665
 539132144 1 50220.966 50224.066 50258.16 21.454511824547495 21.46907596051662 21.47040118662791 2.681813978068437 2.6836344950645774 2.683800148328489
 593045352 1 55212.021 55215.836 55252.075 21.466898826876637 21.480987881809845 21.482472159459622 2.6833623533595796 2.6851234852262307 2.6853090199324527
 652349880 1 60693.026 60734.034 61426.163 21.24013117993387 21.48218509575702 21.496699802049747 2.6550163974917336 2.6852731369696277 2.6870874752562184
 717584864 1 66884.995 66985.13 67001.82 21.41986184852889 21.425198816513454 21.45727495382186 2.677482731066111 2.6781498520641818 2.6821593692277323
 789343344 1 73502.779 73648.93 73686.123 21.424477550542317 21.435296996168173 21.47791837911326 2.6780596938177896 2.6794121245210216 2.6847397973891574
 868277672 1 80910.921 80939.054 81010.103 21.436281151253443 21.455098103815246 21.462558113755744 2.6795351439066804 2.6818872629769057 2.682819764219468
 955105432 1 88917.017 89053.154 89215.04 21.411309841928 21.450232565597847 21.483074089181375 2.676413730241 2.681279070699731 2.685384261147672
 1050615968 1 97905.874 97923.994 98011.017 21.43873209682132 21.45778424846519 21.461755563307676 2.679841512102665 2.682223031058149 2.6827194454134595
 
META_DATA
 FLOPS          2
 ERT_VERSION  1.1.0
 HOSTNAME  ('graoully-2.nancy.grid5000.fr', [], ['172.16.70.2'])
 UNAME  uname_result(system='Linux', node='graoully-2.nancy.grid5000.fr', release='4.19.0-14-amd64', version='#1 SMP Debian 4.19.171-2 (2021-01-30)', machine='x86_64', processor='')
 TIMESTAMP_DATA  1615575279.9888272
 CONFIG  {'ERT_RESULTS': ['Results.graoully.01'], 'ERT_DRIVER': ['driver1'], 'ERT_KERNEL': ['kernel1'], 'ERT_OPENMP': ['False'], 'ERT_FLOPS': ['1,2,4,8,16,32'], 'ERT_ALIGN': ['64'], 'ERT_CC': ['g++'], 'ERT_CFLAGS': ['-O3'], 'ERT_LD': ['g++'], 'ERT_LDFLAGS': [], 'ERT_LDLIBS': [], 'ERT_PRECISION': ['FP64'], 'ERT_RUN': ['ERT_CODE'], 'ERT_NUM_EXPERIMENTS': ['3'], 'ERT_MEMORY_MAX': ['1073741824'], 'ERT_WORKING_SET_MIN': ['1'], 'ERT_TRIALS_MIN': ['1'], 'ERT_GNUPLOT': ['gnuplo'], 'ERT_MPI': [False], 'ERT_GPU': [False], 'ERT_HIP': [False], 'ERT_OCL': [False], 'ERT_SYCL': [False], 'ERT_WSS_MULT': [1.1]}
 TIMESTAMP_DATA  1615575311.7023525
 TIMESTAMP_DATA  1615575343.3918235
 