fp64
 8 134217728 2622918.129 2623127.937 2623138.905 0.8186694360358322 0.8186728591118658 0.8187383449969665 0.8186694360358322 0.8186728591118658 0.8187383449969665
 16 67108864 1311471.939 1311587.095 1311693.907 1.6371835201335583 1.6373168477995739 1.6374606151599864 1.6371835201335583 1.6373168477995739 1.6374606151599864
 24 33554432 655734.062 655815.84 655958.891 2.4553562092048846 2.4558917881580906 2.456198067685555 2.4553562092048846 2.4558917881580906 2.456198067685555
 32 33554432 655860.186 655991.077 656015.873 3.273523913650791 3.27364765054571 3.2743009773122593 3.273523913650791 3.27364765054571 3.2743009773122593
 40 16777216 329356.909 329401.016 329852.104 4.06902749360665 4.074599697045258 4.075145361532404 4.06902749360665 4.074599697045258 4.075145361532404
 48 16777216 330423.832 330427.885 330462.933 4.873807544400146 4.8743245020013966 4.8743842907796076 4.873807544400146 4.8743245020013966 4.8743842907796076
 56 16777216 376675.129 377088.07 377567.053 4.976727119248935 4.983048633705118 4.988511444831814 4.976727119248935 4.983048633705118 4.988511444831814
 64 16777216 375823.021 375824.928 375968.933 5.711864623665594 5.714053241300695 5.714082235531814 5.711864623665594 5.714053241300695 5.714082235531814
 72 8388608 234086.037 234634.161 234816.074 5.144279654381752 5.148268039281799 5.160322962791667 5.144279654381752 5.148268039281799 5.160322962791667
 80 8388608 234297.037 234303.951 234361.172 5.726960948974944 5.728359570001446 5.728528611311461 5.726960948974944 5.728359570001446 5.728528611311461
 88 8388608 279816.151 280374.05 280651.093 5.260606656536341 5.265804763315292 5.276303754174647 5.260606656536341 5.265804763315292 5.276303754174647
 96 8388608 280289.888 280340.91 280471.087 5.7425268081197975 5.745193364750082 5.746239179345635 5.7425268081197975 5.745193364750082 5.746239179345635
 104 8388608 326689.959 326699.018 327602.148 5.326065395639592 5.340788823552571 5.3409369217864455 5.326065395639592 5.340788823552571 5.3409369217864455
 112 8388608 326531.887 326611.996 326641.798 5.75262628207796 5.753151185543106 5.754562622547182 5.75262628207796 5.753151185543106 5.754562622547182
 120 8388608 372359.991 372364.998 373252.869 5.393839102680816 5.406700229112296 5.406772931198185 5.393839102680816 5.406700229112296 5.406772931198185
 128 8388608 372696.877 372742.891 372831.106 5.7599369082685925 5.761300080703618 5.762011383851763 5.7599369082685925 5.761300080703618 5.762011383851763
 136 4194304 208642.006 209285.021 209480.047 5.446106702467945 5.4511817546655665 5.467981783112266 5.446106702467945 5.4511817546655665 5.467981783112266
 144 4194304 209366.083 209450.006 209489.107 5.766216531726397 5.767292993059164 5.769604774045469 5.766216531726397 5.767292993059164 5.769604774045469
 152 4194304 233108.997 233263.016 233596.087 5.458432255331401 5.466226227650251 5.469837854435108 5.458432255331401 5.466226227650251 5.469837854435108
 160 4194304 232450.962 232470.989 232985.973 5.7607643186313195 5.7735259172489695 5.774023340028164 5.7607643186313195 5.7735259172489695 5.774023340028164
 176 4194304 255542.994 255627.155 255690.813 5.774141787409467 5.775579703181378 5.777481843231436 5.774141787409467 5.775579703181378 5.777481843231436
 192 4194304 278568.029 278590.202 278604.984 5.780990393194115 5.78129713262493 5.781757302809505 5.780990393194115 5.78129713262493 5.781757302809505
 208 4194304 301671.982 301794.052 301818.848 5.781052030256243 5.781527012997592 5.783866477862038 5.781052030256243 5.781527012997592 5.783866477862038
 224 4194304 324713.945 324723.005 324954.033 5.782504604274291 5.786618635165685 5.786780090396179 5.782504604274291 5.786618635165685 5.786780090396179
 240 4194304 347769.022 347769.976 347949.028 5.786094393113235 5.789073407533029 5.789089288119515 5.786094393113235 5.789073407533029 5.789089288119515
 264 2097152 196967.125 198362.827 198733.807 5.571755871410443 5.582176220950914 5.621731321914761 5.571755871410443 5.582176220950914 5.621731321914761
 288 2097152 208513.975 208534.002 208962.917 5.780736454784463 5.792626336303659 5.793182696747303 5.780736454784463 5.792626336303659 5.793182696747303
 312 2097152 232146.978 233031.988 233132.839 5.613206846419435 5.615636116016827 5.637044510654797 5.613206846419435 5.615636116016827 5.637044510654797
 336 2097152 243081.808 243085.861 243209.839 5.794527679449678 5.7974829889427415 5.797579652690423 5.794527679449678 5.7974829889427415 5.797579652690423
 368 2097152 266154.051 266158.104 266179.8 5.798726544989515 5.799199230845137 5.799287541184184 5.798726544989515 5.799199230845137 5.799287541184184
 400 2097152 289226.055 289319.992 289344.072 5.798361751126527 5.798844346712134 5.800727738723263 5.798361751126527 5.798844346712134 5.800727738723263
 440 2097152 324442.863 325859.785 327737.093 5.631018885006099 5.663459699391873 5.688193424677059 5.631018885006099 5.663459699391873 5.688193424677059
 480 2097152 346904.039 346913.099 347004.89 5.801837317047607 5.803372446308232 5.803524011434182 5.801837317047607 5.803372446308232 5.803524011434182
 528 1048576 193059.921 197311.163 197416.067 5.608946996193577 5.611929092932263 5.735505589479652 5.608946996193577 5.611929092932263 5.735505589479652
 576 1048576 213903.904 213927.031 213937.998 5.6463067023745825 5.646596161099436 5.647206663418354 5.6463067023745825 5.646596161099436 5.647206663418354
 632 1048576 230192.9 231106.997 231418.133 5.727295639361157 5.735006214459184 5.757779948903724 5.727295639361157 5.735006214459184 5.757779948903724
 688 1048576 253576.04 253576.994 253685.951 5.68750681822345 5.689950626987873 5.689972033635355 5.68750681822345 5.689950626987873 5.689972033635355
 752 1048576 276288.033 276291.847 276423.931 5.7052162535088184 5.707943687531249 5.708022482464885 5.7052162535088184 5.707943687531249 5.708022482464885
 824 1048576 298485.994 298877.001 299390.793 5.7718984297556535 5.781820756425484 5.789394754649693 5.7718984297556535 5.781820756425484 5.789394754649693
 904 1048576 326181.173 326702.118 326843.023 5.800415718220792 5.802917408695832 5.812185266744382 5.800415718220792 5.802917408695832 5.812185266744382
 992 1048576 361438.99 361457.109 361469.03 5.755333407124809 5.75552322032211 5.7558117457112195 5.755333407124809 5.75552322032211 5.7558117457112195
 1088 524288 197746.992 197747.946 197765.827 5.768694750281605 5.76921637406034 5.769244206758907 5.768694750281605 5.76921637406034 5.769244206758907
 1192 524288 214454.889 214528.799 214668.989 5.822464613181739 5.826269469769418 5.828277442534779 5.822464613181739 5.826269469769418 5.828277442534779
 1304 524288 233824.015 234174.967 234207.869 5.838160390759543 5.8389806626939755 5.84774452701105 5.838160390759543 5.8389806626939755 5.84774452701105
 1432 524288 256464.958 256820.202 256839.991 5.846289069524224 5.846739548939379 5.8548381958676785 5.846289069524224 5.846739548939379 5.8548381958676785
 1568 524288 282821.894 282865.047 283009.052 5.809592153964036 5.812549784562106 5.813436664136053 5.809592153964036 5.812549784562106 5.813436664136053
 1720 524288 307690.859 308104.992 308172.941 5.852398053338499 5.8536887321838655 5.861567437724889 5.852398053338499 5.8536887321838655 5.861567437724889
 1888 524288 339564.8 339638.948 339800.835 5.82609365277163 5.828870627640738 5.830143430650056 5.82609365277163 5.828870627640738 5.830143430650056
 2072 262144 185050.011 185294.867 185410.023 5.859039972181008 5.862681215017143 5.8704386459074565 5.859039972181008 5.862681215017143 5.8704386459074565
 2272 262144 203871.965 203886.986 203891.039 5.84224957527437 5.842365711365217 5.842796168663995 5.84224957527437 5.842365711365217 5.842796168663995
 2496 262144 223786.831 223837.852 223922.014 5.844100919885438 5.846298274878013 5.847631168252255 5.844100919885438 5.846298274878013 5.847631168252255
 2744 262144 244639.874 244764.09 244848.013 5.875670602236008 5.877685211094487 5.880669608258545 5.875670602236008 5.877685211094487 5.880669608258545
 3016 262144 268813.133 268885.136 268927.097 5.879856011683345 5.880773595458248 5.882348791344209 5.879856011683345 5.880773595458248 5.882348791344209
 3312 262144 296118.975 296126.127 296190.977 5.8625751317198285 5.863859003565734 5.8640006301521215 5.8625751317198285 5.863859003565734 5.8640006301521215
 3640 262144 324090.958 324218.035 324534.893 5.8804410901973485 5.8861880400946855 5.888496031413502 5.8804410901973485 5.8861880400946855 5.888496031413502
 4000 262144 357140.064 357152.939 357383.013 5.8680796896186 5.871859842094145 5.8720715242969765 5.8680796896186 5.871859842094145 5.8720715242969765
 4400 131072 196293.831 196321.011 196389.914 5.873181450652298 5.875242767571119 5.876056288289569 5.873181450652298 5.875242767571119 5.876056288289569
 4840 131072 215283.155 215286.016 215366.84 5.891236366749868 5.893448090934062 5.893526411762221 5.891236366749868 5.893448090934062 5.893526411762221
 5320 131072 236557.961 236593.962 236689.091 5.892143461736477 5.894512557340749 5.895409624366859 5.892143461736477 5.894512557340749 5.895409624366859
 5848 131072 259972.095 260057.926 260133.028 5.89320827034697 5.894910167052551 5.896856399145454 5.89320827034697 5.894910167052551 5.896856399145454
 6432 131072 286430.12 286435.127 286581.993 5.883517629106585 5.88653432859162 5.886637229352835 5.883517629106585 5.88653432859162 5.886637229352835
 7072 131072 314807.892 314871.073 314990.044 5.885526870811193 5.887750660410777 5.888932314314408 5.885526870811193 5.887750660410777 5.888932314314408
 7776 131072 346045.017 346081.972 346457.958 5.883633777002172 5.890025800014801 5.890654810382662 5.883633777002172 5.890025800014801 5.890654810382662
 8552 65536 189909.935 189971.924 190082.788 5.8970502053031755 5.900491611592038 5.902417606535435 5.8970502053031755 5.900491611592038 5.902417606535435
 9400 65536 208717.108 208724.976 208848.0 5.899394775147475 5.9028719207997415 5.903094441113088 5.899394775147475 5.9028719207997415 5.903094441113088
 10336 65536 229768.991 229786.873 229790.926 5.895620926302373 5.895724913755191 5.896183754404005 5.895620926302373 5.895724913755191 5.896183754404005
 11368 65536 252362.967 252380.848 252454.996 5.902146994944002 5.903881010812675 5.904299326136866 5.902146994944002 5.903881010812675 5.904299326136866
 12504 65536 277545.929 277548.075 277652.979 5.902779411561798 5.905010467105563 5.905056124963013 5.902779411561798 5.905010467105563 5.905056124963013
 13752 65536 305233.955 305269.957 305357.933 5.902915723496202 5.904616889633854 5.905313332522262 5.902915723496202 5.904616889633854 5.905313332522262
 15120 65536 335870.981 335968.971 335989.952 5.89841639073778 5.898784742237401 5.900505706386108 5.89841639073778 5.898784742237401 5.900505706386108
 16632 32768 184542.894 184542.894 184978.008 5.892564006852101 5.906457454818065 5.906457454818065 5.892564006852101 5.906457454818065 5.906457454818065
 18288 32768 203051.09 203140.974 203155.994 5.899517628803016 5.899953832061473 5.902565546434643 5.899517628803016 5.899953832061473 5.902565546434643
 20112 32768 223269.939 223308.086 223386.049 5.900368612544823 5.902428593651552 5.903437058761413 5.900368612544823 5.902428593651552 5.903437058761413
 22120 32768 245377.064 245379.925 245402.813 5.90725225305384 5.907803256521495 5.907872139182495 5.90725225305384 5.907803256521495 5.907872139182495
 24328 32768 269847.87 269890.07 269971.132 5.905667751172744 5.90744152980508 5.908365361564648 5.905667751172744 5.90744152980508 5.908365361564648
 26760 32768 296855.211 296878.815 296952.009 5.905814094020829 5.9072701432064125 5.907739850994227 5.905814094020829 5.9072701432064125 5.907739850994227
 29432 32768 326439.857 326442.957 326471.806 5.90818415725614 5.908706285858083 5.908762397233865 5.90818415725614 5.908706285858083 5.908762397233865
 32368 32768 359155.893 359248.877 359286.07 5.904123274247732 5.904734527534793 5.906263239289241 5.904123274247732 5.904734527534793 5.906263239289241
 35600 16384 197568.893 197618.961 197662.115 5.901691378744986 5.9029801295230975 5.9044760654704875 5.901691378744986 5.9029801295230975 5.9044760654704875
 39160 16384 217162.848 217171.907 217191.935 5.908114774151259 5.908659631560909 5.908906112706719 5.908114774151259 5.908659631560909 5.908906112706719
 43072 16384 238909.006 238952.875 239075.184 5.903512327737035 5.906534064509581 5.90761863535609 5.903512327737035 5.906534064509581 5.90761863535609
 47376 16384 262790.918 262804.985 262868.166 5.905685696456679 5.907105483558465 5.907421686467871 5.905685696456679 5.907105483558465 5.907421686467871
 52112 16384 289071.083 289183.14 289209.127 5.904398777843551 5.904929367597295 5.90721838475971 5.904398777843551 5.904929367597295 5.90721838475971
 57320 16384 317862.988 317873.001 317951.202 5.9073900277313625 5.90884332450745 5.909029458944116 5.9073900277313625 5.90884332450745 5.909029458944116
 63048 16384 349597.931 349603.891 349709.034 5.907645108190142 5.9094218262004405 5.909522570944506 5.907645108190142 5.9094218262004405 5.909522570944506
 69352 8192 192250.013 192265.987 192394.972 5.905888060317917 5.909850128613752 5.91034117641386 5.905888060317917 5.909850128613752 5.91034117641386
 76280 8192 211451.054 211473.942 211585.999 5.906683456876557 5.909813323477934 5.910453016706173 5.906683456876557 5.909813323477934 5.910453016706173
 83904 8192 232624.054 232630.968 232741.117 5.906490239969073 5.9092869183263685 5.909462552827835 5.906490239969073 5.9092869183263685 5.909462552827835
 92288 8192 255897.999 255898.952 255921.125 5.908252364864369 5.9087643000585635 5.908786305124645 5.908252364864369 5.9087643000585635 5.908786305124645
 101512 8192 281383.991 281408.072 281538.01 5.907453164139365 5.910180884932114 5.910686681531929 5.907453164139365 5.910180884932114 5.910686681531929
 111656 8192 309525.013 309638.977 309710.026 5.906724840738607 5.908080183329115 5.910255479094351 5.906724840738607 5.908080183329115 5.910255479094351
 122816 8192 340481.997 340605.021 340642.929 5.907116140373488 5.907773579180444 5.909908194059377 5.907116140373488 5.907773579180444 5.909908194059377
 135096 4096 187229.872 187233.925 187388.897 5.905933861172148 5.910822154692319 5.91095010736321 5.905933861172148 5.910822154692319 5.91095010736321
 148600 4096 205950.022 205952.883 206161.022 5.904759242025877 5.910726678198528 5.910808788357401 5.904759242025877 5.910726678198528 5.910808788357401
 163456 4096 226553.202 226641.893 226707.935 5.9064167824562475 5.908137874580848 5.910450791156773 5.9064167824562475 5.908137874580848 5.910450791156773
 179800 4096 249208.927 249212.98 249385.118 5.906212895991653 5.91029247353007 5.910388595349155 5.906212895991653 5.91029247353007 5.910388595349155
 197776 4096 274117.947 274134.874 274221.182 5.90829993577958 5.910160091488396 5.910525048547807 5.90829993577958 5.910160091488396 5.910525048547807
 217552 4096 301522.017 301644.087 303109.169 5.879683514291843 5.908241072201093 5.910633000309229 5.879683514291843 5.908241072201093 5.910633000309229
 239304 4096 331662.178 331663.132 331671.0 5.910611322666136 5.910751539305853 5.910768541114748 5.910611322666136 5.910751539305853 5.910768541114748
 263232 2048 182427.168 182436.943 182510.138 5.90760756533974 5.9099777395414925 5.91029441404254 5.90760756533974 5.9099777395414925 5.91029441404254
 289552 2048 200643.063 200644.97 200675.011 5.910078121286362 5.910962990998478 5.911019171392933 5.910078121286362 5.910962990998478 5.911019171392933
 318504 2048 220678.091 220700.979 220704.079 5.9110479059156855 5.911130933406508 5.911744016310164 5.9110479059156855 5.911130933406508 5.911744016310164
 350352 2048 242795.944 242807.865 242815.971 5.909997542954042 5.9101948448004356 5.91048502853079 5.909997542954042 5.9101948448004356 5.91048502853079
 385384 2048 267031.193 267034.054 267251.015 5.906555168742764 5.911354152605569 5.911417487469337 5.906555168742764 5.911354152605569 5.911417487469337
 423920 2048 293758.154 293772.936 294406.176 5.897893663752489 5.910606823223498 5.9109042467634785 5.897893663752489 5.910606823223498 5.9109042467634785
 466312 2048 323105.097 323206.902 323216.2 5.909400432280313 5.909570433616544 5.911432440200718 5.909400432280313 5.909570433616544 5.911432440200718
 512936 2048 355422.974 355423.927 355517.864 5.909649187136205 5.91121108174577 5.911226931548887 5.909649187136205 5.91121108174577 5.911226931548887
 564224 1024 195412.159 195418.835 195430.04 5.912759123418283 5.913098151465288 5.913300164704695 5.912759123418283 5.913098151465288 5.913300164704695
 620640 1024 214951.038 214960.814 214964.867 5.91292306384187 5.913034549636568 5.913303475184892 5.91292306384187 5.913034549636568 5.913303475184892
 682704 1024 236455.917 236557.007 236595.154 5.909579162386395 5.910532136551761 5.9130590164085435 5.909579162386395 5.910532136551761 5.9130590164085435
 750968 1024 260103.941 260108.948 260642.052 5.900745686271684 5.912839507543585 5.912953329684458 5.900745686271684 5.912839507543585 5.912953329684458
 826064 1024 286103.01 286108.971 286111.116 5.913014131195099 5.913058461910304 5.9131816613883235 5.913014131195099 5.913058461910304 5.9131816613883235
 908664 1024 314709.187 314819.813 314825.058 5.911041147175775 5.911139627034846 5.91321750006618 5.911041147175775 5.911139627034846 5.91321750006618
 999528 1024 346179.008 346184.969 346192.122 5.912998054877748 5.913120231398608 5.9132220518697665 5.912998054877748 5.913120231398608 5.9132220518697665
 1099480 512 190300.941 190330.029 190338.135 5.9150916866974645 5.915343605606238 5.916247781454743 5.9150916866974645 5.915343605606238 5.916247781454743
 1209424 512 209306.955 209309.101 209434.032 5.913318691204875 5.916848192855216 5.916908857615362 5.913318691204875 5.916848192855216 5.916908857615362
 1330360 512 230242.014 230262.995 230289.936 5.915537012438095 5.9162291361666695 5.916768257595245 5.915537012438095 5.9162291361666695 5.916768257595245
 1463392 512 253282.07 253375.053 253381.968 5.9140491323360465 5.914210535952014 5.91638171624229 5.9140491323360465 5.914210535952014 5.91638171624229
 1609728 512 278584.957 278599.024 278704.882 5.914361672358506 5.916608925378002 5.9169076814151165 5.914361672358506 5.916608925378002 5.9169076814151165
 1770696 512 306483.984 306535.959 306576.967 5.914314835008463 5.915106044703879 5.916109156294445 5.914314835008463 5.915106044703879 5.916109156294445
 1947760 512 337095.976 337198.019 337223.053 5.914501462033795 5.914940561972875 5.916731085511385 5.914501462033795 5.914940561972875 5.916731085511385
 2142536 256 185189.962 185199.976 185355.902 5.918227691503452 5.923210443612585 5.923530736509359 5.918227691503452 5.923210443612585 5.923530736509359
 2356784 256 203713.179 203713.894 203977.108 5.915729563142937 5.923373140174719 5.923393930247389 5.915729563142937 5.923373140174719 5.923393930247389
 2592456 256 224090.099 224097.967 224118.948 5.922468777606434 5.923023264195877 5.923231226739741 5.922468777606434 5.923023264195877 5.923231226739741
 2851696 256 246487.856 246495.008 246498.108 5.92324364615407 5.923318138759224 5.9234900075563965 5.92324364615407 5.923318138759224 5.9234900075563965
 3136864 256 271136.999 271142.006 271246.91 5.921078946115922 5.923369793170299 5.923479178140495 5.921078946115922 5.923369793170299 5.923479178140495
 3450544 256 298243.999 298265.934 298336.983 5.921755024250547 5.923165627087671 5.923601259115358 5.921755024250547 5.923165627087671 5.923601259115358
 3795592 256 328046.083 328064.919 328065.872 5.9236368969217255 5.923654104570687 5.923994233456523 5.9236368969217255 5.923654104570687 5.923994233456523
 4175144 256 360955.0 360980.988 361000.061 5.921532871984751 5.921845745516105 5.922272105941184 5.921532871984751 5.921845745516105 5.922272105941184
 4592656 128 198029.041 198035.955 198042.154 5.93671555400271 5.936901387427349 5.937108668823983 5.93671555400271 5.936901387427349 5.937108668823983
 5051920 128 217857.122 217859.03 217882.872 5.935719077541808 5.93636866922615 5.936420660142567 5.935719077541808 5.93636866922615 5.936420660142567
 5557112 128 239603.043 239642.859 239797.831 5.932583568697917 5.9364200457982355 5.93740652951557 5.932583568697917 5.9364200457982355 5.93740652951557
 6112816 128 263580.799 263617.039 263667.107 5.935063018687424 5.936190247550728 5.937006420562525 5.935063018687424 5.936190247550728 5.937006420562525
 6724096 128 289958.0 289988.995 290189.981 5.931867702903222 5.935978970512313 5.93661349574766 5.931867702903222 5.935978970512313 5.93661349574766
 7396504 128 318922.997 318994.999 319081.068 5.9342443469569925 5.9358454832704135 5.937185595932426 5.9342443469569925 5.9358454832704135 5.937185595932426
 8136152 128 350860.834 350862.98 350963.116 5.934683210414625 5.936376964021682 5.936413273189679 5.934683210414625 5.936376964021682 5.936413273189679
 8949760 64 192126.989 192218.065 192273.855 5.958008591443698 5.959737863348067 5.962563021273393 5.958008591443698 5.959737863348067 5.962563021273393
 9844736 64 211299.181 211372.852 211396.933 5.9609483927564835 5.961627503611485 5.963706068505774 5.9609483927564835 5.961627503611485 5.963706068505774
 10829208 64 232467.89 232563.019 232568.979 5.960118283874825 5.960271026581402 5.9627100499772245 5.960118283874825 5.960271026581402 5.9627100499772245
 11912128 64 255659.103 255702.972 255703.926 5.962960396626839 5.962982643784053 5.964005842577019 5.962960396626839 5.962982643784053 5.964005842577019
 13103336 64 281271.935 281293.154 281322.956 5.961927287583314 5.962558932379848 5.963008744544671 5.961927287583314 5.962558932379848 5.963008744544671
 14413664 64 309422.97 309496.88 309665.203 5.957882817075834 5.961123071741466 5.962546969282856 5.957882817075834 5.961123071741466 5.962546969282856
 15855024 64 340291.023 340319.157 340342.045 5.962951394970903 5.963352430377582 5.963845458244721 5.962951394970903 5.963352430377582 5.963845458244721
 17440520 32 185473.919 185482.979 185487.032 6.017635130417096 6.0177666221330215 6.018060577023771 6.017635130417096 6.0177666221330215 6.018060577023771
 19184568 32 204092.979 204102.993 204288.96 6.010174764216334 6.015650892488383 6.01594605564555 6.010174764216334 6.015650892488383 6.01594605564555
 21103024 32 224702.835 224872.112 224927.902 6.004562012942263 6.006051724190682 6.010576306257997 6.004562012942263 6.006051724190682 6.010576306257997
 23213320 32 247397.9 247823.954 247838.974 5.9944263649186995 5.994789672349429 6.005113543809386 5.9944263649186995 5.994789672349429 6.005113543809386
 25534648 32 272321.939 272633.076 272658.825 5.993634983206577 5.9942010557809215 6.00104963265556 5.993634983206577 5.9942010557809215 6.00104963265556
 28088112 32 299517.87 299787.998 299937.01 5.9933889719044675 5.996368033386046 6.0017760142324725 5.9933889719044675 5.996368033386046 6.0017760142324725
 30896920 32 329571.009 329854.965 330013.99 5.991875920169324 5.99476463845254 5.999929684349147 5.991875920169324 5.99476463845254 5.999929684349147
 33986608 16 178040.028 178267.956 178278.923 6.100392787317881 6.1007680819541115 6.108578324869732 6.100392787317881 6.1007680819541115 6.108578324869732
 37385264 16 195963.144 196099.043 196123.123 6.099884754537588 6.100633790446392 6.104864535139322 6.099884754537588 6.100633790446392 6.104864535139322
 41123784 16 215461.016 215669.87 215726.852 6.100126506272848 6.1017382168403955 6.10765284797506 6.100126506272848 6.1017382168403955 6.10765284797506
 45236160 16 237031.937 237338.066 237433.91 6.096673891273576 6.0991359051522736 6.107012997155738 6.096673891273576 6.0991359051522736 6.107012997155738
 49759776 16 260668.993 261036.873 261075.974 6.099040090146326 6.09995367206226 6.108562486371366 6.099040090146326 6.09995367206226 6.108562486371366
 54735752 16 287138.939 287185.907 287228.823 6.098079035751924 6.098990310133846 6.099987936502056 6.098079035751924 6.098990310133846 6.099987936502056
 60209320 16 315468.073 315838.099 315845.013 6.100138234571398 6.100271772469097 6.107427042228771 6.100138234571398 6.100271772469097 6.107427042228771
 66230248 16 347035.885 347446.918 347501.04 6.098882282481803 6.099832308772991 6.107057015155652 6.098882282481803 6.099832308772991 6.107057015155652
 72853272 8 184059.143 184337.854 184391.022 6.321632904664957 6.3234562337912426 6.333031508247324 6.321632904664957 6.3234562337912426 6.333031508247324
 80138592 8 202491.045 202719.927 202784.061 6.323068320443587 6.325068733869463 6.332218158091879 6.323068320443587 6.325068733869463 6.332218158091879
 88152448 8 222856.998 223098.993 223231.077 6.318292179363539 6.32203287443794 6.328897816347682 6.318292179363539 6.32203287443794 6.328897816347682
 96967688 8 245076.895 245407.104 245420.218 6.32174081110139 6.322078630616985 6.330596803097248 6.32174081110139 6.322078630616985 6.330596803097248
 106664456 8 269482.136 269995.928 270024.061 6.320293420074147 6.320951981172102 6.333003446284098 6.320293420074147 6.320951981172102 6.333003446284098
 117330896 8 296491.861 296907.902 297004.938 6.320751259697912 6.3228170195349 6.331689273588526 6.320751259697912 6.3228170195349 6.331689273588526
 129063984 8 326291.084 326571.941 326601.028 6.322771721343142 6.323334875852057 6.328777724125616 6.322771721343142 6.323334875852057 6.328777724125616
 141970376 4 166364.193 166471.004 166527.987 6.820253030501115 6.822587602102767 6.8269679161068035 6.820253030501115 6.822587602102767 6.8269679161068035
 156167408 4 182874.918 183039.904 183274.984 6.816747363622741 6.825502181207438 6.8316600092747555 6.816747363622741 6.825502181207438 6.8316600092747555
 171784144 4 201148.987 201457.024 201505.899 6.820014494960269 6.821669082136347 6.832115699394499 6.820014494960269 6.821669082136347 6.832115699394499
 188962552 4 221297.026 221663.952 221745.014 6.817291576170457 6.819784644099461 6.831092325660084 6.817291576170457 6.819784644099461 6.831092325660084
 207858800 4 243572.95 243767.023 243830.204 6.819788413087659 6.821556006777833 6.826991256623529 6.819788413087659 6.821556006777833 6.826991256623529
 228644680 4 267781.019 268196.821 268222.094 6.819562895515983 6.820205523614316 6.830795725667174 6.819562895515983 6.820205523614316 6.830795725667174
 251509144 4 294567.823 294615.03 295035.124 6.819774963471806 6.829499336812517 6.830593822190825 6.819774963471806 6.829499336812517 6.830593822190825
 276660056 2 136357.069 136394.978 136769.056 8.091305565492826 8.113496847369262 8.115752502717699 8.091305565492826 8.113496847369262 8.115752502717699
 304326056 2 150062.084 150112.152 150531.054 8.086731552414427 8.1092983331556 8.112003988962329 8.086731552414427 8.1092983331556 8.112003988962329
 334758656 2 165071.964 165245.056 165432.215 8.094158831156314 8.103326395435396 8.111823422661887 8.094158831156314 8.103326395435396 8.111823422661887
 368234520 2 181751.013 181787.014 181833.982 8.100455502316395 8.102548403154914 8.104153345214092 8.100455502316395 8.102548403154914 8.104153345214092
 405057968 2 199809.074 199825.048 200093.985 8.09735421082248 8.108252134637295 8.108900359550237 8.09735421082248 8.108252134637295 8.108900359550237
 445563760 2 219649.076 219743.013 220189.095 8.094202122044235 8.110633488037227 8.11410215083263 8.094202122044235 8.110633488037227 8.11410215083263
 490120136 2 241806.03 241892.815 242220.879 8.09377189982041 8.104748973217745 8.107657794968967 8.09377189982041 8.104748973217745 8.107657794968967
 539132144 1 132972.956 133135.796 133226.871 8.093444512406208 8.098981043385207 8.108899135851352 8.093444512406208 8.098981043385207 8.108899135851352
 593045352 1 146296.024 146389.008 146616.936 8.089725077872314 8.102320797200838 8.107470535221108 8.089725077872314 8.102320797200838 8.107470535221108
 652349880 1 160808.086 161022.902 161240.101 8.091658042312936 8.10257263901504 8.113396486791093 8.091658042312936 8.10257263901504 8.113396486791093
 717584864 1 177042.007 177052.021 177327.156 8.093344304241816 8.105921185728798 8.106379679710702 8.093344304241816 8.105921185728798 8.106379679710702
 789343344 1 194751.024 194851.875 195117.95 8.090935190739755 8.101983560589293 8.106179138755131 8.090935190739755 8.101983560589293 8.106179138755131
 868277672 1 214195.013 214236.021 214629.889 8.090929702712561 8.105804690986115 8.107356561097898 8.090929702712561 8.105804690986115 8.107356561097898
 955105432 1 235494.852 235574.961 236029.863 8.093089746020825 8.108717734224733 8.1114761013969 8.093089746020825 8.108717734224733 8.1114761013969
 1050615968 1 259078.026 259227.037 259618.044 8.093551217110319 8.10575918437088 8.110421282891819 8.093551217110319 8.10575918437088 8.110421282891819
 
META_DATA
 FLOPS          16
 ERT_VERSION  1.1.0
 HOSTNAME  ('graoully-2.nancy.grid5000.fr', [], ['172.16.70.2'])
 UNAME  uname_result(system='Linux', node='graoully-2.nancy.grid5000.fr', release='4.19.0-14-amd64', version='#1 SMP Debian 4.19.171-2 (2021-01-30)', machine='x86_64', processor='')
 TIMESTAMP_DATA  1615574719.2437463
 CONFIG  {'ERT_RESULTS': ['Results.graoully.01'], 'ERT_SPEC_GBYTES_DRAM': ['59.00'], 'ERT_SPEC_GFLOPS': ['51.2'], 'ERT_DRIVER': ['driver1'], 'ERT_KERNEL': ['kernel1'], 'ERT_OPENMP': ['False'], 'ERT_FLOPS': ['1,2,4,8,16'], 'ERT_ALIGN': ['64'], 'ERT_CC': ['g++'], 'ERT_CFLAGS': ['-O3'], 'ERT_LD': ['g++'], 'ERT_LDFLAGS': [], 'ERT_LDLIBS': [], 'ERT_PRECISION': ['FP64'], 'ERT_RUN': ['ERT_CODE'], 'ERT_NUM_EXPERIMENTS': ['3'], 'ERT_MEMORY_MAX': ['1073741824'], 'ERT_WORKING_SET_MIN': ['1'], 'ERT_TRIALS_MIN': ['1'], 'ERT_GNUPLOT': ['gnuplo'], 'ERT_MPI': [False], 'ERT_GPU': [False], 'ERT_HIP': [False], 'ERT_OCL': [False], 'ERT_SYCL': [False], 'ERT_WSS_MULT': [1.1]}
 TIMESTAMP_DATA  1615574841.0997639
 TIMESTAMP_DATA  1615574962.914219
 