fp64
 8 134217728 1748986.959 1748991.966 1749051.094 1.2277992651940217 1.2278407732834606 1.2278442883461202 1.2277992651940217 1.2278407732834606 1.2278442883461202
 16 67108864 872370.005 872528.076 874126.911 2.4567183791919662 2.4612201109274103 2.46166607711369 2.4567183791919662 2.4612201109274103 2.46166607711369
 24 33554432 440642.118 440825.939 441475.153 3.648252285672802 3.6536251465910223 3.6551493155268466 3.648252285672802 3.6536251465910223 3.6551493155268466
 32 33554432 440582.991 440660.0 440717.936 4.872694012616723 4.873334652566605 4.874186457188948 4.872694012616723 4.873334652566605 4.874186457188948
 40 16777216 220333.099 220352.888 220680.952 6.081980650509429 6.091035575626311 6.091582635979718 6.081980650509429 6.091035575626311 6.091582635979718
 48 16777216 220746.994 220757.961 220872.164 7.292058477771786 7.2958308217025065 7.29619328814054 7.292058477771786 7.2958308217025065 7.29619328814054
 56 16777216 224745.989 224753.141 224868.059 8.356225425506073 8.360498027478068 8.360764080199 8.356225425506073 8.360498027478068 8.360764080199
 64 16777216 220490.932 220514.059 220643.044 9.732840922916203 9.73853394082234 9.739555402668442 9.732840922916203 9.73853394082234 9.739555402668442
 72 8388608 110351.801 110352.993 110424.995 10.939185933402126 10.946323422328925 10.946441662515321 10.939185933402126 10.946323422328925 10.946441662515321
 80 8388608 112667.799 112674.952 112909.079 11.887239643501122 11.911940108925007 11.912696368551586 11.887239643501122 11.911940108925007 11.912696368551586
 88 8388608 117259.979 117318.869 117388.01 12.57705116561734 12.58446335687058 12.590783493147308 12.57705116561734 12.58446335687058 12.590783493147308
 96 8388608 110898.018 110902.071 110948.086 14.516814071042198 14.522837323750249 14.523368091213316 14.516814071042198 14.522837323750249 14.523368091213316
 104 8388608 112837.076 112912.178 112922.907 15.451519185562589 15.452987400526451 15.463272586042553 15.451519185562589 15.452987400526451 15.463272586042553
 112 8388608 117360.83 117367.029 117398.977 16.005660696685627 16.01001753226624 16.01086318152317 16.005660696685627 16.01001753226624 16.01086318152317
 120 8388608 137952.089 137952.089 138055.086 14.58306230021833 14.593950222819748 14.593950222819748 14.58306230021833 14.593950222819748 14.593950222819748
 128 8388608 112722.874 112724.066 112724.066 19.05080010155063 19.05080010155063 19.051001556259116 19.05080010155063 19.05080010155063 19.051001556259116
 136 4194304 58712.006 58722.973 58838.129 19.38964932076613 19.427672505613774 19.431301461578403 19.38964932076613 19.427672505613774 19.431301461578403
 144 4194304 68595.171 68607.092 68611.145 17.60587951126599 17.606919587846686 17.60997945467619 17.60587951126599 17.606919587846686 17.60997945467619
 152 4194304 79804.897 79830.17 79883.099 15.96167940354943 15.972262316364855 15.977320489493271 15.96167940354943 15.972262316364855 15.977320489493271
 160 4194304 58772.087 58772.802 58773.041 22.83661449473067 22.836707359979194 22.836985183119328 22.83661449473067 22.836707359979194 22.836985183119328
 176 4194304 80167.055 80169.201 80370.903 18.369770064671286 18.415987556118964 18.41648053555167 18.369770064671286 18.415987556118964 18.41648053555167
 192 4194304 68477.869 68490.028 68519.115 23.506035301244037 23.51601806908299 23.52019359714596 23.506035301244037 23.51601806908299 23.52019359714596
 208 4194304 91092.825 91123.104 91194.868 19.13298963270609 19.14805781857475 19.15442257938537 19.13298963270609 19.14805781857475 19.15442257938537
 224 4194304 79673.052 79680.92 79685.211 23.580889959618734 23.582159844539945 23.58448866751082 23.580889959618734 23.582159844539945 23.58448866751082
 240 4194304 102787.971 102793.932 102794.886 19.585273142868214 19.585454907980363 19.586590730543747 19.585273142868214 19.585454907980363 19.586590730543747
 264 2097152 51180.84 51227.093 51235.199 21.612022156876954 21.615441969350083 21.63497621375499 21.612022156876954 21.615441969350083 21.63497621375499
 288 2097152 51010.132 51012.993 51012.993 23.679448723975085 23.679448723975085 23.68077683076766 23.679448723975085 23.679448723975085 23.68077683076766
 312 2097152 68499.804 68500.996 68501.949 19.103439640819563 19.103705411816204 19.104037845130186 19.103439640819563 19.103705411816204 19.104037845130186
 336 2097152 68320.99 68340.778 68347.931 20.619294883995828 20.6214530364287 20.627425685722642 20.619294883995828 20.6214530364287 20.627425685722642
 368 2097152 74067.831 74069.977 74073.076 20.83758303759385 20.83845485735739 20.839058619119008 20.83758303759385 20.83845485735739 20.839058619119008
 400 2097152 79560.995 79570.055 79585.791 21.08066752769976 21.084836500364368 21.08723753391973 21.08066752769976 21.084836500364368 21.08723753391973
 440 2097152 91266.87 91272.116 91309.071 20.211505163599796 20.219688562934163 20.220850786271075 20.211505163599796 20.219688562934163 20.220850786271075
 480 2097152 85009.098 85010.052 85011.005 23.682415235533327 23.682680725804047 23.68294650062044 23.682415235533327 23.682680725804047 23.68294650062044
 528 1048576 51164.865 51167.965 51237.822 21.610915780143813 21.640420055790766 21.641731215356476 21.610915780143813 21.640420055790766 21.641731215356476
 576 1048576 51084.995 51090.956 51101.923 23.638240619633823 23.643314718949473 23.646073607328333 23.638240619633823 23.643314718949473 23.646073607328333
 632 1048576 62620.878 62624.931 62625.17 21.164015427023994 21.164096196768668 21.165465996819787 21.164015427023994 21.164096196768668 21.165465996819787
 688 1048576 65307.14 65315.962 65423.012 22.05402245925333 22.09016803580111 22.093152081074138 22.05402245925333 22.09016803580111 22.093152081074138
 752 1048576 71009.874 71013.927 71369.171 22.097192413794463 22.20773263250179 22.209000173694154 22.097192413794463 22.20773263250179 22.209000173694154
 824 1048576 79615.116 79651.833 79725.981 21.674907305311173 21.695084506090396 21.705089872631724 21.674907305311173 21.695084506090396 21.705089872631724
 904 1048576 82277.775 82314.968 82428.932 22.999514393805324 23.0313569216233 23.041768059479004 22.999514393805324 23.0313569216233 23.041768059479004
 992 1048576 87893.963 87893.963 87897.062 23.66830854938018 23.66914305593434 23.66914305593434 23.66830854938018 23.66914305593434 23.66914305593434
 1088 524288 49194.098 49196.005 49196.005 23.18990511526292 23.18990511526292 23.19080406759364 23.18990511526292 23.18990511526292 23.19080406759364
 1192 524288 54368.973 54473.877 54711.103 22.845501616006533 22.94499053188375 22.9892624971967 22.845501616006533 22.94499053188375 22.9892624971967
 1304 524288 61378.956 61436.892 61501.98 22.232505425028588 22.256059176951855 22.277066817493605 22.232505425028588 22.256059176951855 22.277066817493605
 1432 524288 67095.041 67226.171 68063.021 22.061330953852316 22.335956513126412 22.379609724062917 22.061330953852316 22.335956513126412 22.379609724062917
 1568 524288 70712.09 70718.05 71084.023 23.12991159771585 23.249611209585105 23.25157081342102 23.12991159771585 23.249611209585105 23.25157081342102
 1720 524288 80072.165 80105.066 80183.029 22.49292328430247 22.514814730943485 22.52406588481778 22.49292328430247 22.514814730943485 22.52406588481778
 1888 524288 85107.088 85134.983 85216.045 23.23167530246211 23.25379554019527 23.2614172864192 23.23167530246211 23.25379554019527 23.2614172864192
 2072 262144 47966.003 47982.931 47999.144 22.6321689403461 22.63981614628752 22.647806113842755 22.6321689403461 22.63981614628752 22.647806113842755
 2272 262144 51171.064 51179.171 51196.098 23.267053203937536 23.274748549561306 23.278435953569385 23.267053203937536 23.274748549561306 23.278435953569385
 2496 262144 56201.935 56202.888 56203.127 23.283808532575065 23.283907545818643 23.28430236432251 23.283808532575065 23.283907545818643 23.28430236432251
 2744 262144 63003.063 63024.998 63045.979 22.819001224487288 22.826597662089572 22.83454491728442 22.819001224487288 22.826597662089572 22.83454491728442
 3016 262144 68273.067 68300.962 68306.923 23.149229075945936 23.151249436281734 23.16070857048212 23.149229075945936 23.151249436281734 23.16070857048212
 3312 262144 75223.923 75248.003 75274.944 23.06799266433197 23.076251684712485 23.083638645115595 23.06799266433197 23.076251684712485 23.083638645115595
 3640 262144 83145.857 83146.811 83161.116 22.948325032097934 22.952273178582878 22.95253652866913 22.948325032097934 22.952273178582878 22.95253652866913
 4000 262144 89975.119 89975.119 90016.127 23.29751423319957 23.308132551622407 23.308132551622407 23.29751423319957 23.308132551622407 23.308132551622407
 4400 131072 49820.9 49850.941 49887.896 23.12051003313509 23.137649497930244 23.15160103490704 23.12051003313509 23.137649497930244 23.15160103490704
 4840 131072 54584.98 54585.934 54625.034 23.227023712241532 23.243661269952806 23.244067507215355 23.227023712241532 23.243661269952806 23.244067507215355
 5320 131072 59994.936 60006.857 60194.016 23.168516950256315 23.24077863301522 23.24539657813786 23.168516950256315 23.24077863301522 23.24539657813786
 5848 131072 66374.063 66383.123 66640.854 23.004178667938433 23.09349188045883 23.096644121364093 23.004178667938433 23.09349188045883 23.096644121364093
 6432 131072 72260.857 72291.136 72305.918 23.319117641242034 23.323885904905413 23.33365916211041 23.319117641242034 23.323885904905413 23.33365916211041
 7072 131072 79471.111 79475.88 79589.844 23.2929513971657 23.326352196414813 23.327751992796475 23.2929513971657 23.326352196414813 23.327751992796475
 7776 131072 87374.926 87441.921 87489.128 23.299257754632094 23.31183625300272 23.329710676950956 23.299257754632094 23.31183625300272 23.329710676950956
 8552 65536 48124.075 48126.936 48204.899 23.253398871347084 23.29106810373301 23.292452769222063 23.253398871347084 23.29106810373301 23.292452769222063
 9400 65536 53122.044 53122.044 53207.874 23.155911096917723 23.193324413495837 23.193324413495837 23.155911096917723 23.193324413495837 23.193324413495837
 10336 65536 58058.023 58058.023 58095.932 23.319364116578765 23.334590500954537 23.334590500954537 23.319364116578765 23.334590500954537 23.334590500954537
 11368 65536 63936.949 63937.187 64072.132 23.25545365027029 23.304536309988116 23.304623059195393 23.25545365027029 23.304536309988116 23.304623059195393
 12504 65536 70544.004 70547.104 70554.972 23.22904030066088 23.231630996504116 23.232651892002043 23.22904030066088 23.231630996504116 23.232651892002043
 13752 65536 77547.073 77549.934 77658.176 23.21071955128073 23.243116415805076 23.243973940834618 23.21071955128073 23.243116415805076 23.243973940834618
 15120 65536 85083.961 85084.915 85089.922 23.29075633657297 23.29212692990291 23.292388091804987 23.29075633657297 23.29212692990291 23.292388091804987
 16632 32768 46857.119 46865.94 46947.002 23.21755821596446 23.257716627469755 23.26209496576177 23.21755821596446 23.257716627469755 23.26209496576177
 18288 32768 51431.179 51435.947 51480.055 23.281295406541425 23.30125987570521 23.303420051871647 23.281295406541425 23.30125987570521 23.303420051871647
 20112 32768 56550.98 56551.933 56556.225 23.30530427021959 23.30707302259677 23.307465794580395 23.30530427021959 23.30707302259677 23.307465794580395
 22120 32768 62141.895 62143.803 62144.041 23.327358450989696 23.327447790731444 23.328164034907534 23.327358450989696 23.327447790731444 23.328164034907534
 24328 32768 68345.07 68346.977 68351.984 23.325728306584345 23.327437115470374 23.32808800985938 23.325728306584345 23.327437115470374 23.32808800985938
 26760 32768 75180.054 75181.007 75181.007 23.32694692424112 23.32694692424112 23.32724262209229 23.32694692424112 23.32694692424112 23.32724262209229
 29432 32768 82778.931 82831.144 82839.012 23.28438625028507 23.286597997487515 23.301286072418595 23.28438625028507 23.286597997487515 23.301286072418595
 32368 32768 90988.874 90991.974 91017.962 23.30605082104563 23.312707206461965 23.31350147271852 23.30605082104563 23.312707206461965 23.31350147271852
 35600 16384 50053.12 50058.126 50109.148 23.279996698407246 23.303724953666865 23.306055646481177 23.279996698407246 23.303724953666865 23.306055646481177
 39160 16384 55046.797 55058.956 55064.201 23.303613903341663 23.30583384109208 23.310981745223067 23.303613903341663 23.30583384109208 23.310981745223067
 43072 16384 60481.071 60490.847 60506.105 23.326295685369267 23.332179428732413 23.33595078036895 23.326295685369267 23.332179428732413 23.33595078036895
 47376 16384 66561.937 66565.037 66570.997 23.31971636236723 23.321804327998798 23.322890498213717 23.31971636236723 23.321804327998798 23.322890498213717
 52112 16384 73214.054 73219.776 73303.938 23.29487422626599 23.321650369430248 23.323473058874733 23.29487422626599 23.321650369430248 23.323473058874733
 57320 16384 80512.047 80513.954 80526.114 23.324877691229457 23.328400440996848 23.328952995071656 23.324877691229457 23.328400440996848 23.328952995071656
 63048 16384 88538.885 88541.985 88551.044 23.330688952690384 23.333075986493863 23.3338929443261 23.330688952690384 23.333075986493863 23.3338929443261
 69352 8192 48690.081 48691.034 48695.087 23.334246594528107 23.33618891724501 23.336645671219976 23.334246594528107 23.33618891724501 23.336645671219976
 76280 8192 53571.224 53576.946 53585.052 23.323137206249232 23.326665913357584 23.329157459609284 23.323137206249232 23.326665913357584 23.329157459609284
 83904 8192 58900.118 58902.979 58910.847 23.3349748985955 23.338091881566804 23.339225500363174 23.3349748985955 23.338091881566804 23.339225500363174
 92288 8192 64785.957 64789.057 64934.969 23.285551918874404 23.337993513318153 23.33911023341061 23.285551918874404 23.337993513318153 23.33911023341061
 101512 8192 71269.035 71269.989 71391.821 23.296402650942326 23.336226528672537 23.336538905009725 23.296402650942326 23.336226528672537 23.336538905009725
 111656 8192 78385.115 78390.121 78397.989 23.334423845999417 23.33676591722572 23.338256300319262 23.334423845999417 23.33676591722572 23.338256300319262
 122816 8192 86212.873 86215.973 86301.088 23.31624537572458 23.339263873992355 23.3401030957407 23.31624537572458 23.339263873992355 23.3401030957407
 135096 4096 47422.886 47436.953 47515.154 23.291652006431462 23.330048875609695 23.33696924307812 23.291652006431462 23.330048875609695 23.33696924307812
 148600 4096 52156.925 52165.031 52277.088 23.28613254051182 23.33615406075384 23.33978086323149 23.28613254051182 23.33615406075384 23.33978086323149
 163456 4096 57364.941 57368.994 57532.072 23.274523330221793 23.340683854417946 23.342332941648106 23.274523330221793 23.340683854417946 23.342332941648106
 179800 4096 63109.159 63124.895 63240.051 23.290961609123308 23.333450297224257 23.339268393673255 23.290961609123308 23.333450297224257 23.339268393673255
 197776 4096 69422.007 69437.981 69569.826 23.28855892208211 23.33277795044185 23.33814682136747 23.28855892208211 23.33277795044185 23.33814682136747
 217552 4096 76370.955 76404.095 76478.958 23.302958494805853 23.325791425184736 23.335913293214677 23.302958494805853 23.325791425184736 23.335913293214677
 239304 4096 83993.912 83997.965 84167.004 23.291530823646756 23.338403114884986 23.339529274455035 23.291530823646756 23.338403114884986 23.339529274455035
 263232 2048 46196.938 46207.905 46277.046 23.298770453066517 23.333632459640835 23.339171786666903 23.298770453066517 23.333632459640835 23.339171786666903
 289552 2048 50832.033 50843.0 50901.175 23.300149593796213 23.32680982632811 23.331842580445283 23.300149593796213 23.32680982632811 23.331842580445283
 318504 2048 55909.157 55922.031 55950.88 23.316744687483023 23.328773305819308 23.334145138335746 23.316744687483023 23.328773305819308 23.334145138335746
 350352 2048 61486.959 61493.874 61496.973 23.335161423311032 23.336337404925896 23.338961876452533 23.335161423311032 23.336337404925896 23.338961876452533
 385384 2048 67641.02 67682.981 67727.089 23.307259876472763 23.322448873816594 23.336916918165926 23.307259876472763 23.322448873816594 23.336916918165926
 423920 2048 74404.955 74408.054 74571.133 23.2848322151683 23.335865227707743 23.33683717704016 23.2848322151683 23.335865227707743 23.33683717704016
 466312 2048 81831.932 81839.085 81915.855 23.316779785793607 23.338652332195547 23.34069238399504 23.316779785793607 23.338652332195547 23.34069238399504
 512936 2048 90018.034 90026.14 90058.804 23.32904460956421 23.337509039041326 23.339610549592763 23.32904460956421 23.337509039041326 23.339610549592763
 564224 1024 49497.128 49499.989 49501.181 23.34349865309274 23.344060783528658 23.345410101369925 23.34349865309274 23.344060783528658 23.345410101369925
 620640 1024 54444.075 54450.989 54560.9 23.29636644556816 23.343390879456752 23.346355319656 23.29636644556816 23.343390879456752 23.346355319656
 682704 1024 59890.985 59890.985 59931.04 23.329776890239184 23.345379809665847 23.345379809665847 23.329776890239184 23.345379809665847 23.345379809665847
 750968 1024 65866.947 65871.0 65943.003 23.322906055703893 23.348400115377025 23.34983681572489 23.322906055703893 23.348400115377025 23.34983681572489
 826064 1024 72466.85 72467.089 72469.95 23.344559669214625 23.345481312213327 23.345558307005206 23.344559669214625 23.345481312213327 23.345558307005206
 908664 1024 79695.94 79696.894 79697.132 23.350198749937448 23.350268480977437 23.35054799529311 23.350198749937448 23.350268480977437 23.35054799529311
 999528 1024 87681.055 87731.123 87764.978 23.324034149475885 23.333034777179357 23.346358503555873 23.324034149475885 23.333034777179357 23.346358503555873
 1099480 512 48196.077 48199.177 48205.137 23.35575812179519 23.35864614451819 23.36014858636731 23.35575812179519 23.35864614451819 23.36014858636731
 1209424 512 53025.961 53027.153 53029.06 23.354179312248796 23.35501919177143 23.355544202206914 23.354179312248796 23.35501919177143 23.355544202206914
 1330360 512 58314.085 58315.039 58326.006 23.35645338033261 23.36084590460447 23.3612280806601 23.35645338033261 23.36084590460447 23.3612280806601
 1463392 512 64157.963 64161.062 64161.062 23.355495705479438 23.355495705479438 23.356623837948224 23.355495705479438 23.355495705479438 23.356623837948224
 1609728 512 70571.899 70574.045 70577.145 23.355456954230718 23.356482854284458 23.35719309466222 23.355456954230718 23.356482854284458 23.35719309466222
 1770696 512 77631.95 77636.957 77733.994 23.325608407564907 23.35476265511025 23.356268958850062 23.325608407564907 23.35476265511025 23.356268958850062
 1947760 512 85396.051 85396.051 85428.953 23.346958729553904 23.355954012440225 23.355954012440225 23.346958729553904 23.355954012440225 23.355954012440225
 2142536 256 46931.028 46931.982 46941.042 23.36928166187704 23.37379299259085 23.374268128113453 23.36928166187704 23.37379299259085 23.374268128113453
 2356784 256 51624.775 51625.967 51629.066 23.371978257363786 23.373381228868798 23.373920912972498 23.371978257363786 23.373381228868798 23.373920912972498
 2592456 256 56785.107 56787.968 56789.875 23.372783828103163 23.373568710893124 23.3747463397401 23.372783828103163 23.373568710893124 23.3747463397401
 2851696 256 62465.906 62468.052 62515.02 23.35548084284385 23.373041182715284 23.373844157483283 23.35548084284385 23.373041182715284 23.373844157483283
 3136864 256 68738.937 68743.944 68777.084 23.351882263574886 23.36313971162318 23.36484150169503 23.351882263574886 23.36313971162318 23.36484150169503
 3450544 256 75580.835 75581.074 75796.127 23.308295528081537 23.374615290595102 23.374689205272734 23.308295528081537 23.374615290595102 23.374689205272734
 3795592 256 83135.843 83137.035 83142.996 23.373503451812105 23.375179352980293 23.375514505819112 23.373503451812105 23.375179352980293 23.375514505819112
 4175144 256 91448.069 91449.976 91451.168 23.37502926151802 23.375333942132478 23.375821396513032 23.37502926151802 23.375333942132478 23.375821396513032
 4592656 128 50221.92 50225.019 50225.019 23.40904910359516 23.40904910359516 23.410493585271134 23.40904910359516 23.40904910359516 23.410493585271134
 5051920 128 55244.923 55284.023 55315.018 23.38047725122317 23.393585521082645 23.410142503049553 23.38047725122317 23.393585521082645 23.410142503049553
 5557112 128 60757.875 60758.829 60829.878 23.386873667575006 23.414221363614498 23.414589005951903 23.386873667575006 23.414221363614498 23.414589005951903
 6112816 128 66847.086 66848.993 66922.903 23.383338526124604 23.409191758505624 23.409859571141215 23.383338526124604 23.409191758505624 23.409859571141215
 6724096 128 73527.813 73532.104 73582.888 23.39359901177023 23.409755499448238 23.411121666300616 23.39359901177023 23.409755499448238 23.411121666300616
 7396504 128 80869.198 80870.152 80938.101 23.394482951854776 23.414139545576717 23.414415758148113 23.394482951854776 23.414139545576717 23.414415758148113
 8136152 128 88958.025 88991.88 89093.924 23.378192569001676 23.404999557262975 23.413906862253295 23.378192569001676 23.404999557262975 23.413906862253295
 8949760 64 48784.971 48784.971 48824.072 23.46320642817338 23.482012113935664 23.482012113935664 23.46320642817338 23.482012113935664 23.482012113935664
 9844736 64 53660.154 53662.062 53669.93 23.479184861988827 23.48262741003132 23.483462384397928 23.479184861988827 23.48262741003132 23.483462384397928
 10829208 64 59005.976 59030.771 59031.01 23.481533248372337 23.48162831889829 23.491495573261936 23.481533248372337 23.48162831889829 23.491495573261936
 11912128 64 64929.962 64934.015 64940.929 23.479066398942336 23.48156638704691 23.48303213237673 23.479066398942336 23.48156638704691 23.48303213237673
 13103336 64 71431.875 71434.021 71476.936 23.465289670502944 23.479386775665343 23.480092157737705 23.465289670502944 23.479386775665343 23.480092157737705
 14413664 64 78565.836 78567.028 78571.081 23.481272861703403 23.48248417898663 23.48284045497842 23.481272861703403 23.48248417898663 23.48284045497842
 15855024 64 86421.967 86425.066 86436.987 23.478873367022846 23.48211191415231 23.48295395775937 23.478873367022846 23.48211191415231 23.48295395775937
 17440520 32 47259.092 47303.915 47354.937 23.570790095233367 23.596213548075248 23.618593433830682 23.570790095233367 23.596213548075248 23.618593433830682
 19184568 32 51966.906 51988.125 52097.082 23.56777586890567 23.617169343960757 23.626812648803835 23.56777586890567 23.617169343960757 23.626812648803835
 21103024 32 57712.078 57735.92 57814.837 23.360673593181627 23.392604396015518 23.40226834320539 23.360673593181627 23.392604396015518 23.40226834320539
 23213320 32 65603.971 65674.067 65801.144 22.57791262717256 22.621600090641564 22.645770634829404 22.57791262717256 22.621600090641564 22.645770634829404
 25534648 32 72746.992 72814.941 72887.182 22.42119158894084 22.44343605249917 22.464399242789312 22.42119158894084 22.44343605249917 22.464399242789312
 28088112 32 80177.069 80255.985 80748.081 22.262314419583543 22.39881758351106 22.420864100183056 22.262314419583543 22.39881758351106 22.420864100183056
 30896920 32 88616.848 88632.822 88786.125 22.27153037707187 22.310052138473036 22.314073730087987 22.27153037707187 22.310052138473036 22.314073730087987
 33986608 16 49216.986 49269.915 49305.916 22.057626026053345 22.073743297507214 22.097481873432887 22.057626026053345 22.073743297507214 22.097481873432887
 37385264 16 54035.902 54106.951 54149.151 22.09320785103353 22.11043915595983 22.139511023615373 22.09320785103353 22.11043915595983 22.139511023615373
 41123784 16 59554.1 59563.875 59577.942 22.08805883224365 22.093275294799067 22.096901607110173 22.08805883224365 22.093275294799067 22.096901607110173
 45236160 16 65460.92 65465.927 65558.91 22.08024996144689 22.111611128641005 22.11330241004862 22.08024996144689 22.111611128641005 22.11330241004862
 49759776 16 72002.172 72110.176 72122.097 22.078016283969117 22.08166614376312 22.114788870535737 22.078016283969117 22.08166614376312 22.114788870535737
 54735752 16 79239.13 79252.005 79264.879 22.097353658989373 22.100943237966028 22.104534262301968 22.097353658989373 22.100943237966028 22.104534262301968
 60209320 16 87177.992 87257.147 87320.089 22.0647764113021 22.080692599312236 22.10074120541799 22.0647764113021 22.080692599312236 22.10074120541799
 66230248 16 95968.962 95989.943 96001.148 22.076485335362868 22.07906234510422 22.0838893308026 22.076485335362868 22.07906234510422 22.0838893308026
 72853272 8 53528.07 53570.986 53586.96 21.75253740835457 21.759023662547484 21.776468906874467 21.75253740835457 21.759023662547484 21.776468906874467
 80138592 8 58749.914 58839.083 58845.997 21.78937459416313 21.791934996675593 21.82501019490854 21.78937459416313 21.791934996675593 21.82501019490854
 88152448 8 64732.075 64823.866 64893.961 21.73452115213001 21.758023009611918 21.78887619468401 21.73452115213001 21.758023009611918 21.78887619468401
 96967688 8 71191.072 71213.961 71271.896 21.768510381707824 21.786219811590033 21.79322440881351 21.768510381707824 21.786219811590033 21.79322440881351
 106664456 8 78254.938 78340.054 78380.108 21.77378086797227 21.784913449255473 21.808608371780963 21.77378086797227 21.784913449255473 21.808608371780963
 117330896 8 86008.072 86080.074 86148.977 21.791255118444415 21.808697980440865 21.826955218807836 21.791255118444415 21.808697980440865 21.826955218807836
 129063984 8 94696.999 94756.126 94923.973 21.754501826424818 21.793036832257155 21.806643988792086 21.754501826424818 21.793036832257155 21.806643988792086
 141970376 4 53441.048 53551.912 53606.987 21.186846557893656 21.208635986703896 21.252633518713928 21.186846557893656 21.208635986703896 21.252633518713928
 156167408 4 58801.174 58802.843 58889.866 21.214843042774117 21.246239131669196 21.246842180395923 21.214843042774117 21.246239131669196 21.246842180395923
 171784144 4 64682.007 64795.017 64826.012 21.199409150758804 21.209549987462772 21.246606525366474 21.199409150758804 21.209549987462772 21.246606525366474
 188962552 4 71137.905 71191.072 71232.796 21.221972193819262 21.23441006759949 21.250280226835468 21.221972193819262 21.23441006759949 21.250280226835468
 207858800 4 78330.04 78348.16 78474.998 21.189811307800223 21.224115537620794 21.229025288382342 21.189811307800223 21.224115537620794 21.229025288382342
 228644680 4 86115.122 86122.99 86169.004 21.22755695307793 21.238898463697087 21.240838978315562 21.22755695307793 21.238898463697087 21.240838978315562
 251509144 4 94671.965 94714.88 94772.816 21.230488202439822 21.243474647278234 21.253104358824707 21.230488202439822 21.243474647278234 21.253104358824707
 276660056 2 54717.064 54947.853 55079.937 20.091530315294296 20.139826464193238 20.224773463722396 20.091530315294296 20.139826464193238 20.224773463722396
 304326056 2 60362.101 60393.81 60486.078 20.12536213705243 20.15610911118209 20.16669737854221 20.12536213705243 20.15610911118209 20.16669737854221
 334758656 2 66277.027 66368.103 66430.807 20.15683211555747 20.175876113258806 20.20360122671163 20.15683211555747 20.175876113258806 20.20360122671163
 368234520 2 73063.135 73111.057 73269.129 20.103119828270376 20.14658439420456 20.159798508509112 20.103119828270376 20.14658439420456 20.159798508509112
 405057968 2 80329.895 80405.951 80507.04 20.125343969918656 20.150646212741144 20.169724758136432 20.125343969918656 20.150646212741144 20.169724758136432
 445563760 2 88340.044 88430.166 88658.81 20.10240200607249 20.154378540915552 20.174939464598864 20.10240200607249 20.154378540915552 20.174939464598864
 490120136 2 96977.949 97277.164 97504.854 20.106491765015104 20.153553654175198 20.215735269880785 20.106491765015104 20.153553654175198 20.215735269880785
 539132144 1 53556.204 53664.923 53740.025 20.06445452900329 20.092533963013416 20.133321771647594 20.06445452900329 20.092533963013416 20.133321771647594
 593045352 1 58826.923 58923.96 59038.877 20.089994326958486 20.129175024896494 20.16237878020579 20.089994326958486 20.129175024896494 20.16237878020579
 652349880 1 64796.925 64837.217 64842.939 20.12092264972752 20.12269835702541 20.13521104589454 20.12092264972752 20.12269835702541 20.13521104589454
 717584864 1 71241.856 71315.05 71419.001 20.095068649868118 20.124359837089084 20.145035637476933 20.095068649868118 20.124359837089084 20.145035637476933
 789343344 1 78380.823 78383.923 78402.996 20.13554033062716 20.140439870558662 20.141236434835594 20.13554033062716 20.140439870558662 20.141236434835594
 868277672 1 86125.851 86237.907 86597.919 20.053084000782974 20.136798357130814 20.162997797258342 20.053084000782974 20.136798357130814 20.162997797258342
 955105432 1 94771.147 94786.882 94963.074 20.11530149076682 20.15269226811364 20.156038250755792 20.11530149076682 20.15269226811364 20.156038250755792
 1050615968 1 104349.852 104440.928 104454.994 20.116146251465963 20.118855473976637 20.136415104834075 20.116146251465963 20.118855473976637 20.136415104834075
 
META_DATA
 FLOPS          16
 ERT_VERSION  1.1.0
 HOSTNAME  ('graoully-1.nancy.grid5000.fr', [], ['172.16.70.1'])
 UNAME  uname_result(system='Linux', node='graoully-1.nancy.grid5000.fr', release='4.19.0-14-amd64', version='#1 SMP Debian 4.19.171-2 (2021-01-30)', machine='x86_64', processor='')
 TIMESTAMP_DATA  1615913081.5424044
 CONFIG  {'ERT_RESULTS': ['Results.graoully.01'], 'ERT_DRIVER': ['driver1'], 'ERT_KERNEL': ['kernel1'], 'ERT_OPENMP': ['False'], 'ERT_FLOPS': ['1,2,4,8,16,32'], 'ERT_ALIGN': ['64'], 'ERT_CC': ['g++'], 'ERT_CFLAGS': ['-O3', '-march=native', '-DERT_INTEL', '-fpermissive'], 'ERT_LD': ['g++'], 'ERT_LDFLAGS': [], 'ERT_LDLIBS': [], 'ERT_PRECISION': ['FP64'], 'ERT_RUN': ['ERT_CODE'], 'ERT_NUM_EXPERIMENTS': ['3'], 'ERT_MEMORY_MAX': ['1073741824'], 'ERT_WORKING_SET_MIN': ['1'], 'ERT_TRIALS_MIN': ['1'], 'ERT_GNUPLOT': ['gnuplo'], 'ERT_MPI': [False], 'ERT_GPU': [False], 'ERT_HIP': [False], 'ERT_OCL': [False], 'ERT_SYCL': [False], 'ERT_WSS_MULT': [1.1]}
 TIMESTAMP_DATA  1615913136.2831018
 TIMESTAMP_DATA  1615913190.9456098
 