fp64
 8 134217728 904390.097 904446.125 904460.907 2.37432445269854 2.374363257955249 2.3745103524723805 1.18716222634927 1.1871816289776245 1.1872551762361903
 16 67108864 451900.959 451911.211 451942.921 4.751670063220218 4.7520034814980505 4.7521112872876206 2.375835031610109 2.3760017407490253 2.3760556436438103
 24 33554432 229681.969 229842.901 229954.958 7.004035703374571 7.007450432415139 7.012360365127312 3.5020178516872855 3.5037252162075694 3.506180182563656
 32 33554432 230987.072 230991.84 231022.835 9.295547117669127 9.296794414902276 9.296986317918261 4.6477735588345634 4.648397207451138 4.6484931589591305
 40 16777216 115450.859 115484.953 115526.915 11.617875193845522 11.622096603355764 11.625528745524536 5.808937596922761 5.811048301677882 5.812764372762268
 48 16777216 115548.134 115559.816 115562.201 13.937193321542916 13.937480966567131 13.938890055983075 6.968596660771458 6.9687404832835655 6.969445027991537
 56 16777216 117296.934 117374.897 117449.999 15.998707603224416 16.008944331597583 16.019584893838744 7.999353801612208 8.004472165798791 8.009792446919372
 64 16777216 115462.065 115514.994 115528.822 18.588293473640718 18.590518629988416 18.599040715234047 9.294146736820359 9.295259314994208 9.299520357617023
 72 8388608 57710.886 57711.124 57721.138 20.92750756230759 20.93113889100479 20.93122521113261 10.463753781153795 10.465569445502394 10.465612605566305
 80 8388608 58765.888 58768.034 58798.075 22.826891526635865 22.838560160103366 22.839394173708392 11.413445763317933 11.419280080051683 11.419697086854196
 88 8388608 59849.977 59851.17 59868.097 24.660797352553228 24.667771874802114 24.668263581788842 12.330398676276614 12.333885937401057 12.334131790894421
 96 8388608 57826.996 57833.91 57844.877 27.84365391597254 27.848933886711098 27.85226360366359 13.92182695798627 13.924466943355549 13.926131801831795
 104 8388608 58909.893 58926.105 58941.841 29.60257831105072 29.610483570906304 29.61863237470148 14.80128915552536 14.805241785453152 14.80931618735074
 112 8388608 60071.945 60073.853 60076.952 31.277355615511254 31.27896910491158 31.279962584863863 15.638677807755627 15.63948455245579 15.639981292431932
 120 8388608 62220.812 62260.151 62387.943 32.27011219138929 32.336348172364694 32.35679277216761 16.135056095694644 16.168174086182347 16.178396386083804
 128 8388608 58826.923 58875.084 58885.098 36.4690511001612 36.47525408201541 36.50511599935288 18.2345255500806 18.237627041007705 18.25255799967644
 136 4194304 30092.955 30102.015 30110.121 37.88927610088315 37.89947908802783 37.91088937593533 18.944638050441576 18.949739544013916 18.955444687967663
 144 4194304 31159.878 31163.931 31193.972 38.72413400896814 38.76146279492148 38.766504541513285 19.36206700448407 19.38073139746074 19.383252270756643
 152 4194304 32646.894 32729.149 32839.06 38.82779884686103 38.95819032752731 39.05634686105208 19.413899423430514 19.479095163763656 19.52817343052604
 160 4194304 30188.799 30189.991 30199.051 44.44435290367237 44.45769062998395 44.45944603493501 22.222176451836184 22.228845314991975 22.229723017467506
 176 4194304 32849.073 32889.128 32956.123 44.79880743253689 44.89006239387071 44.94479975127456 22.399403716268445 22.445031196935354 22.47239987563728
 192 4194304 31275.988 31304.836 31337.976 51.394918931586396 51.44932674299906 51.49678200413684 25.697459465793198 25.72466337149953 25.74839100206842
 208 4194304 36531.925 36548.138 36705.017 47.53656602311341 47.74061168314512 47.76179913869855 23.768283011556704 23.87030584157256 23.880899569349275
 224 4194304 32985.926 33065.796 33142.09 56.696731920044876 56.827550499615974 56.9651490760029 28.348365960022438 28.413775249807987 28.48257453800145
 240 4194304 41000.128 41083.813 41275.978 48.775729069339064 49.00387215763054 49.103893529308 24.387864534669532 24.50193607881527 24.551946764654
 264 2097152 20354.986 20363.092 20586.967 53.786274393892015 54.37760905858501 54.399263944470405 26.893137196946007 27.188804529292504 27.199631972235203
 288 2097152 20438.194 20628.929 20681.143 58.408742302105836 58.5565810033085 59.103047558898794 29.204371151052918 29.27829050165425 29.551523779449397
 312 2097152 27335.882 27446.032 27471.066 47.6364058096617 47.67985579846296 47.87198188812784 23.81820290483085 23.83992789923148 23.93599094406392
 336 2097152 27378.082 27497.053 27570.963 51.114868348994555 51.25226125141483 51.47497710029505 25.557434174497278 25.626130625707415 25.737488550147525
 368 2097152 29609.919 29672.146 29763.937 51.85818905610505 52.01861274206456 52.12793294030963 25.929094528052524 26.00930637103228 26.063966470154813
 400 2097152 31922.817 32025.099 32025.099 52.387710027063456 52.387710027063456 52.55556237408497 26.193855013531728 26.193855013531728 26.277781187042486
 440 2097152 36360.025 36482.096 36483.049 50.584965088855384 50.586286489679765 50.75611911707981 25.292482544427692 25.293143244839882 25.378059558539906
 480 2097152 33996.105 34163.952 34380.913 58.55766308474705 58.929538362540725 59.22048775881824 29.278831542373524 29.464769181270363 29.61024387940912
 528 1048576 20371.914 20474.911 20560.026 53.85675368309358 54.080638299233634 54.35406098808388 26.92837684154679 27.040319149616817 27.17703049404194
 576 1048576 20287.037 20313.978 20612.955 58.60195939883437 59.464451128183754 59.54341937661965 29.300979699417184 29.732225564091877 29.771709688309826
 632 1048576 24775.982 25038.004 25109.053 52.78574480686309 52.93553208155092 53.49535949775876 26.392872403431547 26.46776604077546 26.74767974887938
 688 1048576 26003.122 26123.047 26303.053 54.8544906935328 55.2324763646446 55.48720557477675 27.4272453467664 27.6162381823223 27.743602787388376
 752 1048576 28552.055 28557.062 28569.937 55.19992235194638 55.224809330875836 55.23449376936266 27.59996117597319 27.612404665437918 27.61724688468133
 824 1048576 31680.107 31769.037 31833.887 54.28345109097108 54.39425966862011 54.546951119830496 27.14172554548554 27.197129834310054 27.273475559915248
 904 1048576 32725.096 33062.935 33068.895 57.32956628880404 57.33990064705388 57.931851689602375 28.66478314440202 28.66995032352694 28.965925844801188
 992 1048576 35221.815 35224.915 35225.868 59.05815533062237 59.05975313212253 59.064951195729115 29.529077665311185 29.529876566061265 29.532475597864558
 1088 524288 19944.906 19946.098 19950.151 57.18506531604697 57.196685186245446 57.20010352518082 28.592532658023487 28.598342593122723 28.60005176259041
 1192 524288 22135.973 22143.841 22159.1 56.40583742119491 56.44470586652062 56.464768546654796 28.202918710597455 28.22235293326031 28.232384273327398
 1304 524288 24693.966 24705.887 24720.907 55.31120294251339 55.344829513710636 55.37154720306977 27.655601471256695 27.672414756855318 27.685773601534883
 1432 524288 27025.938 27027.13 27027.845 55.55606937956023 55.557539109775995 55.55998951821765 27.778034689780114 27.778769554887997 27.779994759108824
 1568 524288 28550.863 28556.824 28559.923 57.56903364200247 57.57528106066697 57.58730193199413 28.784516821001237 28.787640530333483 28.793650965997067
 1720 524288 31939.03 31943.083 31980.038 56.39614061746893 56.461385396018294 56.468550234618895 28.198070308734465 28.230692698009147 28.234275117309448
 1888 524288 34248.829 34251.928 34253.12 57.79653030147326 57.7985416762525 57.803771568365164 28.89826515073663 28.89927083812625 28.901885784182582
 2072 262144 19207.001 19218.922 19239.902 56.4620722080601 56.5237080414812 56.5587899953772 28.23103610403005 28.2618540207406 28.2793949976886
 2272 262144 20551.92 20554.066 20555.019 57.95092361627104 57.953610541096836 57.95966196832219 28.97546180813552 28.976805270548418 28.979830984161094
 2496 262144 22540.092 22540.092 22542.0 58.05265051903114 58.05756462750906 58.05756462750906 29.02632525951557 29.02878231375453 29.02878231375453
 2744 262144 25094.986 25106.907 25108.099 57.29809620393802 57.30081654422825 57.32803644520862 28.64904810196901 28.650408272114124 28.66401822260431
 3016 262144 27307.034 27307.034 27307.034 57.906421034228764 57.906421034228764 57.906421034228764 28.953210517114382 28.953210517114382 28.953210517114382
 3312 262144 30142.069 30148.983 30159.95 57.574427543812234 57.59537082892646 57.608582078423346 28.787213771906117 28.79768541446323 28.804291039211673
 3640 262144 33077.955 33079.863 33080.101 57.69052277077388 57.690937837318124 57.69426556145928 28.84526138538694 28.845468918659062 28.84713278072964
 4000 262144 35949.945 35949.945 35951.138 58.33339684546286 58.33533264098179 58.33533264098179 29.16669842273143 29.167666320490895 29.167666320490895
 4400 131072 19922.018 19923.925 19926.071 57.88565141617733 57.8918862623705 57.89742786097272 28.942825708088666 28.94594313118525 28.94871393048636
 4840 131072 21790.981 21792.173 21794.081 58.216584585512 58.22168170195786 58.22486651702372 29.108292292756 29.11084085097893 29.11243325851186
 5320 131072 23921.013 23922.92 23922.92 58.29581338732898 58.29581338732898 58.300460770620376 29.14790669366449 29.14790669366449 29.150230385310188
 5848 131072 26434.183 26439.905 26447.773 57.963977231655754 57.98122618065383 57.993776921344605 28.981988615827877 28.990613090326914 28.996888460672302
 6432 131072 28814.077 28815.985 28860.807 58.42214349723485 58.513016577430896 58.51689117093704 29.211071748617425 29.256508288715448 29.25844558546852
 7072 131072 31669.14 31669.14 31672.955 58.53203049731229 58.53908151594897 58.53908151594897 29.266015248656146 29.269540757974486 29.269540757974486
 7776 131072 34837.008 34837.008 34837.961 58.51179820770796 58.513398854459595 58.513398854459595 29.25589910385398 29.256699427229798 29.256699427229798
 8552 65536 19168.139 19168.139 19168.854 58.47651320209336 58.47869446272275 58.47869446272275 29.23825660104668 29.239347231361375 29.239347231361375
 9400 65536 21106.005 21106.958 21122.932 58.32887214710533 58.37301613998569 58.37565185832184 29.164436073552665 29.186508069992843 29.18782592916092
 10336 65536 23106.098 23107.052 23108.006 58.62730830172019 58.62972879448231 58.63214948711808 29.313654150860096 29.314864397241156 29.31607474355904
 11368 65536 25442.123 25442.123 25442.839 58.563688431153466 58.56533654836902 58.56533654836902 29.281844215576733 29.28266827418451 29.28266827418451
 12504 65536 28065.92 28068.781 28074.026 58.37866959302523 58.38957837178608 58.3955305224272 29.189334796512615 29.19478918589304 29.1977652612136
 13752 65536 30848.98 30854.225 30854.94 58.41859177169037 58.41994553420156 58.42987820018685 29.209295885845187 29.20997276710078 29.214939100093424
 15120 65536 33844.948 33844.948 33852.1 58.54315212350194 58.55552326450612 58.55552326450612 29.27157606175097 29.27776163225306 29.27776163225306
 16632 32768 18616.199 18617.153 18623.114 58.52913492340753 58.54787528469042 58.55087561107399 29.264567461703766 29.27393764234521 29.275437805536995
 18288 32768 20453.93 20456.076 20457.029 58.58731333860845 58.59004278239873 58.59618997424945 29.293656669304227 29.295021391199366 29.298094987124724
 20112 32768 22483.11 22484.064 22485.971 58.616994213858945 58.621965851013414 58.62445328960273 29.308497106929472 29.310982925506707 29.312226644801363
 22120 32768 24700.88 24700.88 24703.026 58.683349966923075 58.68844834677955 58.68844834677955 29.341674983461537 29.344224173389776 29.344224173389776
 24328 32768 27159.929 27160.168 27161.121 58.70007382979517 58.70213350668523 58.7026500695197 29.350036914897586 29.351066753342614 29.35132503475985
 26760 32768 29866.934 29868.841 29882.908 58.68717194457782 58.71481119739464 58.71856013074526 29.34358597228891 29.35740559869732 29.35928006537263
 29432 32768 32869.816 32871.008 32886.982 58.65103559821937 58.679537664315006 58.68166563512251 29.325517799109686 29.339768832157503 29.340832817561257
 32368 32768 36141.872 36144.972 36170.959 58.64564575133327 58.687809967040494 58.69284380178203 29.322822875666635 29.343904983520247 29.346421900891016
 35600 16384 19949.198 19950.151 19951.105 58.469984494593156 58.47278048171163 58.47557380502213 29.234992247296578 29.236390240855815 29.237786902511065
 39160 16384 21945.0 21950.006 21957.159 58.44084291597105 58.45988743693281 58.473223057644105 29.220421457985523 29.229943718466405 29.236611528822053
 43072 16384 24188.995 24190.187 24190.903 58.34355567462694 58.34528257263988 58.34815774694236 29.17177783731347 29.17264128631994 29.17407887347118
 47376 16384 26613.951 26629.925 26630.163 58.29542868363217 58.29594968817975 58.330939588789356 29.147714341816084 29.147974844089877 29.165469794394678
 52112 16384 29283.047 29289.007 29291.153 58.29767151876883 58.301942978128274 58.31380921527736 29.148835759384415 29.150971489064137 29.15690460763868
 57320 16384 32178.879 32194.138 32198.906 58.333092434879624 58.34173165313512 58.369396895398374 29.166546217439812 29.17086582656756 29.184698447699187
 63048 16384 35390.854 35392.046 35401.106 58.358540097589035 58.37347928401765 58.37544536223963 29.179270048794518 29.186739642008824 29.187722681119816
 69352 8192 19461.87 19467.115 19536.972 58.15963538259663 58.368339016849696 58.384069362296636 29.079817691298317 29.184169508424848 29.192034681148318
 76280 8192 21356.106 21362.066 21454.096 58.253282729787344 58.504243924721514 58.52057111909821 29.126641364893672 29.252121962360757 29.260285559549104
 83904 8192 23539.782 23540.974 23547.173 58.37996501745667 58.39533810283296 58.39829510740584 29.189982508728335 29.19766905141648 29.19914755370292
 92288 8192 25893.927 25893.927 25893.927 58.39386941965195 58.39386941965195 58.39386941965195 29.196934709825975 29.196934709825975 29.196934709825975
 101512 8192 28478.146 28478.861 28482.914 58.39194009433164 58.40025020663572 58.401716460053265 29.19597004716582 29.20012510331786 29.200858230026633
 111656 8192 31327.963 31328.917 31334.162 58.38266566694843 58.39243993017696 58.39421809838067 29.191332833474213 29.19621996508848 29.197109049190335
 122816 8192 34448.862 34457.207 34548.044 58.244030950059 58.39757540418177 58.41172181536795 29.1220154750295 29.198787702090886 29.205860907683974
 135096 4096 18903.971 18903.971 18905.163 58.53990425790034 58.54359552286659 58.54359552286659 29.26995212895017 29.271797761433294 29.271797761433294
 148600 4096 20793.915 20795.107 20808.935 58.5004085985179 58.53930927116653 58.54266500560381 29.25020429925895 29.269654635583265 29.271332502801904
 163456 4096 22920.847 22922.993 22930.861 58.394298931906654 58.41434196660096 58.41981110034895 29.197149465953327 29.20717098330048 29.209905550174476
 179800 4096 25169.134 25185.108 25185.108 58.48383100044677 58.48383100044677 58.52094871440551 29.241915500223385 29.241915500223385 29.260474357202757
 197776 4096 27784.109 27804.136 27898.073 58.075014428415905 58.27122238216646 58.313224728566965 29.037507214207952 29.13561119108323 29.156612364283482
 217552 4096 30611.992 30828.953 30905.962 57.6647956792285 57.80883911302469 58.21855644023428 28.83239783961425 28.904419556512345 29.10927822011714
 239304 4096 34039.021 34062.147 34062.147 57.55298889409409 57.55298889409409 57.59209020729473 28.776494447047046 28.776494447047046 28.796045103647366
 263232 2048 18826.962 18857.002 18965.006 56.85198686464956 57.17760819031572 57.268839869119624 28.42599343232478 28.58880409515786 28.634419934559812
 289552 2048 20771.027 20913.839 20968.914 56.56015337751874 56.709100227844345 57.0990058411652 28.28007668875937 28.354550113922173 28.5495029205826
 318504 2048 23076.057 23210.049 23277.044 56.0463082855366 56.208084007060904 56.534458378222936 28.0231541427683 28.104042003530452 28.267229189111468
 350352 2048 25558.949 25593.042 25629.997 55.990712445264826 56.07156007480471 56.14635374873983 27.995356222632413 28.035780037402354 28.073176874369913
 385384 2048 28200.15 28225.899 28337.955 55.70383833272373 55.92498095454816 55.976044950115515 27.851919166361863 27.96249047727408 27.988022475057758
 423920 2048 31168.938 31186.104 31244.04 55.574641435614595 55.67788525299601 55.70854932561386 27.787320717807297 27.838942626498007 27.85427466280693
 466312 2048 34316.063 34343.004 34355.879 55.59496678865355 55.615809030567036 55.65947212534258 27.797483394326775 27.807904515283518 27.82973606267129
 512936 2048 37740.946 37750.959 37776.947 55.6155545338272 55.65384063488294 55.668606081045226 27.8077772669136 27.82692031744147 27.834303040522613
 564224 1024 20764.828 20771.027 20796.061 55.56488567714818 55.63185450579791 55.64846248666254 27.78244283857409 27.815927252898955 27.82423124333127
 620640 1024 22868.872 22893.906 22902.012 55.500395336444676 55.52004625160949 55.58082270083107 27.750197668222338 27.760023125804747 27.790411350415535
 682704 1024 25123.119 25131.941 25153.875 55.58498609061228 55.63349810506081 55.6530338450413 27.79249304530614 27.816749052530405 27.82651692252065
 750968 1024 27584.076 27616.024 27634.144 55.65515125056886 55.691668865872934 55.75617120544476 27.82757562528443 27.845834432936467 27.87808560272238
 826064 1024 30402.184 30417.919 30436.039 55.584732034283434 55.617843942578716 55.64662959739998 27.792366017141717 27.808921971289358 27.82331479869999
 908664 1024 33380.985 33385.992 33416.033 55.6901494561009 55.740259926977764 55.748620719250795 27.84507472805045 27.870129963488882 27.874310359625397
 999528 1024 36778.927 36785.126 36822.081 55.59254904686131 55.648398322735126 55.65777772690323 27.796274523430654 27.824199161367563 27.828888863451613
 1099480 512 20210.028 20215.988 20231.009 55.65058668106964 55.69193650095161 55.708360225923485 27.82529334053482 27.845968250475806 27.854180112961743
 1209424 512 22269.964 22283.077 22292.852 55.55368940681076 55.57805934970291 55.61078482210389 27.77684470340538 27.789029674851456 27.805392411051944
 1330360 512 24451.971 24457.932 24549.961 55.4904604532773 55.69925699360027 55.71283558286569 27.74523022663865 27.849628496800136 27.856417791432843
 1463392 512 26951.79 26960.135 26976.109 55.549649803090574 55.58256321787706 55.5997730762966 27.774824901545287 27.79128160893853 27.7998865381483
 1609728 512 29639.959 29645.92 29682.159 55.53374577637698 55.601629903878845 55.61281214997632 27.76687288818849 27.800814951939422 27.80640607498816
 1770696 512 32602.072 32602.072 32643.795 55.54478895606348 55.61587324879228 55.61587324879228 27.77239447803174 27.80793662439614 27.80793662439614
 1947760 512 35866.976 35917.997 35969.973 55.44920036498221 55.52943946178291 55.60843044030252 27.724600182491105 27.764719730891454 27.80421522015126
 2142536 256 19755.125 19757.986 19778.967 55.46186673955217 55.52076168087172 55.528802374067496 27.730933369776086 27.76038084043586 27.764401187033748
 2356784 256 21736.86 21737.099 21759.033 55.45620561354909 55.51216415769188 55.51277452217109 27.728102806774544 27.75608207884594 27.756387261085546
 2592456 256 23911.953 23925.781 23932.934 55.460708327696054 55.47728920531372 55.50937106642858 27.730354163848027 27.73864460265686 27.75468553321429
 2851696 256 26299.0 26299.0 26329.041 55.45467273190846 55.51801787140195 55.51801787140195 27.72733636595423 27.759008935700976 27.759008935700976
 3136864 256 28928.041 28929.949 28992.891 55.395454285673 55.51597647130315 55.519638125512884 27.6977271428365 27.757988235651574 27.759819062756442
 3450544 256 31821.966 31823.874 31967.878 55.26417887355551 55.51425096768545 55.517579523527864 27.632089436777754 27.757125483842724 27.758789761763932
 3795592 256 35001.04 35007.0 35048.008 55.44803299519904 55.51298608849658 55.52243887610196 27.72401649759952 27.75649304424829 27.76121943805098
 4175144 256 38498.163 38503.885 38544.893 55.4593244817154 55.51839062473826 55.52664234914274 27.7296622408577 27.75919531236913 27.76332117457137
 4592656 128 21243.095 21247.864 21264.076 55.291371983433464 55.33355898738809 55.34598117647169 27.645685991716732 27.666779493694044 27.672990588235844
 5051920 128 23369.074 23370.981 23391.008 55.29011490227355 55.33749396313317 55.34200970051273 27.645057451136775 27.668746981566585 27.671004850256367
 5557112 128 25660.038 25683.88 25775.194 55.193403083600465 55.389632407564584 55.4410976320456 27.596701541800233 27.694816203782292 27.7205488160228
 6112816 128 28275.967 28276.92 28303.862 55.288599697101404 55.34127818729905 55.34314338392035 27.644299848550702 27.670639093649523 27.671571691960175
 6724096 128 31102.18 31110.048 31137.943 55.28202604777072 55.33159498821731 55.34559236683731 27.64101302388536 27.665797494108656 27.672796183418654
 7396504 128 34155.846 34157.038 34188.032 55.38502549664163 55.43528171265904 55.4372163406522 27.692512748320816 27.71764085632952 27.7186081703261
 8136152 128 37564.993 37576.199 37607.908 55.38342925110325 55.430165036117685 55.44670038937582 27.691714625551626 27.715082518058843 27.72335019468791
 8949760 64 20832.777 20845.89 20859.957 54.91714484358717 54.95420344250113 54.988793860751265 27.458572421793583 27.477101721250566 27.494396930375633
 9844736 64 22935.152 22961.14 22962.093 54.87854299692977 54.880820725800206 54.943006612731416 27.439271498464883 27.440410362900103 27.471503306365708
 10829208 64 25166.988 25166.988 25190.115 55.02708598194172 55.07765267738833 55.07765267738833 27.51354299097086 27.538826338694165 27.538826338694165
 11912128 64 27724.028 27749.062 27868.986 54.71144102623611 54.9478891935158 54.99750555727328 27.355720513118055 27.4739445967579 27.49875277863664
 13103336 64 30489.922 30498.981 30521.87 54.95164640960728 54.9928867459539 55.0092259337364 27.47582320480364 27.49644337297695 27.5046129668682
 14413664 64 33545.971 33549.07 33576.965 54.94686586473793 54.992552461215766 54.99763271124273 27.473432932368965 27.496276230607883 27.498816355621365
 15855024 64 36898.851 36938.906 37091.97 54.71381196523128 54.94052996588474 55.000169842686965 27.35690598261564 27.47026498294237 27.500084921343483
 17440520 32 20553.112 20567.179 20580.053 54.236657213662184 54.27060658148597 54.30775057324652 27.118328606831092 27.135303290742986 27.15387528662326
 19184568 32 22695.065 22933.96 23043.156 53.283167982719036 53.53686637632576 54.100411344933356 26.641583991359518 26.76843318816288 27.050205672466678
 21103024 32 26930.094 27175.903 27645.826 48.853434004829516 49.6982027055366 50.151831478939506 24.426717002414758 24.8491013527683 25.075915739469753
 23213320 32 35820.961 36579.847 36703.11 40.477563890362426 40.61396101520053 41.4743892549393 20.238781945181213 20.306980507600265 20.73719462746965
 25534648 32 41925.907 41938.066 42118.073 38.80086042872854 38.967401882576084 38.97870288172895 19.40043021436427 19.483700941288042 19.489351440864475
 28088112 32 46550.035 47493.935 47823.906 37.588714899197065 37.84986794629672 38.617353735609434 18.794357449598532 18.92493397314836 19.308676867804717
 30896920 32 52048.922 52119.97 52188.873 37.889357756393785 37.939447777886286 37.99123601445579 18.944678878196893 18.969723888943143 18.995618007227893
 33986608 16 30301.809 30394.077 30426.025 35.74477625651067 35.78234851481096 35.89130457524829 17.872388128255334 17.89117425740548 17.945652287624146
 37385264 16 33246.04 33281.088 33462.048 35.75180000937181 35.94619406673243 35.98408857115013 17.875900004685906 17.973097033366216 17.992044285575066
 41123784 16 36551.952 36772.013 36818.981 35.7413771988964 35.787028792794125 36.00248457319051 17.8706885994482 17.893514396397062 18.001242286595254
 45236160 16 40177.822 40199.995 40555.954 35.6928385903584 36.00888806080697 36.028760344450724 17.8464192951792 18.004444030403484 18.014380172225362
 49759776 16 44142.008 44247.15 44538.975 35.75099858045678 35.986788572823336 36.07250562774579 17.87549929022839 17.993394286411668 18.036252813872895
 54735752 16 48686.028 48714.161 48764.944 35.91809854226429 35.95554204454019 35.97631879109136 17.959049271132145 17.977771022270094 17.98815939554568
 60209320 16 53717.136 53786.993 53822.994 35.79693541388649 35.82089521159883 35.86747886186635 17.898467706943244 17.910447605799416 17.933739430933176
 66230248 16 59185.982 59213.161 59338.093 35.71681914348006 35.792176945257154 35.80861319492849 17.85840957174003 17.896088472628577 17.904306597464245
 72853272 8 35552.979 35604.0 35681.963 32.66783141947655 32.73936501516684 32.78634828321981 16.333915709738275 16.36968250758342 16.393174141609904
 80138592 8 38853.168 38880.11 39115.906 32.77995074433402 32.978751140364565 33.0016196362675 16.38997537216701 16.489375570182283 16.50080981813375
 88152448 8 42712.927 42745.113 43113.947 32.71422048183155 32.99650109709618 33.02136535854824 16.357110240915777 16.49825054854809 16.51068267927412
 96967688 8 47122.002 47217.846 47338.009 32.77457250050377 32.857979332644696 32.92481096197908 16.387286250251886 16.428989666322348 16.46240548098954
 106664456 8 51942.11 51981.211 52309.99 32.625341660359716 32.83169559093188 32.85641064639076 16.312670830179858 16.41584779546594 16.42820532319538
 117330896 8 56962.967 57055.95 57209.969 32.81411209993839 32.90269176133252 32.95640018189362 16.407056049969196 16.45134588066626 16.47820009094681
 129063984 8 62849.045 62870.979 62884.092 32.83857138304549 32.845420523831834 32.85688341008205 16.419285691522745 16.422710261915917 16.428441705041024
 141970376 4 40344.0 40361.881 40544.033 28.01307427901906 28.13949647193103 28.151968272853463 14.00653713950953 14.069748235965514 14.075984136426731
 156167408 4 44365.168 44442.892 44464.111 28.097700277871294 28.11111536125957 28.160363643838792 14.048850138935647 14.055557680629786 14.080181821919396
 171784144 4 48906.088 48965.931 48998.117 28.047468681296465 28.065904679725175 28.100246987655197 14.023734340648232 14.032952339862588 14.050123493827599
 188962552 4 53710.938 53788.9 53802.967 28.09697123208837 28.10431921827738 28.145112937703676 14.048485616044186 14.05215960913869 14.072556468851838
 207858800 4 59267.044 59282.064 59372.902 28.007227943818545 28.050143463291025 28.05725218892307 14.003613971909273 14.025071731645513 14.028626094461535
 228644680 4 65008.879 65042.973 65099.001 28.098087711054124 28.122291396489516 28.137040172620107 14.049043855527062 14.061145698244758 14.068520086310054
 251509144 4 71563.959 71583.986 71645.021 28.083921588912652 28.107866918726767 28.115732836971752 14.041960794456326 14.053933459363384 14.057866418485876
 276660056 2 50793.171 50904.036 51141.024 21.63899228924317 21.739734428916403 21.787185210389794 10.819496144621585 10.869867214458202 10.893592605194897
 304326056 2 55990.934 56111.813 56134.939 21.685321934704515 21.694259353195378 21.741095156583743 10.842660967352257 10.847129676597689 10.870547578291871
 334758656 2 61577.082 61585.903 61603.069 21.736492121845423 21.742550791209474 21.745665440918422 10.868246060922711 10.871275395604737 10.872832720459211
 368234520 2 67727.089 67787.886 67806.959 21.72252084037569 21.72863275305561 21.748138030854978 10.861260420187845 10.864316376527805 10.874069015427489
 405057968 2 74532.986 74617.147 74716.091 21.685179863063233 21.713934894884147 21.73845379011113 10.842589931531617 10.856967447442074 10.869226895055565
 445563760 2 81896.067 81924.915 81928.015 21.753914579768594 21.7547377375979 21.762400873292243 10.876957289884297 10.87736886879895 10.881200436646122
 490120136 2 89988.947 89996.099 90289.116 21.7133651413754 21.784061373593538 21.785792692962612 10.8566825706877 10.892030686796769 10.892896346481306
 539132144 1 49645.185 49710.035 49751.997 21.67278406935102 21.69107883347899 21.719413232119088 10.83639203467551 10.845539416739495 10.859706616059544
 593045352 1 54551.84 54648.876 54657.936 21.700246858937373 21.703844448694607 21.742450923745192 10.850123429468686 10.851922224347303 10.871225461872596
 652349880 1 60034.037 60050.964 60066.938 21.72076359211119 21.72654147567057 21.73266741998377 10.860381796055595 10.863270737835284 10.866333709991885
 717584864 1 66030.025 66151.857 66221.952 21.67211452782304 21.695078461667368 21.73510805122367 10.83605726391152 10.847539230833684 10.867554025611835
 789343344 1 72602.034 72678.804 72748.899 21.700489075442913 21.721418090479307 21.744386500245984 10.850244537721457 10.860709045239654 10.872193250122992
 868277672 1 79866.886 79887.152 80008.984 21.70450438415766 21.737604865423165 21.743120722147598 10.85225219207883 10.868802432711583 10.871560361073799
 955105432 1 87805.033 87834.835 87999.105 21.707162408072218 21.747759462404638 21.755140892663864 10.853581204036109 10.873879731202319 10.877570446331932
 1050615968 1 96601.009 96637.011 96733.093 21.721955442901017 21.74355264361395 21.75165619646892 10.860977721450508 10.871776321806975 10.87582809823446
 
META_DATA
 FLOPS          8
 ERT_VERSION  1.1.0
 HOSTNAME  ('graoully-1.nancy.grid5000.fr', [], ['172.16.70.1'])
 UNAME  uname_result(system='Linux', node='graoully-1.nancy.grid5000.fr', release='4.19.0-14-amd64', version='#1 SMP Debian 4.19.171-2 (2021-01-30)', machine='x86_64', processor='')
 TIMESTAMP_DATA  1615912966.190733
 CONFIG  {'ERT_RESULTS': ['Results.graoully.01'], 'ERT_DRIVER': ['driver1'], 'ERT_KERNEL': ['kernel1'], 'ERT_OPENMP': ['False'], 'ERT_FLOPS': ['1,2,4,8,16,32'], 'ERT_ALIGN': ['64'], 'ERT_CC': ['g++'], 'ERT_CFLAGS': ['-O3', '-march=native', '-DERT_INTEL', '-fpermissive'], 'ERT_LD': ['g++'], 'ERT_LDFLAGS': [], 'ERT_LDLIBS': [], 'ERT_PRECISION': ['FP64'], 'ERT_RUN': ['ERT_CODE'], 'ERT_NUM_EXPERIMENTS': ['3'], 'ERT_MEMORY_MAX': ['1073741824'], 'ERT_WORKING_SET_MIN': ['1'], 'ERT_TRIALS_MIN': ['1'], 'ERT_GNUPLOT': ['gnuplo'], 'ERT_MPI': [False], 'ERT_GPU': [False], 'ERT_HIP': [False], 'ERT_OCL': [False], 'ERT_SYCL': [False], 'ERT_WSS_MULT': [1.1]}
 TIMESTAMP_DATA  1615913004.4291105
 TIMESTAMP_DATA  1615913042.6379614
 