fp64
 8 134217728 5308701.038 5308810.949 5309226.99 0.4044814154762669 0.40451311388372446 0.4045214888968476 0.8089628309525339 0.8090262277674489 0.8090429777936952
 16 67108864 2654704.809 2654797.077 2655009.031 0.8088423138776133 0.8089068903250115 0.808935005021871 1.6176846277552266 1.617813780650023 1.617870010043742
 24 33554432 1327223.063 1327267.885 1327301.979 1.213448605880516 1.2134797761644027 1.2135207569098727 2.426897211761032 2.4269595523288054 2.4270415138197454
 32 33554432 1328070.164 1328089.952 1328151.941 1.6168960656588012 1.6169715347714642 1.616995627348496 3.2337921313176023 3.2339430695429283 3.233991254696992
 40 16777216 880486.965 881040.096 882046.938 1.521661968515331 1.5234009054679845 1.5243579216416907 3.043323937030662 3.046801810935969 3.0487158432833814
 48 16777216 877231.121 877243.996 877314.091 1.83584505540559 1.8359917461321673 1.8360186927294386 3.67169011081118 3.6719834922643346 3.6720373854588773
 56 16777216 1170542.002 1171406.031 1172678.947 1.602355185796646 1.6040963955050695 1.6052804502439373 3.204710371593292 3.208192791010139 3.2105609004878746
 64 16777216 1167261.839 1167343.14 1167377.949 1.8395787326971345 1.8396335870873413 1.8397617194782636 3.679157465394269 3.6792671741746825 3.6795234389565272
 72 8388608 729940.891 730018.854 731615.067 1.6510862152596975 1.6546963758281235 1.6548731094446936 3.302172430519395 3.309392751656247 3.309746218889387
 80 8388608 728682.995 728713.036 728770.018 1.8417021101985014 1.841846122813151 1.8419220555572318 3.6834042203970028 3.683692245626302 3.6838441111144635
 88 8388608 876439.095 876457.93 877465.01 1.6825685254389802 1.684501853956641 1.6845380545239141 3.3651370508779603 3.369003707913282 3.3690761090478283
 96 8388608 873730.898 873801.947 873891.115 1.8430359439001736 1.8432240183598492 1.8433739034372572 3.686071887800347 3.6864480367196983 3.6867478068745143
 104 8388608 1022663.116 1022942.066 1023248.911 1.705186729487758 1.7056982227965198 1.7061634830682602 3.410373458975516 3.4113964455930397 3.4123269661365203
 112 8388608 1018810.034 1018982.172 1018984.079 1.8440407762249247 1.8440442273017508 1.8443557967549424 3.6880815524498494 3.6880884546035015 3.688711593509885
 120 8388608 1167616.129 1167720.079 1169841.051 1.7209739034880218 1.724099770318328 1.7242532626919542 3.4419478069760436 3.448199540636656 3.4485065253839084
 128 8388608 1164026.022 1164062.023 1164199.829 1.8446005526771128 1.8448189233641892 1.8448759799289092 3.6892011053542255 3.6896378467283784 3.6897519598578183
 136 4194304 656674.147 656962.872 657523.87 1.735071135896557 1.7365527591032575 1.7373162826828934 3.470142271793114 3.473105518206515 3.474632565365787
 144 4194304 654451.132 654536.963 654587.984 1.8453738558085109 1.845517702260002 1.8457597411566553 3.6907477116170218 3.691035404520004 3.6915194823133106
 152 4194304 729355.097 730087.042 730187.893 1.7462196076154333 1.746460822680921 1.748213485097507 3.4924392152308665 3.492921645361842 3.496426970195014
 160 4194304 727019.072 727111.816 727118.015 1.8458864342674826 1.8459021713931274 1.8461376485044947 3.691772868534965 3.691804342786255 3.6922752970089894
 176 4194304 799623.966 799633.026 799697.161 1.8461926339138273 1.8463407087940862 1.846361628435734 3.6923852678276545 3.6926814175881724 3.692723256871468
 192 4194304 872159.004 872184.992 872385.025 1.8462177706454783 1.8466411951284756 1.8466962200851167 3.6924355412909566 3.693282390256951 3.6933924401702334
 208 4194304 944710.97 944758.177 944763.899 1.8468428629066405 1.846854048451385 1.8469463353431794 3.693685725813281 3.69370809690277 3.693892670686359
 224 4194304 1017306.805 1017313.004 1017315.865 1.8470646695360442 1.8470698640553305 1.847081119249959 3.6941293390720884 3.694139728110661 3.694162238499918
 240 4194304 1089786.053 1089802.98 1089854.956 1.8472787676161193 1.8473668699272596 1.847395563980483 3.6945575352322386 3.6947337398545192 3.694791127960966
 264 2097152 619608.879 620093.107 621028.185 1.7830048341525755 1.7856935410185102 1.7870890710718819 3.566009668305151 3.5713870820370204 3.5741781421437637
 288 2097152 653613.091 653624.058 653650.999 1.8480191323015176 1.8480953037380394 1.8481263130025039 3.696038264603035 3.696190607476079 3.6962526260050077
 312 2097152 727977.037 729995.966 730402.946 1.7916450846297653 1.7926439445557154 1.7976155585797686 3.5832901692595307 3.585287889111431 3.5952311171595372
 336 2097152 762459.04 762462.854 762557.03 1.8481058970763142 1.848334166847163 1.8483434126507305 3.6962117941526285 3.696668333694326 3.696686825301461
 368 2097152 835071.087 835074.186 835076.809 1.848337608427107 1.848343414126323 1.8483502734420498 3.696675216854214 3.696686828252646 3.6967005468840997
 400 2097152 907635.927 907653.093 907687.187 1.8483477832765747 1.8484172124117908 1.8484521712856348 3.6966955665531493 3.6968344248235816 3.6969043425712695
 440 2097152 1019777.06 1020485.878 1021327.972 1.8069550728020207 1.8084461527452904 1.8097031521772025 3.6139101456040414 3.616892305490581 3.619406304354405
 480 2097152 1088958.979 1088963.985 1088965.893 1.8487869390047096 1.8487901783087892 1.8487986772915894 3.697573878009419 3.6975803566175784 3.697597354583179
 528 1048576 598841.906 598927.021 598968.029 1.84867338887632 1.8487999658976815 1.8490627407761941 3.69734677775264 3.697599931795363 3.6981254815523883
 576 1048576 653254.986 653271.198 653282.881 1.8490604715539756 1.8490935398624446 1.8491394293008887 3.698120943107951 3.6981870797248892 3.6982788586017774
 632 1048576 727619.886 728207.111 728250.98 1.8199770414315133 1.820086681356233 1.8215555807390345 3.6399540828630266 3.640173362712466 3.643111161478069
 688 1048576 798262.119 798272.133 798308.134 1.807373011183674 1.8074545212766435 1.8074771953446536 3.614746022367348 3.614909042553287 3.614954390689307
 752 1048576 852807.045 852808.952 852828.979 1.8492081564221796 1.8492515824341391 1.8492557176283644 3.6984163128443592 3.6985031648682782 3.6985114352567288
 824 1048576 945415.02 947333.813 948836.803 1.8212333696756913 1.82412284274709 1.8278250413241794 3.6424667393513825 3.64824568549418 3.655650082648359
 904 1048576 1036931.038 1039116.859 1040330.887 1.8223292528274226 1.824458328800919 1.8283042348280063 3.6446585056548453 3.648916657601838 3.6566084696560126
 992 1048576 1124688.864 1124701.977 1124816.895 1.8495230585952394 1.8497120362045918 1.849733602412551 3.6990461171904787 3.6994240724091836 3.699467204825102
 1088 524288 616871.119 616874.933 616904.974 1.8493134860021407 1.849403545142918 1.8494149796628754 3.6986269720042815 3.698807090285836 3.6988299593257508
 1192 524288 682162.046 683501.005 683511.019 1.8286502444812818 1.8286770361076499 1.8322663937829224 3.6573004889625635 3.6573540722152997 3.664532787565845
 1304 524288 744114.876 744503.021 747874.975 1.828304395397105 1.8365850311304512 1.8375430301167637 3.65660879079421 3.6731700622609025 3.6750860602335274
 1432 524288 812891.96 815356.97 826954.842 1.8157712558626027 1.8415993083373041 1.8471837659705725 3.6315425117252054 3.6831986166746082 3.694367531941145
 1568 524288 908379.078 908450.842 908517.122 1.8097261220355956 1.8098581585111242 1.8100011413957293 3.619452244071191 3.6197163170222484 3.6200022827914586
 1720 524288 974797.964 975842.953 976511.002 1.8469333333737494 1.8481977191672152 1.8501789977066467 3.693866666747499 3.6963954383344304 3.7003579954132935
 1888 524288 1092847.109 1093149.185 1093498.945 1.8104374924659847 1.8110167533994912 1.8115173400710345 3.6208749849319695 3.6220335067989824 3.623034680142069
 2072 262144 588025.093 588342.19 588670.969 1.8453852715811434 1.8464165148516716 1.8474122089888432 3.690770543162287 3.692833029703343 3.6948244179776863
 2272 262144 657943.964 658046.007 658047.199 1.8101776556608367 1.8101809346591782 1.8104616824176838 3.6203553113216733 3.6203618693183564 3.6209233648353676
 2496 262144 722776.175 722918.987 722922.087 1.810185179748146 1.8101929421311491 1.8105506147874892 3.620370359496292 3.6203858842622982 3.6211012295749785
 2744 262144 777848.959 778835.058 779052.019 1.8466626578372296 1.8471770848302003 1.8495187984175214 3.693325315674459 3.6943541696604005 3.699037596835043
 3016 262144 853416.204 853432.178 853547.812 1.8525647723176402 1.8528157816894504 1.8528504621644142 3.7051295446352803 3.7056315633789008 3.7057009243288284
 3312 262144 958855.867 959141.97 959223.032 1.8102587178077683 1.8104117120430043 1.8109519019087361 3.6205174356155365 3.6208234240860087 3.6219038038174722
 3640 262144 1028313.875 1028344.154 1029911.995 1.8529819336651185 1.8558070394787307 1.8558616842547222 3.705963867330237 3.7116140789574614 3.7117233685094444
 4000 262144 1156837.94 1157974.958 1158484.936 1.8102540092070734 1.8110512541843757 1.8128312769548343 3.6205080184141467 3.6221025083687515 3.6256625539096685
 4400 131072 636747.837 636761.189 637060.881 1.8105547435112406 1.8114068820862135 1.81144486557557 3.621109487022481 3.622813764172427 3.62288973115114
 4840 131072 683321.953 684445.858 684720.039 1.852986458309277 1.8537287429972291 1.8567776937791431 3.705972916618554 3.7074574859944582 3.7135553875582863
 5320 131072 750923.872 751379.967 751767.874 1.8551019912298088 1.856059705142498 1.8571870358650684 3.7102039824596176 3.712119410284996 3.714374071730137
 5848 131072 825215.101 825324.059 825340.986 1.8574360634017997 1.8574741585232277 1.8577194117537117 3.7148721268035994 3.7149483170464555 3.7154388235074234
 6432 131072 929749.012 929917.812 930454.016 1.812137063203347 1.8131819675263947 1.813511158643748 3.624274126406694 3.6263639350527894 3.627022317287496
 7072 131072 1022469.044 1023731.947 1023758.173 1.81085965112974 1.810906041794161 1.8131427830298206 3.62171930225948 3.621812083588322 3.626285566059641
 7776 131072 1123986.006 1124372.005 1124710.083 1.812406392376941 1.8129513496736342 1.813573952983895 3.624812784753882 3.6259026993472685 3.62714790596779
 8552 65536 603651.047 605929.136 608800.888 1.8412058295158074 1.8499320752253774 1.8569134429083496 3.6824116590316147 3.699864150450755 3.713826885816699
 9400 65536 662938.118 663074.97 663490.057 1.8569634721745345 1.8581259371018033 1.8585095147598678 3.713926944349069 3.7162518742036066 3.7170190295197356
 10336 65536 747216.94 747649.908 748182.058 1.810736006716697 1.812024822719566 1.8130747838773573 3.621472013433394 3.624049645439132 3.6261495677547146
 11368 65536 801675.081 802023.888 802448.988 1.8568488692517362 1.8578330624486337 1.8586414013784223 3.7136977385034724 3.7156661248972673 3.7172828027568445
 12504 65536 881520.033 881691.933 900645.018 1.8197228155877057 1.8588400626775385 1.8592025440674242 3.6394456311754113 3.717680125355077 3.7184050881348485
 13752 65536 969501.972 969629.049 978273.869 1.8425332630447682 1.8589605435800016 1.8592042059301763 3.6850665260895363 3.7179210871600032 3.7184084118603526
 15120 65536 1093288.183 1093472.004 1094621.897 1.810496067575012 1.8123999816642768 1.812704711178608 3.620992135150024 3.6247999633285537 3.625409422357216
 16632 32768 586192.846 586196.899 586215.973 1.859374022891048 1.859434524234834 1.859447380563904 3.718748045782096 3.718869048469668 3.718894761127808
 18288 32768 661329.031 661909.103 664214.134 1.8044216565858262 1.8107053711270682 1.8122935964079883 3.6088433131716524 3.6214107422541364 3.6245871928159765
 20112 32768 727276.087 727527.142 727694.988 1.8112808989142029 1.8116987750815763 1.812324171741948 3.6225617978284057 3.6233975501631526 3.624648343483896
 22120 32768 779635.191 779639.006 779652.834 1.8593613167062508 1.859394295107908 1.8594033937085328 3.7187226334125016 3.718788590215816 3.7188067874170656
 24328 32768 857404.947 857405.901 857426.882 1.8594702842545123 1.8595157860944094 1.859517855102835 3.7189405685090247 3.7190315721888187 3.71903571020567
 26760 32768 943055.868 943705.082 943722.01 1.8583262246898322 1.8583595589877304 1.859638881967065 3.7166524493796644 3.716719117975461 3.71927776393413
 29432 32768 1037216.902 1037266.97 1037315.13 1.859469216456912 1.8595555510651227 1.8596453145727856 3.718938432913824 3.7191111021302454 3.719290629145571
 32368 32768 1151533.127 1151640.177 1152300.119 1.8408999643607604 1.84195488344794 1.8421261171412222 3.681799928721521 3.68390976689588 3.6842522342824444
 35600 16384 635283.947 635398.149 635755.062 1.834890305600115 1.8359209919574377 1.8362510268184062 3.66978061120023 3.6718419839148755 3.6725020536368125
 39160 16384 689954.996 690044.88 691462.04 1.8557705351402949 1.8595817709711866 1.8598240282906797 3.7115410702805898 3.719163541942373 3.7196480565813594
 43072 16384 774060.011 774221.897 774260.044 1.8228801898500135 1.822970005716591 1.8233512595188175 3.645760379700027 3.645940011433182 3.646702519037635
 47376 16384 854869.127 854936.123 855062.008 1.8155604546518456 1.8158277867035455 1.8159700929286222 3.631120909303691 3.631655573407091 3.6319401858572444
 52112 16384 944612.98 944772.005 944813.967 1.807346287885687 1.8074265610780877 1.8077308402008196 3.614692575771374 3.6148531221561755 3.6154616804016393
 57320 16384 1010011.911 1027386.189 1028490.067 1.826232279985646 1.8281944804301822 1.859643178010007 3.652464559971292 3.6563889608603644 3.719286356020014
 63048 16384 1110847.95 1130310.059 1130964.041 1.8267219726749915 1.8277788891198392 1.8598016623247133 3.653443945349983 3.6555577782396784 3.7196033246494267
 69352 8192 611029.863 621857.882 622155.19 1.8263339858982772 1.8272071495589726 1.8595869642462954 3.6526679717965544 3.654414299117945 3.719173928492591
 76280 8192 672209.024 683686.018 684493.065 1.8258351821285435 1.8279904621363776 1.8592007476531587 3.651670364257087 3.6559809242727552 3.7184014953063174
 83904 8192 760454.893 760776.997 760881.901 1.8066971157985265 1.8069462423559581 1.8077116061110017 3.613394231597053 3.6138924847119163 3.6154232122220034
 92288 8192 836682.796 836719.036 836802.959 1.8069326545008069 1.8071138900203054 1.807192163181517 3.6138653090016137 3.614227780040611 3.614384326363034
 101512 8192 894590.139 911051.035 912496.09 1.8226627228616399 1.8255537221358844 1.859144803294104 3.6453254457232798 3.651107444271769 3.718289606588208
 111656 8192 984045.029 1002085.924 1003662.109 1.8226969889524842 1.8255639164132198 1.8590327170892096 3.6453939779049684 3.6511278328264396 3.718065434178419
 122816 8192 1113457.918 1113533.02 1113589.048 1.8069658170704281 1.8070567355065952 1.8071786202880098 3.6139316341408563 3.6141134710131904 3.6143572405760196
 135096 4096 595380.068 595530.033 612020.016 1.8082847015905439 1.858355365261654 1.8588234498975535 3.6165694031810878 3.716710730523308 3.717646899795107
 148600 4096 655086.994 655185.938 673326.969 1.8079347123254765 1.8579934784864083 1.8582741088582813 3.615869424650953 3.7159869569728166 3.7165482177165625
 163456 4096 740954.876 740981.817 741017.103 1.807018416415687 1.8071044677200223 1.8071701737475303 3.614036832831374 3.6142089354400446 3.6143403474950606
 179800 4096 792774.916 814650.059 814762.831 1.807791843170126 1.8080420957779617 1.8579316402084551 3.615583686340252 3.6160841915559234 3.7158632804169103
 197776 4096 896399.021 896461.964 896570.921 1.8070862594929065 1.8073058947986778 1.8074327995054786 3.614172518985813 3.6146117895973555 3.6148655990109573
 217552 4096 986078.978 986181.021 986281.157 1.8069755985412181 1.8071590773394128 1.807346088661876 3.6139511970824363 3.6143181546788257 3.614692177323752
 239304 4096 1055613.041 1084181.07 1084341.049 1.8078983266453836 1.8081650955222819 1.857099421718872 3.6157966532907673 3.6163301910445638 3.714198843437744
 263232 2048 596380.949 596466.064 596523.046 1.8074712774802002 1.8076439500504424 1.8079019355126986 3.6149425549604004 3.615287900100885 3.6158038710253972
 289552 2048 656084.061 656116.009 656142.95 1.8075405549964378 1.8076147750267741 1.8077027967914618 3.6150811099928757 3.6152295500535483 3.6154055935829237
 318504 2048 702855.11 721556.902 721584.082 1.8079561572146765 1.8080242602959675 1.8561327440587292 3.615912314429353 3.616048520591935 3.7122654881174584
 350352 2048 793955.088 793998.957 794008.017 1.8073391719922647 1.8073597948063804 1.8074596582218767 3.6146783439845294 3.614719589612761 3.6149193164437534
 385384 2048 872732.162 872806.072 873003.006 1.8081642939955695 1.8085722758354046 1.8087254403258717 3.616328587991139 3.617144551670809 3.6174508806517434
 423920 2048 960592.031 960653.067 960680.962 1.807443249822619 1.8074957335247854 1.807610581770483 3.614886499645238 3.614991467049571 3.615221163540966
 466312 2048 1056024.075 1056239.128 1056393.147 1.8080521985817082 1.8083158456898216 1.8086840984188735 3.6161043971634164 3.6166316913796432 3.617368196837747
 512936 2048 1161764.145 1161921.024 1161971.092 1.8081223108431685 1.8082002241143713 1.8084443947097368 3.616244621686337 3.6164004482287426 3.6168887894194737
 564224 1024 638967.991 639001.131 639128.923 1.8079775619855654 1.8083391342229096 1.8084329235202643 3.6159551239711307 3.616678268445819 3.6168658470405286
 620640 1024 702810.049 702872.038 702898.026 1.808328766027862 1.808395627199499 1.808555130662339 3.616657532055724 3.616791254398998 3.617110261324678
 682704 1024 773021.936 773092.985 773272.991 1.8081296104650835 1.808550613093456 1.8087168382761132 3.616259220930167 3.617101226186912 3.6174336765522264
 750968 1024 849938.869 850034.952 850057.84 1.8092680187503476 1.8093167350135033 1.8095212727587353 3.618536037500695 3.6186334700270066 3.6190425455174706
 826064 1024 935489.893 935587.883 935648.918 1.8081344823400953 1.808252439712283 1.8084418491948369 3.6162689646801907 3.616504879424566 3.6168836983896737
 908664 1024 1023972.034 1023991.108 1023996.115 1.8173348948692054 1.817343781075099 1.8173776335770513 3.634669789738411 3.634687562150198 3.6347552671541026
 999528 1024 1130981.922 1131211.996 1131280.184 1.8094839571591046 1.809593030518039 1.8099611533843776 3.618967914318209 3.619186061036078 3.619922306768755
 1099480 512 609578.848 621455.193 621758.223 1.8107802653057956 1.811663226378414 1.846959624163337 3.6215605306115912 3.623326452756828 3.693919248326674
 1209424 512 684260.13 684326.172 684350.014 1.80967363288459 1.8097366821153815 1.8099113505268822 3.61934726576918 3.619473364230763 3.6198227010537645
 1330360 512 738855.124 739031.076 752218.962 1.8110267207010398 1.8433441897644913 1.8437831663464246 3.6220534414020795 3.6866883795289827 3.687566332692849
 1463392 512 827713.013 827913.046 827976.942 1.8098492022981962 1.8099888813685878 1.8104263004984313 3.6196984045963925 3.6199777627371756 3.6208526009968627
 1609728 512 910672.903 910765.886 910961.866 1.8094736272967105 1.809862992606642 1.8100477861698272 3.618947254593421 3.619725985213284 3.6200955723396544
 1770696 512 988121.033 988703.012 1001291.037 1.8108548234213344 1.8339103674137487 1.8349904955418552 3.621709646842669 3.6678207348274974 3.6699809910837105
 1947760 512 1101706.982 1101990.938 1102226.973 1.8095240715906522 1.8099116528306693 1.810378142815473 3.6190481431813044 3.6198233056613387 3.620756285630946
 2142536 256 597207.069 597788.095 604168.892 1.8156817514530357 1.8350623593465842 1.8368477014795686 3.6313635029060713 3.6701247186931685 3.673695402959137
 2356784 256 665682.077 665745.02 665906.906 1.8120752272240288 1.8125158608020828 1.8126872416906004 3.6241504544480576 3.6250317216041656 3.6253744833812007
 2592456 256 724766.016 725039.005 731743.097 1.8139391781648746 1.830711813911308 1.8314013663687014 3.627878356329749 3.661423627822616 3.662802732737403
 2851696 256 805377.007 805411.1 805449.009 1.8127384051446516 1.8128237269141187 1.8129004668741429 3.625476810289303 3.6256474538282375 3.6258009337482857
 3136864 256 885263.92 885716.915 885751.009 1.8132345903994338 1.813304387440766 1.8142322664635422 3.6264691807988676 3.626608774881532 3.6284645329270844
 3450544 256 973883.867 974179.029 974405.05 1.8130843307924152 1.8135049876956446 1.814054619717815 3.6261686615848303 3.627009975391289 3.62810923943563
 3795592 256 1064547.062 1071346.045 1071633.101 1.8134407216299677 1.8139266141594803 1.8255116878994309 3.6268814432599354 3.6278532283189606 3.6510233757988617
 4175144 256 1171816.111 1178848.028 1179210.186 1.8128012744286117 1.813358191408876 1.8242399195004755 3.6256025488572234 3.626716382817752 3.648479839000951
 4592656 128 646515.131 646524.906 646744.013 1.8179061767364204 1.818522264322482 1.818549759510578 3.635812353472841 3.637044528644964 3.637099519021156
 5051920 128 710981.131 711338.043 711386.919 1.8179860852909497 1.8181109990204756 1.8190236893923981 3.6359721705818995 3.636221998040951 3.6380473787847962
 5557112 128 778764.963 782104.015 782666.922 1.8176578465392206 1.8189660770377198 1.8267651211730234 3.635315693078441 3.6379321540754397 3.6535302423460467
 6112816 128 860102.177 860642.91 860846.996 1.8178385976501683 1.8182696654062949 1.8194127835581562 3.6356771953003366 3.6365393308125897 3.6388255671163123
 6724096 128 945935.965 947015.047 947044.134 1.8176223411357932 1.8176781683174246 1.8197516953486381 3.6352446822715865 3.635356336634849 3.6395033906972762
 7396504 128 1037308.931 1040184.021 1040731.192 1.8193987444166082 1.8203558079844797 1.8254012545468001 3.6387974888332164 3.6407116159689594 3.6508025090936003
 8136152 128 1142246.962 1145197.868 1145624.161 1.8180961810214478 1.8187729563604111 1.8234716145386431 3.6361923620428955 3.6375459127208223 3.6469432290772863
 8949760 64 625974.178 626425.982 626578.093 1.828294498001225 1.828738451017825 1.8300583638451615 3.65658899600245 3.65747690203565 3.660116727690323
 9844736 64 687973.022 688584.089 688838.959 1.8293480523072445 1.830025160514564 1.83165061376491 3.658696104614489 3.660050321029128 3.66330122752982
 10829208 64 756973.982 757403.851 757699.013 1.8294053446259404 1.8301182680413912 1.8311575522552108 3.658810689251881 3.6602365360827824 3.6623151045104216
 11912128 64 833394.051 833467.96 833719.969 1.8288543404194266 1.8294073163892226 1.8295695561666543 3.6577086808388533 3.658814632778445 3.6591391123333086
 13103336 64 915615.082 917156.935 917212.009 1.8286143133130304 1.828724119062568 1.831803605000032 3.6572286266260607 3.657448238125136 3.663607210000064
 14413664 64 1008607.149 1008841.038 1008891.106 1.828689916114693 1.8287806725800544 1.8292047541296974 3.657379832229386 3.657561345160109 3.658409508259395
 15855024 64 1109312.057 1109441.996 1109677.792 1.828857968169557 1.829246665726542 1.8294609340931374 3.657715936339114 3.658493331453084 3.6589218681862747
 17440520 32 601099.968 601661.921 602239.132 1.8534054343051225 1.8551835192508388 1.8569178829169395 3.706810868610245 3.7103670385016776 3.713835765833879
 19184568 32 648643.97 650606.871 653629.065 1.8784543370940825 1.8871801186372652 1.8928910292652532 3.756908674188165 3.7743602372745304 3.7857820585305064
 21103024 32 712597.847 712959.051 714081.049 1.8913728881215557 1.8943493796812745 1.8953095938837439 3.7827457762431114 3.788698759362549 3.7906191877674877
 23213320 32 784177.065 784940.958 785530.09 1.8912738021276818 1.8926932845820488 1.8945370201562832 3.7825476042553636 3.7853865691640975 3.7890740403125664
 25534648 32 861901.045 862558.126 862811.089 1.894061739394265 1.8946172121506393 1.8960615971871804 3.78812347878853 3.7892344243012785 3.7921231943743607
 28088112 32 948855.877 949664.116 950894.117 1.8904724888523 1.8929210209307308 1.894533418166308 3.7809449777046 3.7858420418614616 3.789066836332616
 30896920 32 1042957.067 1043567.181 1043694.973 1.8946176144895546 1.8948496234858119 1.8959580816570658 3.789235228979109 3.7896992469716237 3.7919161633141316
 33986608 16 560742.855 561029.196 561427.832 1.9371527274052207 1.9385291598977676 1.9395190617275009 3.8743054548104414 3.8770583197955353 3.8790381234550018
 37385264 16 617061.853 617079.973 617902.04 1.9361134460731024 1.9386927146313337 1.938749644275936 3.872226892146205 3.8773854292626675 3.877499288551872
 41123784 16 678544.998 679126.024 679632.187 1.936284233106811 1.937727375324377 1.9393866167737925 3.872568466213622 3.875454750648754 3.878773233547585
 45236160 16 746524.811 746844.053 746855.021 1.9382036396592695 1.9382321037240688 1.9390609644452927 3.876407279318539 3.8764642074481377 3.8781219288905855
 49759776 16 821254.015 821259.975 821604.013 1.9380538639116893 1.9388657434571799 1.9388798141827044 3.8761077278233786 3.8777314869143598 3.8777596283654088
 54735752 16 903235.912 903609.991 903691.053 1.9382111377393487 1.9383850128323779 1.9391878032413752 3.8764222754786974 3.8767700256647557 3.8783756064827504
 60209320 16 993235.826 995568.037 995693.922 1.935030632837387 1.935275308562362 1.939819516739824 3.870061265674774 3.870550617124724 3.879639033479648
 66230248 16 1093213.081 1093954.086 1095898.867 1.933908319297496 1.9373463321019126 1.9386595100575823 3.867816638594992 3.8746926642038253 3.8773190201151646
 72853272 8 573301.792 574190.855 574645.042 2.0284736955931137 2.030078225470867 2.0332264232657415 4.0569473911862275 4.060156450941734 4.066452846531483
 80138592 8 630535.841 631061.792 631065.845 2.0318283458994677 2.031841395335181 2.033536222090823 4.063656691798935 4.063682790670362 4.067072444181646
 88152448 8 693698.883 694740.057 695317.984 2.028480782110764 2.030168195699704 2.033215279085291 4.056961564221528 4.060336391399408 4.066430558170582
 96967688 8 763559.103 763707.876 763854.98 2.0311224625386353 2.0315136935945386 2.0319095167672963 4.0622449250772705 4.063027387189077 4.0638190335345925
 106664456 8 839278.221 839493.036 839548.111 2.032797493841303 2.0329308556646564 2.0334511885302455 4.065594987682606 4.065861711329313 4.066902377060491
 117330896 8 923644.066 924145.937 924860.001 2.029814603259072 2.0313829892431805 2.0324867609770365 4.059629206518144 4.062765978486361 4.064973521954073
 129063984 8 1015841.007 1016310.93 1017847.061 2.0288153526436328 2.0318818611937983 2.0328217996421167 4.0576307052872655 4.063763722387597 4.0656435992842335
 141970376 4 504740.953 504756.927 505285.025 2.247767006354483 2.25011871506223 2.250189926633514 4.495534012708966 4.50023743012446 4.500379853267028
 156167408 4 555226.088 555619.955 555813.074 2.247768759753931 2.248550025529591 2.250145104853215 4.495537519507862 4.497100051059182 4.50029020970643
 171784144 4 610807.18 610811.949 610913.038 2.249539732363676 2.24991202979888 2.2499295964399106 4.499079464727352 4.49982405959776 4.499859192879821
 188962552 4 671719.074 671746.969 672001.839 2.2495480343469714 2.2504015436800575 2.2504949978538202 4.499096068693943 4.500803087360115 4.5009899957076405
 207858800 4 739429.951 739710.093 739850.998 2.247574720443913 2.248002853734213 2.2488545368647097 4.495149440887826 4.496005707468426 4.497709073729419
 228644680 4 813014.984 813232.183 813930.035 2.247315323607636 2.2492437931468334 2.2498446842893607 4.494630647215272 4.498487586293667 4.499689368578721
 251509144 4 894292.116 894361.019 894668.102 2.2489604217497856 2.2497326127314143 2.249905949075816 4.497920843499571 4.499465225462829 4.499811898151632
 276660056 2 386533.976 386644.84 386984.825 2.859647594708655 2.8621621434285784 2.8629830563717378 5.71929518941731 5.724324286857157 5.7259661127434756
 304326056 2 425204.039 425214.052 425776.958 2.8590185568473157 2.8628033769683605 2.8628707922504004 5.718037113694631 5.725606753936721 5.725741584500801
 334758656 2 467705.965 467727.9 468026.876 2.8610207931734246 2.8628495841278654 2.862983849265211 5.722041586346849 5.725699168255731 5.725967698530422
 368234520 2 514479.876 514598.846 515141.964 2.859285756032875 2.8623035038831004 2.8629653922556924 5.71857151206575 5.724607007766201 5.725930784511385
 405057968 2 565917.969 565921.783 566537.142 2.859886407941812 2.862996125385051 2.863015420526433 5.719772815883624 5.725992250770102 5.726030841052866
 445563760 2 622622.967 622674.942 623301.983 2.8593764958389354 2.862255921645872 2.862494855574449 5.718752991677871 5.724511843291744 5.724989711148898
 490120136 2 684789.896 684805.155 685371.876 2.860462491460621 2.862829711029263 2.8628935027394156 5.720924982921242 5.725659422058526 5.725787005478831
 539132144 1 376669.884 376760.96 377126.932 2.8591548269482914 2.861932106766051 2.862624100842636 5.718309653896583 5.723864213532102 5.725248201685272
 593045352 1 414407.969 414493.084 414897.919 2.858753080417354 2.8615452218257036 2.86213295285352 5.717506160834708 5.723090443651407 5.72426590570704
 652349880 1 455754.995 455790.997 456322.193 2.859163503362634 2.862495680229507 2.8627218007780697 5.718327006725268 5.724991360459014 5.725443601556139
 717584864 1 501329.899 501388.073 501925.945 2.8593256481292277 2.8623930350253866 2.8627251852776485 5.7186512962584555 5.724786070050773 5.725450370555297
 789343344 1 551614.046 551695.108 552164.793 2.8590861062016315 2.8615201858922408 2.861940698297592 5.718172212403263 5.7230403717844816 5.723881396595184
 868277672 1 606643.915 606645.107 607291.937 2.859506669195247 2.862555592985274 2.862561217646104 5.719013338390494 5.725111185970548 5.725122435292208
 955105432 1 667204.142 667433.023 667998.075 2.859605342425575 2.8620262980305062 2.8630081016493447 5.71921068485115 5.7240525960610125 5.726016203298689
 1050615968 1 734189.987 734421.968 735373.974 2.857365109850896 2.8610690142100976 2.861973022249894 5.714730219701792 5.722138028420195 5.723946044499788
 
META_DATA
 FLOPS          32
 ERT_VERSION  1.1.0
 HOSTNAME  ('graoully-2.nancy.grid5000.fr', [], ['172.16.70.2'])
 UNAME  uname_result(system='Linux', node='graoully-2.nancy.grid5000.fr', release='4.19.0-14-amd64', version='#1 SMP Debian 4.19.171-2 (2021-01-30)', machine='x86_64', processor='')
 TIMESTAMP_DATA  1615576027.346868
 CONFIG  {'ERT_RESULTS': ['Results.graoully.01'], 'ERT_DRIVER': ['driver1'], 'ERT_KERNEL': ['kernel1'], 'ERT_OPENMP': ['False'], 'ERT_FLOPS': ['1,2,4,8,16,32'], 'ERT_ALIGN': ['64'], 'ERT_CC': ['g++'], 'ERT_CFLAGS': ['-O3'], 'ERT_LD': ['g++'], 'ERT_LDFLAGS': [], 'ERT_LDLIBS': [], 'ERT_PRECISION': ['FP64'], 'ERT_RUN': ['ERT_CODE'], 'ERT_NUM_EXPERIMENTS': ['3'], 'ERT_MEMORY_MAX': ['1073741824'], 'ERT_WORKING_SET_MIN': ['1'], 'ERT_TRIALS_MIN': ['1'], 'ERT_GNUPLOT': ['gnuplo'], 'ERT_MPI': [False], 'ERT_GPU': [False], 'ERT_HIP': [False], 'ERT_OCL': [False], 'ERT_SYCL': [False], 'ERT_WSS_MULT': [1.1]}
 TIMESTAMP_DATA  1615576355.9095504
 TIMESTAMP_DATA  1615576684.1546752
 