fp64
 8 134217728 3420433.044 3420953.989 3422775.984 0.6274099321832801 0.6277440897788117 0.6278396975982437 1.2548198643665602 1.2554881795576234 1.2556793951964873
 16 67108864 1711908.817 1712229.013 1718508.959 1.2496202808565051 1.254203515823733 1.254438102470501 2.4992405617130102 2.508407031647466 2.508876204941002
 24 33554432 862258.911 862362.862 862844.944 1.8666305541914376 1.8676740464734902 1.867899206900745 3.7332611083828753 3.7353480929469804 3.73579841380149
 32 33554432 860306.978 860443.115 860496.998 2.495631772093643 2.4957880545072406 2.496182993880122 4.991263544187286 4.991576109014481 4.992365987760244
 40 16777216 430307.15 430443.048 430478.096 3.117875897685628 3.118129764753455 3.1191145208718933 6.235751795371256 6.23625952950691 6.238229041743787
 48 16777216 433997.869 434027.195 434031.963 3.7108159612659684 3.7108567263855434 3.7111074755069824 7.421631922531937 7.421713452771087 7.422214951013965
 56 16777216 510892.868 510947.943 510987.043 3.6772912693991735 3.6775726720168045 3.6779691197411664 7.354582538798347 7.355145344033609 7.355938239482333
 64 16777216 432831.049 432931.9 432963.848 4.959960647799861 4.960326665694997 4.9614824374579465 9.919921295599721 9.920653331389994 9.922964874915893
 72 8388608 217911.959 217931.986 218087.912 5.538865226056178 5.542828173923951 5.543337582495873 11.077730452112355 11.085656347847902 11.086675164991746
 80 8388608 259148.121 259151.936 259439.945 5.1733640322811505 5.179113460298441 5.179189703636709 10.346728064562301 10.358226920596882 10.358379407273418
 88 8388608 321204.185 321208.954 321439.028 4.593079493757055 4.596369402578982 4.596437646041256 9.18615898751411 9.192738805157964 9.192875292082512
 96 8388608 217933.178 217934.847 217990.16 7.388465314214182 7.390340545218085 7.3903971427425335 14.776930628428364 14.78068109043617 14.780794285485067
 104 8388608 258311.987 258379.936 258399.963 6.75244084303526 6.752964223971324 6.754740592042289 13.50488168607052 13.505928447942647 13.509481184084578
 112 8388608 321778.059 321782.112 341749.907 5.498313689372854 5.83950481374179 5.839578366031476 10.996627378745709 11.67900962748358 11.679156732062951
 120 8388608 384783.03 384803.057 407680.035 4.938348084668899 5.231938477037619 5.232210786426833 9.876696169337798 10.463876954075237 10.464421572853666
 128 8388608 259190.083 259425.879 264777.899 8.11050943492833 8.277831249055922 8.285361936475015 16.22101886985666 16.555662498111843 16.57072387295003
 136 4194304 162010.908 162025.928 173774.958 6.565104092846335 7.041161264016954 7.04181404871825 13.13020818569267 14.082322528033908 14.0836280974365
 144 4194304 193876.028 193907.976 201095.104 6.006906821560409 6.229550619413407 6.230577160369719 12.013813643120818 12.459101238826815 12.461154320739437
 152 4194304 224986.792 225004.911 225023.031 5.666390726023063 5.66684704939618 5.667303421082604 11.332781452046126 11.33369409879236 11.334606842165208
 160 4194304 160902.977 160920.858 160922.05 8.340543014459486 8.340604795930183 8.341531679677995 16.681086028918973 16.681209591860366 16.68306335935599
 176 4194304 225302.935 225311.995 225399.017 6.550139515470913 6.552669368534951 6.552932867918475 13.100279030941826 13.105338737069902 13.10586573583695
 192 4194304 193948.984 193955.898 194061.995 8.299475309423672 8.304015256086721 8.304311282187486 16.598950618847343 16.608030512173443 16.608622564374972
 208 4194304 258252.144 258271.933 258517.027 6.749383142178871 6.755788148300264 6.756305821801813 13.498766284357743 13.511576296600529 13.512611643603625
 224 4194304 225261.927 225372.076 225376.129 8.337387816258039 8.337537752458738 8.341614657322895 16.674775632516077 16.675075504917476 16.68322931464579
 240 4194304 289624.214 289789.915 289844.99 6.946009037451363 6.947329136695458 6.951303871298551 13.892018074902726 13.894658273390917 13.902607742597102
 264 2097152 145413.876 145431.995 145467.997 7.611957810899121 7.613842167261749 7.6147908745655055 15.223915621798241 15.227684334523499 15.229581749131011
 288 2097152 144783.974 144896.03 144917.011 8.335526268893304 8.336733256252776 8.343185496483196 16.671052537786608 16.673466512505552 16.686370992966392
 312 2097152 192583.084 192883.968 192914.009 6.783451625848489 6.7845081245943675 6.79510796493424 13.566903251696978 13.569016249188735 13.59021592986848
 336 2097152 193535.089 193542.004 193553.925 7.281103413428584 7.281551884726791 7.281812054247176 14.562206826857167 14.563103769453582 14.563624108494352
 368 2097152 209176.064 209237.099 209257.126 7.376111397037921 7.376817396995167 7.378969861484725 14.752222794075841 14.753634793990335 14.75793972296945
 400 2097152 225795.031 226094.961 226703.882 7.400497888254069 7.420428976300802 7.430285744419239 14.800995776508138 14.840857952601604 14.860571488838477
 440 2097152 256988.049 257003.069 257268.19 7.173423811159864 7.1808238212128135 7.181243513779118 14.346847622319729 14.361647642425627 14.362487027558236
 480 2097152 241436.005 241440.058 241454.84 8.338064045433919 8.338574537618774 8.338714517745602 16.676128090867838 16.677149075237548 16.677429035491205
 528 1048576 144994.02 144996.166 145027.876 7.635058076696923 7.636727829065493 7.636840857298804 15.270116153393847 15.273455658130986 15.273681714597608
 576 1048576 145100.832 145113.945 145157.099 8.321739414205295 8.324214133934543 8.32496640680875 16.64347882841059 16.648428267869086 16.6499328136175
 632 1048576 176779.032 176784.992 176852.942 7.494362542184907 7.497243114392878 7.497495879488695 14.988725084369815 14.994486228785757 14.99499175897739
 688 1048576 185065.985 185384.035 185429.096 7.7810904929396845 7.782981830123614 7.7963574775775255 15.562180985879369 15.565963660247228 15.592714955155051
 752 1048576 201152.086 201165.915 201190.948 7.838614608048866 7.839590041881598 7.840129005671857 15.677229216097732 15.679180083763196 15.680258011343714
 824 1048576 225011.11 225027.084 225142.002 7.675392564022771 7.679312273361725 7.679857443483568 15.350785128045542 15.35862454672345 15.359714886967136
 904 1048576 233636.141 233659.983 233819.008 8.108089347466567 8.113607574815239 8.114435548736443 16.216178694933134 16.227215149630478 16.228871097472886
 992 1048576 249459.028 249598.026 249681.95 8.332099232643769 8.33490078964006 8.339544977301843 16.664198465287537 16.66980157928012 16.679089954603686
 1088 524288 137369.156 137495.995 138461.113 8.23950250927132 8.297337591542213 8.30499888927031 16.47900501854264 16.594675183084426 16.60999777854062
 1192 524288 153583.05 153584.957 153585.911 8.138133139048152 8.138183689435158 8.138284739103696 16.276266278096305 16.276367378870315 16.276569478207392
 1304 524288 174015.999 174165.01 174211.025 7.8487748063017255 7.850848479841042 7.857571211024108 15.697549612603451 15.701696959682083 15.715142422048215
 1432 524288 190150.023 190223.932 190235.138 7.893183392859841 7.8936483764829335 7.896716541548881 15.786366785719682 15.787296752965867 15.793433083097762
 1568 524288 198262.215 198265.076 198314.905 8.290688831482436 8.292772490098054 8.292892157993897 16.581377662964872 16.585544980196108 16.585784315987794
 1720 524288 226322.174 226322.889 226447.105 7.964556314376375 7.968927614740726 7.968952790282052 15.92911262875275 15.937855229481452 15.937905580564104
 1888 524288 238465.071 238469.124 238493.919 8.30088874509207 8.301751836015466 8.301892934248638 16.60177749018414 16.603503672030932 16.603785868497276
 2072 262144 135221.004 135223.866 135244.131 8.03232441931251 8.033528164325666 8.033698196768308 16.06464883862502 16.067056328651333 16.067396393536615
 2272 262144 143325.806 143329.859 143336.058 8.310416461990325 8.310775886551315 8.31101090057711 16.62083292398065 16.62155177310263 16.62202180115422
 2496 262144 157592.058 157593.966 157692.909 8.298552270349708 8.303762391511869 8.303862926899528 16.597104540699416 16.607524783023738 16.607725853799057
 2744 262144 177502.155 177507.877 177663.803 8.097576702216601 8.104689754134121 8.104951018763687 16.195153404433203 16.209379508268242 16.209902037527375
 3016 262144 191165.924 191215.992 191245.079 8.26820023954708 8.269457964582795 8.271623806761712 16.53640047909416 16.53891592916559 16.543247613523423
 3312 262144 211378.813 211381.912 211389.065 8.214435576409782 8.214713546540349 8.214833981492742 16.428871152819564 16.429427093080697 16.429667962985484
 3640 262144 233634.949 233635.902 233943.939 8.157545470754854 8.168300777677567 8.16833409628283 16.31509094150971 16.336601555355134 16.33666819256566
 4000 262144 251788.139 251801.014 251914.978 8.324840454702935 8.328608239838145 8.329034117051874 16.64968090940587 16.65721647967629 16.658068234103748
 4400 131072 141681.194 141753.912 141771.078 8.135887913612395 8.136873146753086 8.141049404199686 16.27177582722479 16.27374629350617 16.282098808399372
 4840 131072 154774.904 154783.01 154817.104 8.19532808209615 8.19713326417415 8.19756257125509 16.3906561641923 16.3942665283483 16.39512514251018
 5320 131072 169777.155 169888.973 169923.067 8.207279356604362 8.208926426319618 8.214332958989683 16.414558713208724 16.417852852639236 16.428665917979366
 5848 131072 187988.997 188026.905 188034.058 8.152874688265252 8.153184843413765 8.154828933950853 16.305749376530503 16.30636968682753 16.309657867901706
 6432 131072 204099.178 204176.903 204275.846 8.25408505712418 8.258084941174763 8.261229783100841 16.50817011424836 16.516169882349526 16.522459566201682
 7072 131072 224154.949 224190.95 224416.971 8.260883121891883 8.269211437839038 8.270539536470373 16.521766243783766 16.538422875678076 16.541079072940747
 7776 131072 246190.786 246254.206 246266.842 8.277329288203566 8.277754021387151 8.279886412970793 16.55465857640713 16.555508042774303 16.559772825941586
 8552 65536 136578.083 136593.103 136600.018 8.20591212513603 8.206327547885051 8.207230028261561 16.41182425027206 16.412655095770102 16.414460056523122
 9400 65536 150640.965 150696.039 150741.1 8.173462977250397 8.17590699912159 8.178896092440725 16.346925954500794 16.35181399824318 16.35779218488145
 10336 65536 164184.093 164254.904 164259.911 8.247661792535613 8.247913206901877 8.25147045152541 16.495323585071226 16.495826413803755 16.50294090305082
 11368 65536 180922.031 180931.091 181138.039 8.225917119484771 8.235325878845224 8.235738277777791 16.451834238969543 16.470651757690447 16.471476555555583
 12504 65536 200340.033 200422.049 200475.931 8.175167362110914 8.177365195982004 8.180712878289283 16.350334724221828 16.354730391964008 16.361425756578566
 13752 65536 219815.969 219919.92 219950.199 8.195046661449032 8.196174971325926 8.20005094352358 16.390093322898064 16.39234994265185 16.40010188704716
 15120 65536 240944.862 240982.056 241253.853 8.214619643815595 8.223884686252324 8.225154184860767 16.42923928763119 16.44776937250465 16.450308369721533
 16632 32768 132957.935 133025.169 133126.02 8.187691271773918 8.193898644849682 8.19804212512777 16.375382543547836 16.387797289699364 16.39608425025554
 18288 32768 145761.967 145812.035 145841.122 8.218000187903106 8.219639537984637 8.22246291448578 16.436000375806213 16.439279075969274 16.44492582897156
 20112 32768 160049.915 160120.01 160429.001 8.215846410462907 8.231700909836315 8.23530604186825 16.431692820925814 16.46340181967263 16.4706120837365
 22120 32768 176076.889 176178.932 176195.86 8.227527706950664 8.228318241820197 8.233086853323494 16.455055413901327 16.456636483640395 16.466173706646988
 24328 32768 193517.923 193518.877 193562.031 8.236945023582647 8.238781832120699 8.238822447469117 16.473890047165295 16.477563664241398 16.477644894938233
 26760 32768 213076.115 213116.884 213574.171 8.211401930245582 8.2290212163575 8.23059571928088 16.422803860491165 16.458042432715 16.46119143856176
 29432 32768 234884.024 235025.883 235038.996 8.206534170185103 8.206992044361344 8.211948684939083 16.413068340370206 16.41398408872269 16.423897369878166
 32368 32768 257762.909 257853.985 258018.017 8.221399701711528 8.226629687340298 8.229536422557986 16.442799403423056 16.453259374680595 16.459072845115973
 35600 16384 141907.93 141949.177 142163.992 8.205599628913065 8.218017354197128 8.220406005499482 16.41119925782613 16.436034708394256 16.440812010998965
 39160 16384 156102.896 156150.103 156233.072 8.213337058366236 8.217701143623325 8.220186254584283 16.42667411673247 16.43540228724665 16.440372509168565
 43072 16384 171428.919 171447.039 171465.874 8.231278114267797 8.23218239423779 8.233052534152653 16.462556228535593 16.46436478847558 16.466105068305307
 47376 16384 188781.023 188910.007 189065.933 8.210980917434767 8.217758247184861 8.223373002910362 16.421961834869535 16.435516494369722 16.446746005820724
 52112 16384 207503.08 207668.781 207674.98 8.222492743227903 8.222738188076521 8.229304432493244 16.444985486455806 16.445476376153042 16.458608864986488
 57320 16384 228101.015 228135.109 228147.03 8.232681179325455 8.233111370858749 8.234341964677359 16.46536235865091 16.466222741717498 16.468683929354718
 63048 16384 251078.129 251095.057 251296.997 8.221176093083196 8.22778786919728 8.228342596897399 16.442352186166392 16.45557573839456 16.456685193794797
 69352 8192 137979.031 138025.999 138050.079 8.23080418519717 8.232240130353992 8.235042381186167 16.46160837039434 16.464480260707983 16.470084762372334
 76280 8192 151897.192 152083.874 152121.067 8.21563735153133 8.217646533648924 8.22774604022963 16.43127470306266 16.43529306729785 16.45549208045926
 83904 8192 167078.018 167193.89 167378.187 8.21303636178112 8.222089551238984 8.22779173739061 16.42607272356224 16.444179102477968 16.45558347478122
 92288 8192 183676.958 183701.992 183709.145 8.23065499542769 8.230975481202185 8.232097310757945 16.46130999085538 16.46195096240437 16.46419462151589
 101512 8192 202018.023 202073.097 202127.934 8.2283164681236 8.230549403615068 8.23279320974248 16.4566329362472 16.461098807230137 16.46558641948496
 111656 8192 222480.059 222686.052 222844.124 8.209199646655255 8.2150268845756 8.22263313045957 16.41839929331051 16.4300537691512 16.44526626091914
 122816 8192 244338.036 244418.144 244682.074 8.223803693931416 8.232684002379136 8.235383147632406 16.44760738786283 16.465368004758272 16.470766295264813
 135096 4096 134452.105 134491.92 134572.029 8.223896453251811 8.228794949168693 8.231231723742814 16.447792906503622 16.457589898337385 16.46246344748563
 148600 4096 147931.814 148005.962 148298.025 8.208681133818201 8.224879481544129 8.229002045496447 16.417362267636403 16.449758963088257 16.458004090992894
 163456 4096 162650.108 162655.83 162713.051 8.229404732875423 8.232299770626113 8.232589381373174 16.458809465750846 16.464599541252227 16.465178762746348
 179800 4096 178946.018 179012.06 179222.107 8.21841470706513 8.228057930845553 8.23109458630144 16.43682941413026 16.456115861691107 16.46218917260288
 197776 4096 196825.981 196902.99 197099.924 8.220099526776073 8.228320920875808 8.231540286340552 16.440199053552146 16.456641841751615 16.463080572681104
 217552 4096 216521.025 216619.968 216624.022 8.22709304141717 8.227247009841678 8.231006591623146 16.45418608283434 16.454494019683356 16.46201318324629
 239304 4096 238240.004 238322.02 238327.026 8.22558146636714 8.225754246292475 8.228586027055306 16.45116293273428 16.45150849258495 16.45717205411061
 263232 2048 130961.895 131023.169 131229.877 8.216103654505446 8.22906574637956 8.232915933294949 16.43220730901089 16.45813149275912 16.465831866589898
 289552 2048 144063.95 144117.117 144117.832 8.229411832950692 8.22945266106038 8.232489751946964 16.458823665901384 16.45890532212076 16.46497950389393
 318504 2048 158460.14 158514.023 158637.047 8.223756106604784 8.230138629438484 8.232937216892525 16.447512213209567 16.460277258876967 16.46587443378505
 350352 2048 174310.923 174373.15 174389.124 8.228963820014371 8.229717660087003 8.232655574889016 16.457927640028743 16.459435320174006 16.46531114977803
 385384 2048 191748.857 191814.184 191817.999 8.229326091552023 8.22948976494877 8.232293473332152 16.458652183104046 16.45897952989754 16.464586946664305
 423920 2048 210947.037 210992.098 211122.99 8.22447768478459 8.22957985848361 8.231337802578379 16.44895536956918 16.45915971696722 16.462675605156758
 466312 2048 231997.967 232074.022 232098.103 8.229338918810551 8.230192830458206 8.232890902875885 16.458677837621103 16.460385660916412 16.46578180575177
 512936 2048 255297.184 255328.178 255391.836 8.22651925334058 8.228570275545536 8.229569253689847 16.45303850668116 16.457140551091072 16.459138507379695
 564224 1024 140305.042 140353.918 140384.912 8.231160568024576 8.232978234351819 8.235846235661297 16.46232113604915 16.465956468703638 16.471692471322594
 620640 1024 154375.076 154384.851 154394.865 8.232597113900129 8.233131112067467 8.23365243233953 16.465194227800257 16.466262224134933 16.46730486467906
 682704 1024 169781.208 169836.044 169843.912 8.232133701677808 8.232515072006741 8.235174012897822 16.464267403355617 16.465030144013483 16.470348025795644
 750968 1024 186769.009 186836.958 186942.101 8.227052417689475 8.231682213537216 8.234677006826116 16.45410483537895 16.46336442707443 16.469354013652232
 826064 1024 205425.024 205497.026 205497.98 8.232582490591879 8.23262070955713 8.23550626431958 16.465164981183758 16.46524141911426 16.47101252863916
 908664 1024 225965.977 226043.94 226068.974 8.231752633158765 8.23266428642148 8.235504728218443 16.46350526631753 16.46532857284296 16.471009456436885
 999528 1024 248579.025 248645.067 248788.118 8.228018928138683 8.232752689197731 8.234939951188561 16.456037856277366 16.465505378395463 16.469879902377123
 1099480 512 136677.98 136690.14 136770.964 8.231772936834751 8.236640331189944 8.23737313062426 16.463545873669503 16.47328066237989 16.47474626124852
 1209424 512 150294.065 150347.948 150388.956 8.23498087186668 8.237226995608879 8.240180182763703 16.46996174373336 16.474453991217757 16.480360365527407
 1330360 512 165314.198 165370.941 165374.041 8.237620800473758 8.237775220738449 8.24060278234541 16.475241600947516 16.475550441476898 16.48120556469082
 1463392 512 181846.142 181921.005 181926.966 8.236895502341309 8.237165400444 8.240556502980416 16.473791004682617 16.474330800888 16.481113005960832
 1609728 512 200037.003 200093.985 200096.846 8.237818361214948 8.23793614785572 8.240282784080703 16.475636722429897 16.47587229571144 16.480565568161406
 1770696 512 220157.862 220352.173 221076.012 8.201670943838087 8.228612767072644 8.235875328404125 16.403341887676174 16.457225534145287 16.47175065680825
 1947760 512 242137.909 242156.982 242178.917 8.2356724718527 8.236418473368651 8.237067249143545 16.4713449437054 16.472836946737303 16.47413449828709
 2142536 256 133016.109 133017.063 133035.898 8.2457325315307 8.246900113859828 8.246959261152346 16.4914650630614 16.493800227719657 16.493918522304693
 2356784 256 146255.97 146317.005 146495.104 8.23695383021128 8.24697995971145 8.250421558860126 16.47390766042256 16.4939599194229 16.50084311772025
 2592456 256 160880.804 161070.108 161189.079 8.234661307296136 8.240743664243398 8.25044031977861 16.469322614592272 16.481487328486796 16.50088063955722
 2851696 256 177057.028 177288.055 177474.022 8.226941247773153 8.235570930032482 8.246316842051591 16.453882495546306 16.471141860064964 16.492633684103183
 3136864 256 194664.955 194734.097 194752.932 8.246727540923493 8.247525177883974 8.250454572062033 16.493455081846985 16.495050355767948 16.500909144124066
 3450544 256 214139.938 214210.033 214239.836 8.246265311741556 8.247412613021725 8.250112260703093 16.492530623483113 16.49482522604345 16.500224521406185
 3795592 256 235745.907 235784.054 235919.952 8.237298657978704 8.242046359928988 8.243380038831384 16.474597315957407 16.484092719857976 16.48676007766277
 4175144 256 259110.212 259204.149 259324.074 8.243252140177313 8.247066014363837 8.250055879696475 16.486504280354627 16.494132028727673 16.50011175939295
 4592656 128 142179.012 142260.075 142282.963 8.263251700767576 8.264581162353526 8.269293192162568 16.52650340153515 16.529162324707052 16.538586384325136
 5051920 128 156452.894 156454.086 156651.974 8.255826511321203 8.266268737781637 8.266331717711784 16.511653022642406 16.532537475563274 16.53266343542357
 5557112 128 172024.012 172230.005 172240.973 8.259478840728566 8.260004823201394 8.269895902672008 16.51895768145713 16.520009646402787 16.539791805344016
 6112816 128 189249.039 189301.968 189322.948 8.265669389428693 8.266585458847423 8.268897449989165 16.531338778857386 16.533170917694846 16.53779489997833
 6724096 128 208256.96 208306.789 208476.067 8.256912175918973 8.2636220560243 8.265599267366623 16.513824351837947 16.5272441120486 16.531198534733246
 7396504 128 228982.925 229057.074 229112.864 8.264507679498957 8.266520613984618 8.269197469636657 16.529015358997913 16.533041227969235 16.538394939273314
 8136152 128 251868.963 251986.98 251989.126 8.265653939368796 8.265724332265103 8.269597362021933 16.531307878737593 16.531448664530206 16.539194724043867
 8949760 64 137887.955 137959.957 138125.896 8.29366044438184 8.303636105076489 8.307972077764154 16.58732088876368 16.607272210152978 16.615944155528307
 9844736 64 151666.88 151762.962 151849.031 8.298546258092355 8.303252594661403 8.308512761652379 16.59709251618471 16.606505189322807 16.617025523304758
 10829208 64 166865.11 166946.888 166953.087 8.302563605787055 8.302871893005875 8.306941001627003 16.60512721157411 16.60574378601175 16.613882003254005
 11912128 64 183752.06 183954.0 184052.944 8.284314017818698 8.288769931613338 8.297879131259807 16.568628035637396 16.577539863226676 16.595758262519613
 13103336 64 201911.926 201989.889 202013.016 8.302569018622048 8.303519628153268 8.306725814700018 16.605138037244096 16.607039256306535 16.613451629400036
 14413664 64 222048.998 222158.909 222205.162 8.302907886541357 8.304636533842539 8.308747207226759 16.605815773082714 16.609273067685077 16.617494414453517
 15855024 64 244381.905 244415.045 244633.913 8.295837020764981 8.303265750273269 8.30439173473175 16.591674041529963 16.606531500546538 16.6087834694635
 17440520 32 133093.119 133301.02 133306.98 8.373104544113144 8.373478912614473 8.386558887390715 16.746209088226287 16.746957825228947 16.77311777478143
 19184568 32 146452.904 146548.986 146638.87 8.373034734923966 8.378170231761276 8.383666820290568 16.74606946984793 16.75634046352255 16.767333640581136
 21103024 32 161365.986 161520.004 161672.115 8.353905285398167 8.3617725517144 8.369753561323636 16.707810570796333 16.7235451034288 16.73950712264727
 23213320 32 178144.932 178151.846 178439.14 8.325821789995176 8.339248306189317 8.339571961553192 16.651643579990353 16.678496612378634 16.679143923106384
 25534648 32 196017.027 196220.875 196489.811 8.317059615880032 8.328458794203216 8.337119978867959 16.634119231760064 16.656917588406433 16.674239957735917
 28088112 32 215671.062 215804.1 216053.009 8.320361638656928 8.329958365017161 8.335096750253866 16.640723277313857 16.659916730034322 16.670193500507732
 30896920 32 237226.009 237368.822 237783.194 8.315990910610783 8.330508039509924 8.335523108682406 16.631981821221565 16.66101607901985 16.67104621736481
 33986608 16 128450.155 128480.196 128483.057 8.464707187034007 8.464895679331 8.466875388355895 16.929414374068013 16.929791358662 16.93375077671179
 37385264 16 141195.059 141351.938 141377.926 8.461918220528995 8.463473970905161 8.472877567195889 16.92383644105799 16.926947941810322 16.945755134391778
 41123784 16 155421.972 155663.967 155722.141 8.450699942534182 8.453858098065815 8.46702091773742 16.901399885068365 16.90771619613163 16.93404183547484
 45236160 16 170783.997 170881.033 171088.934 8.46084598317738 8.471139801688816 8.475952931351056 16.92169196635476 16.94227960337763 16.951905862702112
 49759776 16 187838.078 187952.042 188150.883 8.46295699818746 8.471910254638255 8.477050281572833 16.92591399637492 16.94382050927651 16.954100563145666
 54735752 16 206614.971 206777.096 207206.011 8.453152761094367 8.470687024253403 8.477333735898547 16.906305522188735 16.941374048506805 16.954667471797094
 60209320 16 227437.973 227560.043 227780.104 8.458588815114423 8.466768658503021 8.471312923633908 16.917177630228846 16.933537317006042 16.942625847267816
 66230248 16 250068.903 250171.9 250543.118 8.45909459784084 8.471646639770494 8.47513589484575 16.91818919568168 16.94329327954099 16.9502717896915
 72853272 8 132789.135 132889.986 133332.014 8.742479146831158 8.771558994670974 8.778220838625087 17.484958293662316 17.543117989341948 17.556441677250174
 80138592 8 146108.15 146154.881 146353.96 8.761071254921971 8.773004796192883 8.77581074019485 17.522142509843942 17.546009592385765 17.5516214803897
 88152448 8 160667.896 160769.939 160970.926 8.76207401577599 8.773027947718509 8.778599851709018 17.52414803155198 17.546055895437018 17.557199703418036
 96967688 8 176768.064 176961.899 177090.168 8.760977673249483 8.767327977193553 8.77694178966626 17.521955346498967 17.534655954387105 17.55388357933252
 106664456 8 194538.116 194648.027 194818.974 8.760087690432043 8.767781119096574 8.772734778617883 17.520175380864085 17.535562238193148 17.545469557235766
 117330896 8 213825.941 213968.039 214085.102 8.76891627891043 8.773713797507861 8.779544367818309 17.53783255782086 17.547427595015723 17.559088735636617
 129063984 8 235200.167 235368.013 235687.971 8.761684931302666 8.773595518266111 8.77985662314602 17.523369862605332 17.547191036532222 17.55971324629204
 141970376 4 120252.132 120260.0 120590.925 9.418312431055654 9.444229236653916 9.444847164955046 18.836624862111307 18.888458473307832 18.889694329910093
 156167408 4 132133.007 132266.998 132416.964 9.43488829724264 9.445585693265679 9.455164098399727 18.86977659448528 18.891171386531358 18.910328196799455
 171784144 4 145421.982 145499.945 145639.896 9.436103634679881 9.445179872748405 9.450243581468998 18.872207269359762 18.89035974549681 18.900487162937996
 188962552 4 159911.156 160058.975 160251.141 9.433320764936083 9.444646362379867 9.453376823815844 18.866641529872165 18.889292724759734 18.90675364763169
 207858800 4 175868.988 176100.969 176707.029 9.410324022820847 9.442710107972205 9.455165569042792 18.820648045641693 18.88542021594441 18.910331138085585
 228644680 4 193375.111 193702.936 193866.968 9.435116558897233 9.443106427669223 9.459115139176312 18.870233117794466 18.886212855338446 18.918230278352624
 251509144 4 212861.061 213159.084 213299.036 9.433109449214765 9.439302863583332 9.452518664275567 18.86621889842953 18.878605727166665 18.905037328551135
 276660056 2 99125.862 99284.172 99370.003 11.136562248065948 11.146189787431576 11.163990927009543 22.273124496131896 22.29237957486315 22.327981854019086
 304326056 2 108984.947 109262.943 109390.02 11.128110443713238 11.141052863641061 11.169471174766915 22.256220887426476 22.282105727282122 22.33894234953383
 334758656 2 119838.953 120115.995 120254.04 11.135048968001408 11.147846079949636 11.173617513163688 22.270097936002816 22.29569215989927 22.347235026327375
 368234520 2 131834.984 132164.001 132259.13 11.136759178742519 11.144775194873226 11.172588908570734 22.273518357485038 22.289550389746452 22.34517781714147
 405057968 2 145035.982 145452.976 145498.991 11.13569146331743 11.139214312122428 11.17124074769253 22.27138292663486 22.278428624244857 22.34248149538506
 445563760 2 159570.932 159976.006 159993.887 11.139519599270688 11.140764696925862 11.16904575076368 22.279039198541376 22.281529393851724 22.33809150152736
 490120136 2 175785.065 175905.943 175986.052 11.13997684316482 11.145050079405218 11.152713935054722 22.27995368632964 22.290100158810436 22.305427870109444
 539132144 1 96839.19 96983.91 97079.039 11.107076245367447 11.117970888160725 11.13458598734665 22.214152490734893 22.23594177632145 22.2691719746933
 593045352 1 106431.007 106645.107 106688.976 11.117275171897798 11.121848318835667 11.144221382778047 22.234550343795597 22.243696637671334 22.288442765556095
 652349880 1 117082.119 117388.964 117553.949 11.098731868208018 11.114330645255546 11.143458720626674 22.197463736416037 22.22866129051109 22.286917441253348
 717584864 1 128972.054 129003.048 129117.012 11.115264408380206 11.12508386623547 11.127757397738272 22.230528816760412 22.25016773247094 22.255514795476543
 789343344 1 141635.18 141936.779 142148.018 11.10593527937899 11.12246381186373 11.146148068580136 22.21187055875798 22.24492762372746 22.29229613716027
 868277672 1 155968.904 156190.157 156464.1 11.098746255530822 11.118212423590816 11.13398439986473 22.197492511061643 22.23642484718163 22.26796879972946
 955105432 1 171288.013 171641.827 171726.942 11.123536247445667 11.129052267662008 11.152040534208309 22.247072494891334 22.258104535324016 22.304081068416618
 1050615968 1 188238.859 188745.975 188858.986 11.125930412440105 11.132592024810066 11.162583258114628 22.25186082488021 22.26518404962013 22.325166516229256
 
META_DATA
 FLOPS          32
 ERT_VERSION  1.1.0
 HOSTNAME  ('graoully-2.nancy.grid5000.fr', [], ['172.16.70.2'])
 UNAME  uname_result(system='Linux', node='graoully-2.nancy.grid5000.fr', release='4.19.0-14-amd64', version='#1 SMP Debian 4.19.171-2 (2021-01-30)', machine='x86_64', processor='')
 TIMESTAMP_DATA  1615580469.350835
 CONFIG  {'ERT_RESULTS': ['Results.graoully.01'], 'ERT_DRIVER': ['driver1'], 'ERT_KERNEL': ['kernel1'], 'ERT_OPENMP': ['False'], 'ERT_FLOPS': ['1,2,4,8,16,32'], 'ERT_ALIGN': ['64'], 'ERT_CC': ['g++'], 'ERT_CFLAGS': ['-O3', '-march=native'], 'ERT_LD': ['g++'], 'ERT_LDFLAGS': [], 'ERT_LDLIBS': [], 'ERT_PRECISION': ['FP64'], 'ERT_RUN': ['ERT_CODE'], 'ERT_NUM_EXPERIMENTS': ['3'], 'ERT_MEMORY_MAX': ['1073741824'], 'ERT_WORKING_SET_MIN': ['1'], 'ERT_TRIALS_MIN': ['1'], 'ERT_GNUPLOT': ['gnuplo'], 'ERT_MPI': [False], 'ERT_GPU': [False], 'ERT_HIP': [False], 'ERT_OCL': [False], 'ERT_SYCL': [False], 'ERT_WSS_MULT': [1.1]}
 TIMESTAMP_DATA  1615580574.2314818
 TIMESTAMP_DATA  1615580679.099531
 