fp64
 8 134217728 608407.021 608448.982 608470.917 3.529311899717304 3.5294391338138524 3.5296825544030006 0.882327974929326 0.8823597834534631 0.8824206386007502
 16 67108864 304239.988 304475.069 304573.059 7.050799749166258 7.053068926310022 7.058518711222142 1.7626999372915646 1.7632672315775055 1.7646296778055355
 24 33554432 152096.987 152119.16 152134.895 10.586741036630682 10.587836114793166 10.589379630511681 2.6466852591576706 2.6469590286982916 2.6473449076279203
 32 33554432 152133.942 152134.18 152166.843 14.11269108080267 14.115721056241275 14.115743139029421 3.5281727702006673 3.528930264060319 3.5289357847573553
 40 16777216 78670.025 78694.105 78791.142 17.03462148067355 17.055626720705447 17.06084725408439 4.258655370168388 4.263906680176362 4.2652118135210975
 48 16777216 76314.926 76346.874 76351.881 21.094604545499017 21.09598797718948 21.10481946873669 5.273651136374754 5.27399699429737 5.276204867184172
 56 16777216 77828.884 77883.959 78208.923 24.026007774074575 24.126254187977267 24.143326942732468 6.006501943518644 6.031563546994317 6.035831735683117
 64 16777216 77012.062 77031.851 77271.938 27.79124871955457 27.8778663646548 27.885029854154535 6.9478121798886425 6.9694665911637 6.971257463538634
 72 8388608 40087.223 40101.051 40171.862 30.06979243332061 30.122890095823173 30.133280920955787 7.517448108330153 7.530722523955793 7.533320230238947
 80 8388608 40251.97 40320.158 40378.094 33.24023367720131 33.28799654009292 33.344387367872926 8.310058419300328 8.32199913502323 8.336096841968232
 88 8388608 41166.067 41171.074 41177.988 35.85398606653632 35.86000714967989 35.86436877732332 8.96349651663408 8.965001787419972 8.96609219433083
 96 8388608 41138.887 41190.863 41293.859 39.003686625655405 39.10121368420953 39.15061523176356 9.750921656413851 9.775303421052383 9.78765380794089
 104 8388608 43632.984 43656.111 43658.972 39.96499193796867 39.96761104075441 39.98879526552665 9.991247984492167 9.991902760188603 9.997198816381662
 112 8388608 43759.108 43768.167 43768.883 42.931143387872154 42.931845695068745 42.94073343542561 10.732785846968039 10.732961423767186 10.735183358856402
 120 8388608 48368.931 48422.813 48490.047 41.51915794183495 41.57680637017101 41.62312208223084 10.379789485458737 10.394201592542753 10.40578052055771
 128 8388608 48683.882 48756.838 48808.098 43.998511230656845 44.044768612763605 44.110772596154106 10.999627807664211 11.011192153190901 11.027693149038527
 136 4194304 27112.961 27130.842 27171.135 41.98759779449773 42.049955102757224 42.077687051591305 10.496899448624433 10.512488775689306 10.519421762897826
 144 4194304 27271.032 27319.908 27357.817 44.154091388212734 44.21535943678873 44.29460359255931 11.038522847053184 11.053839859197183 11.073650898139828
 152 4194304 30150.89 30160.189 30211.21 42.20514226341812 42.276539314790114 42.2895780522565 10.55128556585453 10.569134828697528 10.572394513064125
 160 4194304 30212.164 30217.886 30234.098 44.39283354839956 44.416650456620296 44.4250626999112 11.09820838709989 11.104162614155074 11.1062656749778
 176 4194304 33227.921 33246.04 33266.783 44.380456264737106 44.408146293513454 44.432361808010796 11.095114066184276 11.102036573378363 11.108090452002699
 192 4194304 36236.048 36295.891 36373.854 44.27940839043342 44.37451985956206 44.44780335868856 11.069852097608354 11.093629964890514 11.11195083967214
 208 4194304 39071.083 39093.971 39288.044 44.411232689517455 44.63170200847594 44.657847441802424 11.102808172379364 11.157925502118985 11.164461860450606
 224 4194304 42077.065 42145.967 42220.116 44.50599311475127 44.584294198303716 44.65730183414646 11.126498278687817 11.146073549575929 11.164325458536615
 240 4194304 44961.929 45132.875 45164.108 44.576678454493106 44.60752655353774 44.77712510955657 11.144169613623276 11.151881638384435 11.194281277389143
 264 2097152 25451.899 25455.952 25464.058 43.48467380964966 43.4985207388826 43.5054475110089 10.871168452412414 10.87463018472065 10.876361877752226
 288 2097152 26911.974 26956.081 26968.002 44.79232655055424 44.812135413897884 44.885579630836446 11.19808163763856 11.203033853474471 11.221394907709112
 312 2097152 29881.001 29896.975 29909.849 43.752238535206246 43.77107877970932 43.79447823719158 10.938059633801561 10.94276969492733 10.948619559297896
 336 2097152 31308.889 31406.164 31452.894 44.80624720892138 44.87291552066021 45.01233320671327 11.201561802230344 11.218228880165052 11.253083301678318
 368 2097152 34222.126 34348.965 34432.173 44.82737328254014 44.935964504316225 45.10251268433762 11.206843320635034 11.233991126079056 11.275628171084405
 400 2097152 37186.861 37233.829 37254.095 45.03455526164304 45.059067118775246 45.11597792564422 11.25863881541076 11.264766779693812 11.278994481411056
 440 2097152 41571.14 41664.839 41675.806 44.282137218893865 44.29379314294242 44.393628849244934 11.070534304723466 11.073448285735605 11.098407212311233
 480 2097152 44532.061 44732.094 44810.057 44.92888549550383 45.00719148090854 45.209358713489586 11.232221373875957 11.251797870227135 11.302339678372396
 528 1048576 24494.886 24552.107 24602.89 45.00675554782385 45.09984646124261 45.20520144490568 11.251688886955963 11.274961615310653 11.30130036122642
 576 1048576 26690.96 26693.106 26745.081 45.16567184821763 45.25361537169934 45.25725384175016 11.291417962054407 11.313403842924835 11.31431346043754
 632 1048576 31729.937 31793.118 31945.944 41.488837017932546 41.68826926632362 41.771279407204624 10.372209254483137 10.422067316580906 10.442819851801156
 688 1048576 34164.906 34207.106 34373.045 41.975931314784596 42.1795569610595 42.2316565425352 10.493982828696149 10.544889240264874 10.5579141356338
 752 1048576 37124.157 37139.177 37157.059 42.443033610383424 42.46346934397604 42.48064956734236 10.610758402595856 10.61586733599401 10.62016239183559
 824 1048576 40585.041 40656.09 40789.127 42.36553648230814 42.50416722316386 42.57857588464676 10.591384120577034 10.626041805790965 10.64464397116169
 904 1048576 44010.878 44099.092 44136.047 42.95412790366115 42.99012342476349 43.07629145685301 10.738531975915288 10.747530856190872 10.769072864213253
 992 1048576 48139.095 48200.13 48321.009 43.05321488630339 43.161186162775905 43.215909729919105 10.763303721575847 10.790296540693976 10.803977432479776
 1088 524288 26410.818 26420.832 26438.951 43.15037642756704 43.17996829168741 43.19634052985409 10.78759410689176 10.794992072921852 10.799085132463523
 1192 524288 28681.993 28749.943 28773.069 43.44001649598102 43.47495895904907 43.57795471186399 10.860004123995255 10.868739739762267 10.894488677965997
 1304 524288 31370.878 31370.878 31392.097 43.55692147612821 43.58638301420827 43.58638301420827 10.889230369032052 10.896595753552068 10.896595753552068
 1432 524288 34316.063 34420.967 34449.1 43.587810189526 43.62343544851602 43.75679203060095 10.8969525473815 10.905858862129005 10.939198007650237
 1568 524288 37467.957 37486.076 37601.948 43.72558485533782 43.86074359983691 43.881954065443175 10.931396213834455 10.965185899959227 10.970488516360794
 1720 524288 41033.03 41040.182 41066.885 43.9173976794198 43.945972754214395 43.953632476080855 10.97934941985495 10.986493188553599 10.988408119020214
 1888 524288 44847.965 44941.902 44950.008 44.04251692235516 44.05046070368807 44.14272727870708 11.01062923058879 11.012615175922017 11.03568181967677
 2072 262144 24566.174 24569.035 24612.904 44.13639024472691 44.215197544388694 44.220346888367715 11.034097561181728 11.053799386097173 11.055086722091929
 2272 262144 26849.985 26878.119 26946.783 44.204992336190934 44.317920312801654 44.36435759647538 11.051248084047733 11.079480078200413 11.091089399118845
 2496 262144 29470.921 29474.02 29542.923 44.295645627211634 44.39919793770921 44.40386671322556 11.073911406802909 11.099799484427303 11.10096667830639
 2744 262144 32324.791 32346.964 32355.07 44.464322654842036 44.47546520903786 44.50597289244654 11.116080663710509 11.118866302259464 11.126493223111636
 3016 262144 35457.134 35459.042 35475.969 44.572499429120604 44.59377689899236 44.59617655504813 11.143124857280151 11.14844422474809 11.149044138762033
 3312 262144 38889.885 38911.104 38937.092 44.596084782089015 44.625869674630664 44.65021832797911 11.149021195522254 11.156467418657666 11.162554581994778
 3640 262144 42674.065 42687.893 42701.006 44.69235033947444 44.70607907492647 44.720565523814045 11.17308758486861 11.176519768731618 11.180141380953511
 4000 262144 46784.163 46847.82 46867.132 44.74675343906258 44.765199319840285 44.82610921135855 11.186688359765645 11.191299829960071 11.206527302839637
 4400 131072 25732.04 25734.901 25764.942 44.767560509160084 44.81981881336944 44.82480207554473 11.191890127290021 11.20495470334236 11.206200518886183
 4840 131072 28239.012 28259.039 28270.96 44.87916080670767 44.89809296062757 44.929934517539074 11.219790201676917 11.224523240156893 11.232483629384769
 5320 131072 31018.019 31019.926 31044.006 44.92352179032564 44.95839480726034 44.96115886704435 11.23088044758141 11.239598701815085 11.240289716761087
 5848 131072 34080.029 34090.996 34105.062 44.94987025679649 44.96841664584983 44.98288754390437 11.237467564199122 11.242104161462457 11.245721885976092
 6432 131072 37467.003 37472.01 37472.01 44.99652428572687 44.99652428572687 45.002537512808274 11.249131071431718 11.249131071431718 11.250634378202069
 7072 131072 41188.002 41194.201 41201.83 44.995146283550994 45.00347920329855 45.0102524516727 11.248786570887749 11.250869800824637 11.252563112918175
 7776 131072 45228.004 45230.865 45233.965 45.06418449057031 45.067273066743255 45.07012389934342 11.266046122642578 11.266818266685814 11.267530974835855
 8552 65536 24860.144 24873.972 24873.972 45.06428422448976 45.06428422448976 45.08935040762435 11.26607105612244 11.26607105612244 11.272337601906088
 9400 65536 27290.106 27293.921 27299.881 45.13121504082746 45.141070057321556 45.147380519518684 11.282803760206866 11.285267514330389 11.286845129879671
 10336 65536 29982.09 29982.09 29994.011 45.16769004318896 45.18564889905941 45.18564889905941 11.29192251079724 11.296412224764852 11.296412224764852
 11368 65536 32957.077 32958.031 32966.137 45.19869877383571 45.20981535577777 45.21112403263191 11.299674693458927 11.302453838944443 11.302781008157977
 12504 65536 36240.816 36261.797 36276.102 45.17917299934817 45.196995835589725 45.223161862580575 11.294793249837042 11.299248958897431 11.305790465645144
 13752 65536 39842.844 39842.844 39858.103 45.22297872530461 45.24029820762795 45.24029820762795 11.305744681326152 11.310074551906988 11.310074551906988
 15120 65536 43772.936 43808.222 43947.935 45.09446553063301 45.23828061316891 45.274747848762075 11.273616382658252 11.309570153292228 11.318686962190519
 16632 32768 24075.985 24079.084 24080.992 45.26369810678896 45.26728475219406 45.27311144279247 11.31592452669724 11.316821188048515 11.318277860698117
 18288 32768 26455.164 26463.032 26469.946 45.278610239703546 45.290440188410756 45.3039099663113 11.319652559925887 11.322610047102689 11.325977491577826
 20112 32768 29082.06 29088.02 29192.924 45.149983331577204 45.312813728813445 45.322100016298705 11.287495832894301 11.328203432203361 11.330525004074676
 22120 32768 31982.899 31986.952 31986.952 45.32023932758583 45.32023932758583 45.32598248832915 11.330059831896458 11.330059831896458 11.331495622082288
 24328 32768 35161.018 35161.972 35176.992 45.32393810135898 45.34329894807948 45.34452921698684 11.330984525339746 11.33582473701987 11.33613230424671
 26760 32768 38679.123 38686.037 38690.805 45.32713547831326 45.332721984420374 45.340825333604386 11.331783869578315 11.333180496105093 11.335206333401096
 29432 32768 42527.199 42534.113 42544.127 45.33776311827952 45.34843719439971 45.355809866528006 11.33444077956988 11.337109298599927 11.338952466632001
 32368 32768 46750.069 46772.003 46804.905 45.321515939408485 45.35339758701375 45.37467630261679 11.330378984852121 11.338349396753438 11.343669075654198
 35600 16384 25755.882 25762.081 25763.035 45.27963417353584 45.28131093136459 45.29220936794166 11.31990854338396 11.320327732841147 11.323052341985415
 39160 16384 28350.115 28352.022 28356.075 45.25290894455597 45.25937797311246 45.26242239229011 11.313227236138992 11.314844493278114 11.315605598072528
 43072 16384 31131.983 31148.911 31172.037 45.27722381440776 45.310839149400756 45.335476895255916 11.31930595360194 11.327709787350189 11.333869223813979
 47376 16384 34229.04 34235.954 34263.134 45.30866230742348 45.34463295516755 45.353792218537244 11.32716557685587 11.336158238791887 11.338448054634311
 52112 16384 37669.897 37678.003 37682.056 45.31615833276189 45.32103296451248 45.33078537485781 11.329039583190472 11.33025824112812 11.332696343714453
 57320 16384 41468.143 41472.197 41489.124 45.27118384085429 45.28966140858175 45.29408900707225 11.317795960213573 11.322415352145438 11.323522251768063
 63048 16384 45581.102 45598.03 45603.991 45.30210665114814 45.30802896528644 45.324855550881594 11.325526662787034 11.32700724132161 11.331213887720399
 69352 8192 25066.853 25066.853 25179.863 45.12586776186987 45.32931070366112 45.32931070366112 11.281466940467467 11.33232767591528 11.33232767591528
 76280 8192 27570.963 27570.963 27575.97 45.32103566982412 45.32926615584664 45.32926615584664 11.33025891745603 11.33231653896166 11.33231653896166
 83904 8192 30301.094 30306.101 30309.916 45.35423773526789 45.35994702848777 45.367442376833 11.338559433816972 11.339986757121942 11.34186059420825
 92288 8192 33329.964 33333.063 33338.07 45.35495282120411 45.36176564391936 45.365983353597386 11.338738205301027 11.34044141097984 11.341495838399346
 101512 8192 36680.937 36682.129 36686.182 45.33512394394162 45.340133011363655 45.341606404438366 11.333780985985404 11.335033252840914 11.335401601109591
 111656 8192 40348.053 40349.007 40396.929 45.284925099133154 45.33870942598414 45.3397814263801 11.321231274783289 11.334677356496035 11.334945356595025
 122816 8192 44356.108 44394.97 44564.962 45.15245281708083 45.325345281233446 45.3650564652787 11.288113204270207 11.331336320308361 11.341264116319675
 135096 4096 24405.003 24408.102 24455.07 45.25468264862869 45.34176528760819 45.34752288291052 11.313670662157172 11.335441321902048 11.33688072072763
 148600 4096 26846.886 26878.119 26916.981 45.22539879193733 45.290788391851386 45.343478569544345 11.306349697984333 11.322697097962847 11.335869642386086
 163456 4096 29523.134 29560.089 29595.852 45.24389269144879 45.298630596139276 45.355332262489476 11.310973172862198 11.324657649034819 11.338833065622369
 179800 4096 32519.817 32551.05 32649.994 45.11246158268819 45.249587954920045 45.29304700576883 11.278115395672048 11.312396988730011 11.323261751442207
 197776 4096 35794.973 35795.927 35847.902 45.195978051937324 45.2616017459193 45.26280804849329 11.298994512984331 11.315400436479825 11.315702012123323
 217552 4096 39357.901 39382.219 39519.072 45.096858144847126 45.25356948525425 45.2815302320111 11.274214536211781 11.313392371313563 11.320382558002775
 239304 4096 43329.0 43332.815 43375.969 45.19503340663122 45.24004194050167 45.244025202520255 11.298758351657805 11.310010485125417 11.311006300630064
 263232 2048 23844.957 23847.818 23859.978 45.18856941108663 45.21161105808507 45.21703570276936 11.297142352771658 11.302902764521267 11.30425892569234
 289552 2048 26201.01 26211.023 26215.076 45.24133334574349 45.248328995018625 45.26562113445245 11.310333336435873 11.312082248754656 11.316405283613113
 318504 2048 28844.833 28858.185 28863.907 45.19805250204001 45.20701437044637 45.22794026923297 11.299513125510002 11.301753592611593 11.306985067308242
 350352 2048 31713.009 31728.983 31732.798 45.22266810509429 45.2281055462761 45.25088716747124 11.305667026273573 11.307026386569024 11.31272179186781
 385384 2048 34989.834 35001.04 35001.04 45.09959886906217 45.09959886906217 45.114042667364465 11.274899717265543 11.274899717265543 11.278510666841116
 423920 2048 38413.048 38414.001 38437.843 45.1736149710586 45.20165238710751 45.202773807483325 11.29340374276465 11.300413096776877 11.300693451870831
 466312 2048 42274.952 42287.111 42315.006 45.13798135819713 45.16775695554137 45.18074797577535 11.284495339549283 11.291939238885343 11.295186993943837
 512936 2048 46508.074 46544.075 46604.872 45.08082021982594 45.13970588093114 45.17464765365256 11.270205054956485 11.284926470232785 11.29366191341314
 564224 1024 25578.022 25583.982 25587.082 45.16070851689928 45.16618062035847 45.17670490704871 11.29017712922482 11.291545155089617 11.294176226762177
 620640 1024 28130.054 28134.108 28198.957 45.07509692645724 45.17899483431285 45.18550586500829 11.26877423161431 11.294748708578213 11.296376466252072
 682704 1024 30941.01 30953.884 30957.937 45.16379085596046 45.16970445453631 45.188498759413484 11.290947713990114 11.292426113634077 11.297124689853371
 750968 1024 34052.849 34054.995 34075.975 45.13392394494948 45.1617292558698 45.16457533406382 11.28348098623737 11.29043231396745 11.291143833515955
 826064 1024 37436.962 37438.869 37462.95 45.158725407369154 45.18777188488253 45.19007370309589 11.289681351842288 11.296942971220632 11.297518425773973
 908664 1024 41206.121 41207.075 41223.049 45.143285543968375 45.160785423376936 45.16183098137289 11.285821385992094 11.290196355844234 11.290457745343222
 999528 1024 45321.941 45323.133 45510.054 44.97980477017233 45.165309820925216 45.16649770141133 11.244951192543082 11.291327455231304 11.291624425352833
 1099480 512 24950.981 24971.008 24991.035 45.05085603697486 45.08698727740585 45.123176519592555 11.262714009243714 11.271746819351463 11.280794129898139
 1209424 512 27428.865 27428.865 27441.025 45.13133806044053 45.151346072832396 45.151346072832396 11.282834515110132 11.287836518208099 11.287836518208099
 1330360 512 30185.938 30186.892 30200.005 45.108887895879484 45.12848291901001 45.12990916498934 11.277221973969871 11.282120729752503 11.282477291247336
 1463392 512 33189.058 33197.88 33229.113 45.09640109863902 45.13882838301723 45.15082675742107 11.274100274659755 11.284707095754307 11.287706689355268
 1609728 512 36506.176 36506.891 36518.812 45.13732462052709 45.152063811733505 45.15294814773259 11.284331155131772 11.288015952933376 11.288237036933147
 1770696 512 40173.054 40177.107 40189.981 45.11554021386574 45.12999664211761 45.1345497407292 11.278885053466436 11.282499160529403 11.2836374351823
 1947760 512 44164.896 44164.896 44182.062 45.14289622788542 45.1604423567532 45.1604423567532 11.285724056971356 11.2901105891883 11.2901105891883
 2142536 256 24346.828 24348.021 24359.941 45.032064404425284 45.05411064003928 45.05631830150523 11.258016101106321 11.26352766000982 11.264079575376307
 2356784 256 26769.876 26774.883 27143.955 44.45459064458366 45.067364365327 45.07579370184605 11.113647661145915 11.26684109133175 11.268948425461513
 2592456 256 29458.046 29459.953 29469.013 45.04180279129132 45.05565477310843 45.058571501993036 11.26045069782283 11.263913693277107 11.264642875498259
 2851696 256 32391.071 32394.886 32398.939 45.065313774627 45.070952001498014 45.076260429919095 11.26632844365675 11.267738000374504 11.269065107479774
 3136864 256 35635.948 35652.876 35701.99 44.985569936017576 45.047540288194426 45.068939038748184 11.246392484004394 11.261885072048607 11.267234759687046
 3450544 256 39188.147 39189.1 39202.929 45.064962569505965 45.08086503645146 45.08196133897324 11.266240642376491 11.270216259112866 11.27049033474331
 3795592 256 43127.06 43130.159 43142.08 45.04518799279033 45.05763829899166 45.0608760254003 11.261296998197583 11.264409574747916 11.265219006350074
 4175144 256 47441.006 47441.959 47456.98 45.04445348186927 45.05871538736417 45.059620531655675 11.261113370467317 11.264678846841042 11.264905132913919
 4592656 128 26176.929 26179.075 26184.082 44.90208730632604 44.910675262590445 44.91435706610198 11.22552182658151 11.227668815647611 11.228589266525494
 5051920 128 28789.997 28793.097 28796.911 44.910772547791666 44.91672153224781 44.92155799807829 11.227693136947916 11.229180383061953 11.230389499519573
 5557112 128 31687.021 31687.021 31698.942 44.87912158077705 44.89600559169005 44.89600559169005 11.219780395194263 11.224001397922512 11.224001397922512
 6112816 128 34837.961 34837.961 34845.114 44.90962193436933 44.9188428679853 44.9188428679853 11.227405483592333 11.229710716996324 11.229710716996324
 6724096 128 38321.972 38335.085 38536.072 44.66902013261757 44.90321531829132 44.918580286004065 11.167255033154392 11.22580382957283 11.229645071501016
 7396504 128 42170.763 42175.055 42180.061 44.89099776313741 44.89632613401452 44.9008955327652 11.222749440784353 11.22408153350363 11.2252238831913
 8136152 128 46389.103 46400.07 46494.007 44.79835244142326 44.88904676221394 44.899659128998465 11.199588110355815 11.222261690553484 11.224914782249616
 8949760 64 25686.026 25686.979 25694.132 44.584860076222846 44.597275530143115 44.59893017316107 11.146215019055711 11.149318882535779 11.149732543290268
 9844736 64 28254.032 28254.986 28260.946 44.588960610164996 44.5983660370598 44.59987190500811 11.147240152541249 11.14959150926495 11.149967976252027
 10829208 64 31089.067 31091.928 31112.909 44.551881150039684 44.581944998714775 44.58604769322927 11.137970287509921 11.145486249678694 11.146511923307317
 11912128 64 34188.986 34198.999 34233.809 44.53937287551028 44.58470799101459 44.597765607906595 11.13484321887757 11.146176997753647 11.149441401976649
 13103336 64 37671.089 37679.195 37776.947 44.39816187369509 44.51334504359767 44.522923348459614 11.099540468423772 11.128336260899417 11.130730837114903
 14413664 64 41365.862 41370.153 41381.121 44.584316408441424 44.59613654317401 44.60076262885565 11.146079102110356 11.149034135793503 11.150190657213912
 15855024 64 45501.947 45501.947 45515.06 44.58838617371921 44.601235898762745 44.601235898762745 11.147096543429802 11.150308974690686 11.150308974690686
 17440520 32 25390.863 25403.976 25417.089 43.91507147022226 43.93773950975234 43.960430962901896 10.978767867555565 10.984434877438085 10.990107740725474
 19184568 32 28033.972 28037.071 28074.98 43.733329533983635 43.79246148786369 43.797302501407934 10.933332383495909 10.948115371965923 10.949325625351984
 21103024 32 32449.007 32557.964 32585.144 41.44813771576397 41.48273939979785 41.62202978969434 10.362034428940992 10.370684849949463 10.405507447423584
 23213320 32 41145.086 41321.993 41620.016 35.69562491278234 35.953069349777 36.107652806947584 8.923906228195586 8.98826733744425 9.026913201736896
 25534648 32 46628.952 46725.988 47374.01 34.49607647737652 34.974487259638046 35.0472700308598 8.62401911934413 8.743621814909512 8.76181750771495
 28088112 32 52084.923 52135.944 53065.062 33.876134319790296 34.479843081003764 34.513618614738085 8.469033579947574 8.619960770250941 8.628404653684521
 30896920 32 57754.993 57781.935 58004.141 34.090719143655626 34.22181828974748 34.2377823506965 8.522679785913907 8.55545457243687 8.559445587674125
 33986608 16 33434.868 33563.852 33657.074 32.31330970719558 32.40305838555122 32.52806190232305 8.078327426798895 8.100764596387805 8.132015475580763
 37385264 16 36846.161 37095.07 37154.913 32.19839185197392 32.250335368015214 32.468197921623364 8.04959796299348 8.062583842003804 8.117049480405841
 41123784 16 40272.951 40349.007 40439.844 32.54120090077499 32.61446032612401 32.67605316531187 8.135300225193747 8.153615081531003 8.169013291327968
 45236160 16 44403.076 44426.918 44432.163 32.579037846975844 32.5828840974294 32.60037930705521 8.144759461743961 8.14572102435735 8.150094826763803
 49759776 16 48938.99 48951.149 48993.111 32.50074958497736 32.52860994131108 32.53669174619256 8.12518739624434 8.13215248532777 8.13417293654814
 54735752 16 53776.979 53786.993 53792.953 32.56084610190483 32.56445408651121 32.57051802779773 8.140211525476207 8.141113521627803 8.142629506949433
 60209320 16 59141.159 59211.016 59511.9 32.37500802360536 32.539523388688345 32.5779587782512 8.09375200590134 8.134880847172086 8.1444896945628
 66230248 16 65232.038 65332.174 65361.977 32.4250892227449 32.439880785231495 32.48967840005244 8.106272305686225 8.109970196307874 8.12241960001311
 72853272 8 38898.945 38951.874 38987.16 29.898365307962923 29.925449851270308 29.96616879969367 7.474591326990731 7.481362462817577 7.491542199923417
 80138592 8 42644.978 42706.966 42724.133 30.011550427483215 30.023614227243396 30.06725603188258 7.502887606870804 7.505903556810849 7.516814007970645
 88152448 8 46894.073 47071.934 47074.08 29.962118601149502 29.963484568108033 30.077130813525198 7.4905296502873755 7.490871142027008 7.5192827033812994
 96967688 8 51778.078 51785.946 51959.038 29.85973312284958 29.95953782518523 29.964090362720686 7.464933280712395 7.489884456296307 7.4910225906801715
 106664456 8 56972.98 57060.957 57081.938 29.897921405541627 29.90891470677577 29.955099698137605 7.474480351385407 7.477228676693943 7.488774924534401
 117330896 8 62493.086 62596.083 62646.866 29.966292902824545 29.990603980763463 30.040032524557997 7.491573225706136 7.497650995190866 7.510008131139499
 129063984 8 68846.941 68856.001 68997.145 29.92911871933251 29.990468717461532 29.994415351003028 7.482279679833128 7.497617179365383 7.498603837750757
 141970376 4 43879.986 43928.146 43933.868 25.851650667316616 25.855018056077306 25.88339494912328 6.462912666829154 6.463754514019326 6.47084873728082
 156167408 4 48118.114 48137.903 48156.977 25.943058344380713 25.953337934143082 25.964011473932665 6.485764586095178 6.488334483535771 6.491002868483166
 171784144 4 53071.976 53095.818 53097.01 25.882307723165578 25.882888780430882 25.89451638280813 6.4705769307913945 6.4707221951077205 6.473629095702033
 188962552 4 58324.099 58341.026 58343.887 25.910176605134314 25.911447220691663 25.9189673208668 6.4775441512835785 6.477861805172916 6.4797418302167
 207858800 4 64186.096 64351.082 64404.964 25.818978797969674 25.840597365557894 25.907018865892702 6.4547446994924185 6.4601493413894735 6.476754716473176
 228644680 4 70622.921 70654.869 71017.981 25.756257982045422 25.888625453399392 25.900336804250845 6.439064495511356 6.472156363349848 6.475084201062711
 251509144 4 77633.858 77682.972 77698.946 25.895758637446644 25.901083599118742 25.917469565920587 6.473939659361661 6.4752708997796855 6.479367391480147
 276660056 2 54327.011 54463.148 54677.01 20.23958925332603 20.31906462696574 20.369981775732146 5.059897313331508 5.079766156741435 5.0924954439330365
 304326056 2 59911.966 59933.901 59961.796 20.301330267025357 20.3107791031323 20.3182152960896 5.075332566756339 5.077694775783075 5.0795538240224
 334758656 2 65826.178 65876.961 65932.035 20.30931737508178 20.32629622972438 20.341977381703675 5.077329343770445 5.081574057431095 5.085494345425919
 368234520 2 72566.986 72605.848 72606.087 20.286702408298083 20.28676918696687 20.297633416937007 5.071675602074521 5.071692296741717 5.074408354234252
 405057968 2 79721.928 79816.103 79829.931 20.29604500096587 20.299561255201848 20.323540996148513 5.074011250241467 5.074890313800462 5.080885249037128
 445563760 2 87548.971 87576.866 87647.2 20.334420723080715 20.350751532944788 20.3572357235358 5.083605180770179 5.087687883236197 5.08930893088395
 490120136 2 96276.999 96420.05 96508.98 20.313970202565606 20.33270615395864 20.362917045222815 5.078492550641402 5.08317653848966 5.090729261305704
 539132144 1 53062.916 53071.022 53116.083 20.30014690654053 20.3173831474359 20.320486872602327 5.075036726635132 5.079345786858975 5.080121718150582
 593045352 1 58315.039 58366.06 58425.188 20.3010164725529 20.32158250873881 20.339362269825454 5.075254118138225 5.080395627184703 5.0848405674563635
 652349880 1 64250.946 64258.099 64357.996 20.272535521460302 20.304051634020485 20.30631206581768 5.0681338803650755 5.076012908505121 5.07657801645442
 717584864 1 70596.218 70613.861 70667.028 20.308901741276 20.32419283800386 20.329272143162118 5.077225435319 5.081048209500965 5.0823180357905295
 789343344 1 77595.949 77702.999 77788.115 20.294702963299724 20.316933816158112 20.34496269901925 5.073675740824931 5.079233454039528 5.086240674754812
 868277672 1 85381.985 85397.959 85476.875 20.31608366590379 20.334857698414076 20.338662119415467 5.0790209164759474 5.083714424603519 5.084665529853867
 955105432 1 93853.951 93930.96 94048.977 20.310809590198943 20.336328554504284 20.35301490930307 5.077702397549736 5.084082138626071 5.0882537273257675
 1050615968 1 103305.101 103322.029 103423.834 20.31670897058409 20.33672737882451 20.340059838865074 5.079177242646023 5.084181844706127 5.085014959716268
 
META_DATA
 FLOPS          4
 ERT_VERSION  1.1.0
 HOSTNAME  ('graoully-1.nancy.grid5000.fr', [], ['172.16.70.1'])
 UNAME  uname_result(system='Linux', node='graoully-1.nancy.grid5000.fr', release='4.19.0-14-amd64', version='#1 SMP Debian 4.19.171-2 (2021-01-30)', machine='x86_64', processor='')
 TIMESTAMP_DATA  1615913892.753261
 CONFIG  {'ERT_RESULTS': ['Results.graoully.01'], 'ERT_DRIVER': ['driver1'], 'ERT_KERNEL': ['kernel1'], 'ERT_OPENMP': ['False'], 'ERT_FLOPS': ['1,2,4,8,16,32'], 'ERT_ALIGN': ['64'], 'ERT_CC': ['g++'], 'ERT_CFLAGS': ['-O3', '-DERT_INTEL'], 'ERT_LD': ['g++'], 'ERT_LDFLAGS': [], 'ERT_LDLIBS': [], 'ERT_PRECISION': ['FP64'], 'ERT_RUN': ['ERT_CODE'], 'ERT_NUM_EXPERIMENTS': ['3'], 'ERT_MEMORY_MAX': ['1073741824'], 'ERT_WORKING_SET_MIN': ['1'], 'ERT_TRIALS_MIN': ['1'], 'ERT_GNUPLOT': ['gnuplo'], 'ERT_MPI': [False], 'ERT_GPU': [False], 'ERT_HIP': [False], 'ERT_OCL': [False], 'ERT_SYCL': [False], 'ERT_WSS_MULT': [1.1]}
 TIMESTAMP_DATA  1615913930.208338
 TIMESTAMP_DATA  1615913967.663917
 