fp64
 8 134217728 2622807.98 2622910.023 2623292.923 0.8186213705574809 0.8187408752755374 0.818772729218248 0.8186213705574809 0.8187408752755374 0.818772729218248
 16 67108864 1311304.092 1311315.06 1311481.953 1.6374481121052835 1.6376565125394045 1.63767021021391 1.6374481121052835 1.6376565125394045 1.63767021021391
 24 33554432 655704.021 655779.123 655900.002 2.455576659687219 2.4560292932655616 2.4563105981013957 2.455576659687219 2.4560292932655616 2.4563105981013957
 32 33554432 655969.143 656115.055 656208.992 3.2725605320568363 3.273029069573781 3.2737571132976293 3.2725605320568363 3.273029069573781 3.2737571132976293
 40 16777216 329407.93 329432.964 329476.833 4.073662077479057 4.074204547423493 4.074514174567685 4.073662077479057 4.074204547423493 4.074514174567685
 48 16777216 330410.957 330509.901 330622.911 4.871449262631409 4.873114938847173 4.874574229086477 4.871449262631409 4.873114938847173 4.874574229086477
 56 16777216 375794.888 376730.204 377464.056 4.978085097458922 4.987782163598435 5.0001962559959034 4.978085097458922 4.987782163598435 5.0001962559959034
 64 16777216 375822.067 375887.156 376064.062 5.710419752898378 5.7131072815906485 5.714096740359848 5.710419752898378 5.7131072815906485 5.714096740359848
 72 8388608 234201.193 234921.932 235436.201 5.130729882954576 5.141961594288268 5.15778564800052 5.130729882954576 5.141961594288268 5.15778564800052
 80 8388608 234288.931 234291.077 234395.027 5.726133771600879 5.728674336154937 5.728726808694176 5.726133771600879 5.728674336154937 5.728726808694176
 88 8388608 279527.187 279829.979 280177.832 5.26949258426698 5.276043021823619 5.281758185474818 5.26949258426698 5.276043021823619 5.281758185474818
 96 8388608 280321.836 280409.098 280453.92 5.742878316694593 5.7437962872374415 5.7455842861988105 5.742878316694593 5.7437962872374415 5.7455842861988105
 104 8388608 325695.038 325905.085 325994.015 5.3523389501491305 5.353799447467964 5.357252215798265 5.3523389501491305 5.353799447467964 5.357252215798265
 112 8388608 326498.032 326498.985 326509.953 5.7549491975210945 5.7551425221122825 5.755159320531525 5.7549491975210945 5.7551425221122825 5.755159320531525
 120 8388608 371334.076 371633.053 372620.106 5.4029986240194985 5.417348924558656 5.421710664657665 5.4029986240194985 5.417348924558656 5.421710664657665
 128 8388608 372646.809 372706.175 372709.99 5.761808659864471 5.761867637422429 5.762785554940844 5.761808659864471 5.761867637422429 5.762785554940844
 136 4194304 209075.928 209433.079 209537.029 5.444625675207029 5.447328060339504 5.456633381534004 5.444625675207029 5.447328060339504 5.456633381534004
 144 4194304 209372.997 209381.104 209385.872 5.769059490317474 5.769190862610028 5.769414247817258 5.769059490317474 5.769190862610028 5.769414247817258
 152 4194304 233214.855 233513.832 233633.995 5.4575466040376535 5.46035498231214 5.467355053347696 5.4575466040376535 5.46035498231214 5.467355053347696
 160 4194304 232445.002 232516.05 232555.866 5.771418726543755 5.772407023085073 5.774171388722739 5.771418726543755 5.772407023085073 5.774171388722739
 176 4194304 255553.961 255564.928 255594.015 5.7763285576150905 5.776985987686071 5.777233904819029 5.7763285576150905 5.776985987686071 5.777233904819029
 192 4194304 278547.049 278558.969 278716.803 5.778671105093007 5.781945351757818 5.7821927813710206 5.778671105093007 5.781945351757818 5.7821927813710206
 208 4194304 301639.08 301649.094 301656.961 5.784154485332762 5.784305335921214 5.784497366853128 5.784154485332762 5.784305335921214 5.784497366853128
 224 4194304 324715.137 324748.993 324836.969 5.784588489988034 5.786155561689455 5.786758847648054 5.784588489988034 5.786155561689455 5.786758847648054
 240 4194304 347767.83 347859.144 347864.866 5.787494273710297 5.787589473284049 5.789109130651906 5.787494273710297 5.787589473284049 5.789109130651906
 264 2097152 197822.809 197858.095 198343.992 5.582706311568035 5.596416239628709 5.597414482169242 5.582706311568035 5.596416239628709 5.597414482169242
 288 2097152 208517.075 208561.897 208562.851 5.791825083940764 5.791851576800723 5.7930965701489905 5.791825083940764 5.791851576800723 5.7930965701489905
 312 2097152 232047.796 233052.969 233208.895 5.611376221305795 5.615130558581298 5.63945389940269 5.611376221305795 5.615130558581298 5.63945389940269
 336 2097152 243078.947 243094.206 243206.024 5.794618574085978 5.797283971465778 5.797647889267844 5.794618574085978 5.797283971465778 5.797647889267844
 368 2097152 266150.951 266244.888 266248.941 5.7972206995557585 5.797308949646388 5.799355088533949 5.7972206995557585 5.797308949646388 5.799355088533949
 400 2097152 289216.042 289217.949 289227.009 5.800708605329455 5.800890317495474 5.80092856674942 5.800708605329455 5.800890317495474 5.80092856674942
 440 2097152 323933.125 325486.898 326772.928 5.647633576304093 5.669947919071078 5.697144310264658 5.647633576304093 5.669947919071078 5.697144310264658
 480 2097152 346908.092 347005.129 347034.931 5.801335082317693 5.801833321028519 5.8034562076459135 5.801335082317693 5.801833321028519 5.8034562076459135
 528 1048576 190735.102 197286.129 197309.971 5.611962996031254 5.612641200943226 5.80541412875329 5.611962996031254 5.612641200943226 5.80541412875329
 576 1048576 213905.096 213909.149 214036.942 5.643696554027575 5.647068195292572 5.647175193993508 5.643696554027575 5.647068195292572 5.647175193993508
 632 1048576 228902.102 231278.181 231832.981 5.717047066741553 5.7307613639524435 5.790248549137395 5.717047066741553 5.7307613639524435 5.790248549137395
 688 1048576 253551.96 253562.927 253598.928 5.689458498026458 5.690266290387159 5.69051241410242 5.689458498026458 5.690266290387159 5.69051241410242
 752 1048576 276288.986 276299.0 276441.097 5.704861980055012 5.707795916742369 5.708002793857299 5.704861980055012 5.707795916742369 5.708002793857299
 824 1048576 298623.085 298678.875 298827.887 5.782771030335598 5.785656076279247 5.786736976479899 5.782771030335598 5.785656076279247 5.786736976479899
 904 1048576 325622.082 325634.003 325957.06 5.816181456539091 5.82195160988762 5.822164751099406 5.816181456539091 5.82195160988762 5.822164751099406
 992 1048576 361443.043 361464.024 361526.012 5.754426279014192 5.755413114086286 5.755747203578075 5.754426279014192 5.755413114086286 5.755747203578075
 1088 524288 197746.038 197755.098 197780.132 5.768277513334858 5.769007724898198 5.769272039726024 5.768277513334858 5.769007724898198 5.769272039726024
 1192 524288 213818.073 214218.14 214930.058 5.815392242624343 5.834718721766513 5.845635845759399 5.815392242624343 5.834718721766513 5.845635845759399
 1304 524288 233603.954 233835.22 234120.846 5.840330441997463 5.847464312689936 5.853253254437637 5.840330441997463 5.847464312689936 5.853253254437637
 1432 524288 256299.019 256315.947 256471.872 5.854680360425646 5.8582419454377535 5.858628869742182 5.854680360425646 5.8582419454377535 5.858628869742182
 1568 524288 282911.062 282915.115 283023.119 5.809303401818563 5.811521127105563 5.8116043832884845 5.809303401818563 5.811521127105563 5.8116043832884845
 1720 524288 307718.039 307909.966 307926.893 5.857074393304128 5.857396379303942 5.861049699462046 5.857074393304128 5.857396379303942 5.861049699462046
 1888 524288 339649.916 339698.076 339715.004 5.827565649705598 5.82785605179583 5.8286824013228955 5.827565649705598 5.82785605179583 5.8286824013228955
 2072 262144 184937.954 185246.944 185890.913 5.843882944401914 5.864197878481601 5.87399564288464 5.843882944401914 5.864197878481601 5.87399564288464
 2272 262144 203872.919 203876.019 203912.02 5.841648452111847 5.842679986801194 5.84276882796778 5.841648452111847 5.842679986801194 5.84276882796778
 2496 262144 223776.102 223803.043 223953.009 5.843292098834895 5.847207573491303 5.847911534360358 5.843292098834895 5.847207573491303 5.847911534360358
 2744 262144 244640.827 244807.959 244878.054 5.8749497903148145 5.87663194398022 5.880646700070222 5.8749497903148145 5.87663194398022 5.880646700070222
 3016 262144 268662.93 268745.899 268778.086 5.8831158132437915 5.883820418781536 5.885637471459126 5.8831158132437915 5.883820418781536 5.885637471459126
 3312 262144 296080.828 296125.889 296216.011 5.862079669960851 5.863863716420957 5.8647561469262035 5.862079669960851 5.863863716420957 5.8647561469262035
 3640 262144 324153.9 324234.962 324307.203 5.884569637511258 5.885880745951141 5.887352643296902 5.884569637511258 5.885880745951141 5.887352643296902
 4000 262144 357140.064 357146.025 357178.926 5.87143262757893 5.871973515594916 5.8720715242969765 5.87143262757893 5.871973515594916 5.8720715242969765
 4400 131072 196302.891 196304.083 196365.118 5.873923086482193 5.875749410673236 5.8757850896857144 5.873923086482193 5.875749410673236 5.8757850896857144
 4840 131072 215207.815 215213.776 215306.044 5.892899876048069 5.895426322523146 5.895589618806362 5.892899876048069 5.895426322523146 5.895589618806362
 5320 131072 236507.893 236572.981 236617.088 5.893936451453583 5.895035325272416 5.896657664613332 5.893936451453583 5.895035325272416 5.896657664613332
 5848 131072 259962.082 259988.07 260101.795 5.893915926262638 5.896494066054646 5.897083529281782 5.893915926262638 5.896494066054646 5.897083529281782
 6432 131072 286406.04 286413.193 286501.169 5.885177410916603 5.8869851292080675 5.887132156849765 5.885177410916603 5.8869851292080675 5.887132156849765
 7072 131072 314795.017 314813.852 314869.881 5.887772949614066 5.888820826092494 5.889173169472374 5.887772949614066 5.888820826092494 5.889173169472374
 7776 131072 345990.896 346020.937 346023.083 5.89102821212653 5.891064747911483 5.891576245405023 5.89102821212653 5.891064747911483 5.891576245405023
 8552 65536 189913.988 189926.863 189990.997 5.899899267332126 5.9018915296884575 5.902291641624629 5.899899267332126 5.9018915296884575 5.902291641624629
 9400 65536 208719.015 208761.93 208773.136 5.901510240283022 5.901827023729854 5.9030405063956435 5.901510240283022 5.901827023729854 5.9030405063956435
 10336 65536 229767.084 229769.945 229892.969 5.893004026582475 5.89615927357253 5.8962326910150455 5.893004026582475 5.89615927357253 5.8962326910150455
 11368 65536 252365.828 252384.901 252452.135 5.90221388303965 5.903786201536676 5.904232390765678 5.90221388303965 5.903786201536676 5.904232390765678
 12504 65536 277569.056 277634.859 277645.111 5.90294668649865 5.9031646598815595 5.904564116830084 5.90294668649865 5.9031646598815595 5.904564116830084
 13752 65536 305205.822 305279.97 305330.992 5.9034365695834765 5.904423221739704 5.905857667420251 5.9034365695834765 5.904423221739704 5.905857667420251
 15120 65536 335867.167 335908.89 335922.956 5.899592762573809 5.899839804775634 5.9005727106395005 5.899592762573809 5.899839804775634 5.9005727106395005
 16632 32768 184551.001 184570.074 184633.017 5.9035743969888115 5.905587663144134 5.906197994558696 5.9035743969888115 5.905587663144134 5.906197994558696
 18288 32768 203032.97 203037.977 203142.881 5.899898446355104 5.902946757591068 5.903092330275225 5.899898446355104 5.902946757591068 5.903092330275225
 20112 32768 223265.886 223268.032 223449.945 5.898681389248048 5.903487481808412 5.903544225291991 5.898681389248048 5.903487481808412 5.903544225291991
 22120 32768 245370.865 245383.024 245383.978 5.9077056775076 5.907728645482827 5.908021394471589 5.9077056775076 5.907728645482827 5.908021394471589
 24328 32768 269858.122 269901.037 269915.104 5.906893628301734 5.907201490300314 5.908140900795272 5.906893628301734 5.907201490300314 5.908140900795272
 26760 32768 296812.057 297130.108 299365.044 5.858210219092915 5.90227416469017 5.908598787144284 5.858210219092915 5.90227416469017 5.908598787144284
 29432 32768 326437.95 326442.003 328933.001 5.863976998768816 5.908723553567951 5.908796915309631 5.863976998768816 5.908723553567951 5.908796915309631
 32368 32768 359138.966 359189.987 372674.942 5.692009332894725 5.905702621938622 5.906541614312048 5.692009332894725 5.905702621938622 5.906541614312048
 35600 16384 197568.893 197764.874 204305.887 5.709775754038844 5.898624848819209 5.9044760654704875 5.709775754038844 5.898624848819209 5.9044760654704875
 39160 16384 217155.933 217200.994 217204.094 5.90778404020322 5.907868359018651 5.909094272823759 5.90778404020322 5.907868359018651 5.909094272823759
 43072 16384 238905.191 238953.829 239038.944 5.904407342094014 5.906510483244861 5.907712972214153 5.904407342094014 5.906510483244861 5.907712972214153
 47376 16384 262763.977 262805.939 263101.816 5.900441097677563 5.907084040440958 5.908027370129201 5.900441097677563 5.907084040440958 5.908027370129201
 52112 16384 289016.962 289021.969 289071.083 5.90721838475971 5.908222208533912 5.908324564009499 5.90721838475971 5.908222208533912 5.908324564009499
 57320 16384 317811.012 317826.033 317851.067 5.909251077014632 5.909716527217265 5.909995843693421 5.909251077014632 5.909716527217265 5.909995843693421
 63048 16384 349614.143 349694.967 349900.961 5.904404658094093 5.907882751998543 5.909248539753725 5.904404658094093 5.907882751998543 5.909248539753725
 69352 8192 192246.199 192246.914 192264.795 5.909886768401879 5.9104364504909555 5.910458432522767 5.909886768401879 5.9104364504909555 5.910458432522767
 76280 8192 211452.961 211453.199 211467.028 5.910006547214538 5.910393060546698 5.910399712965002 5.910006547214538 5.910393060546698 5.910399712965002
 83904 8192 232609.034 232609.034 232631.922 5.909262684937969 5.909844137867835 5.909844137867835 5.909262684937969 5.909844137867835 5.909844137867835
 92288 8192 255883.932 255885.839 256051.064 5.905254086348964 5.909067097691169 5.90911113559096 5.905254086348964 5.909067097691169 5.90911113559096
 101512 8192 281387.091 281493.902 281615.019 5.905837742268996 5.908378818096031 5.9106215643702 5.905837742268996 5.908378818096031 5.9106215643702
 111656 8192 309478.045 309493.065 309512.138 5.91050133226116 5.910865576260973 5.911152450248935 5.91050133226116 5.910865576260973 5.911152450248935
 122816 8192 340448.141 340464.115 340481.043 5.909924753138166 5.9102185967528476 5.910495907216601 5.909924753138166 5.9102185967528476 5.910495907216601
 135096 4096 187206.03 187235.117 187333.107 5.907692717657215 5.910784524465034 5.9117029082877295 5.907692717657215 5.910784524465034 5.9117029082877295
 148600 4096 205922.842 205940.008 205941.916 5.911041441413024 5.911096206231089 5.911588963015575 5.911041441413024 5.911096206231089 5.911588963015575
 163456 4096 226521.015 226535.082 226541.042 5.910768045288677 5.910923553995049 5.911290623521177 5.910768045288677 5.910923553995049 5.911290623521177
 179800 4096 249185.801 249204.874 249212.98 5.91029247353007 5.9104847202948365 5.910937116356802 5.91029247353007 5.9104847202948365 5.910937116356802
 197776 4096 274070.024 274119.139 274186.85 5.909039736953104 5.910499346782204 5.911558543885121 5.909039736953104 5.910499346782204 5.911558543885121
 217552 4096 301489.115 301678.181 301680.088 5.907536012121556 5.907573355462522 5.911278037351366 5.907536012121556 5.907573355462522 5.911278037351366
 239304 4096 331643.82 331727.028 331947.088 5.905695331781311 5.909613032797557 5.91109572914701 5.905695331781311 5.909613032797557 5.91109572914701
 263232 2048 182382.107 182398.081 182403.088 5.911074663385086 5.911236927980618 5.9117546657140005 5.911074663385086 5.911236927980618 5.9117546657140005
 289552 2048 200614.929 200635.91 200903.893 5.903344998894571 5.91122990894302 5.911848125719497 5.903344998894571 5.91122990894302 5.911848125719497
 318504 2048 220685.959 220689.774 220695.019 5.911290567006408 5.91143105706384 5.911533248021456 5.911290567006408 5.91143105706384 5.911533248021456
 350352 2048 242758.989 243083.0 243169.069 5.901415825217475 5.903505354138299 5.911384776775455 5.901415825217475 5.903505354138299 5.911384776775455
 385384 2048 267007.113 267032.862 267215.967 5.907329871496788 5.911380540122436 5.911950607847664 5.907329871496788 5.911380540122436 5.911950607847664
 423920 2048 293709.993 293728.113 293764.83 5.910769917556162 5.9115087836348845 5.911873485353288 5.910769917556162 5.9115087836348845 5.911873485353288
 466312 2048 323204.994 323215.961 323275.089 5.9083239537829035 5.909404801949122 5.909605320021756 5.9083239537829035 5.909404801949122 5.909605320021756
 512936 2048 355403.185 355468.988 355497.122 5.909993994269241 5.910461747509744 5.911556071170268 5.909993994269241 5.910461747509744 5.911556071170268
 564224 1024 195407.152 195412.159 195463.896 5.91173498352862 5.913300164704695 5.913451683692724 5.91173498352862 5.913300164704695 5.913451683692724
 620640 1024 214982.986 215091.944 215248.108 5.905142357859888 5.909429690216571 5.912424716251731 5.905142357859888 5.909429690216571 5.912424716251731
 682704 1024 236433.029 236438.036 236483.097 5.912379403590101 5.913506200838177 5.9136314326032675 5.912379403590101 5.913506200838177 5.9136314326032675
 750968 1024 260085.821 260102.987 260119.2 5.912606466573786 5.91297501708429 5.9133652810700505 5.912606466573786 5.91297501708429 5.9133652810700505
 826064 1024 286092.043 286095.142 286150.932 5.912191374585494 5.913344281812378 5.913408336211574 5.912191374585494 5.913344281812378 5.913408336211574
 908664 1024 314685.822 314707.041 314707.041 5.913257822534704 5.913257822534704 5.913656548530489 5.913257822534704 5.913257822534704 5.913656548530489
 999528 1024 346188.784 346208.811 346215.963 5.9125908761174015 5.9127130187336565 5.913055068820485 5.9125908761174015 5.9127130187336565 5.913055068820485
 1099480 512 190283.06 190289.021 190314.054 5.915840140739158 5.916618384410102 5.916803734394432 5.915840140739158 5.916618384410102 5.916803734394432
 1209424 512 209303.856 209310.055 209319.115 5.91656512593224 5.916821224857067 5.916996464699627 5.91656512593224 5.916821224857067 5.916996464699627
 1330360 512 230237.007 230244.16 230327.129 5.914581777294676 5.916713110117538 5.916896930474778 5.914581777294676 5.916713110117538 5.916896930474778
 1463392 512 253251.076 253255.129 253266.096 5.916754874288424 5.917011094373533 5.917105789513013 5.916754874288424 5.917011094373533 5.917105789513013
 1609728 512 278570.89 278619.051 278887.987 5.910478575041671 5.916183642445901 5.917206467624811 5.910478575041671 5.916183642445901 5.917206467624811
 1770696 512 306464.195 306617.022 306762.934 5.910729436431848 5.913542216844047 5.916491171179067 5.910729436431848 5.913542216844047 5.916491171179067
 1947760 512 337074.995 337097.883 337111.95 5.916450722082086 5.9166976139093705 5.917099368346798 5.916450722082086 5.9166976139093705 5.917099368346798
 2142536 256 185188.055 185195.923 185197.115 5.923301947765223 5.923340072664558 5.923591734898885 5.923301947765223 5.923340072664558 5.923591734898885
 2356784 256 203710.079 203721.046 203809.977 5.920580659306977 5.923165189324622 5.923484070712083 5.920580659306977 5.923165189324622 5.923484070712083
 2592456 256 224071.026 224094.152 224190.95 5.920566695488823 5.92312409830311 5.923735414144977 5.920566695488823 5.92312409830311 5.923735414144977
 2851696 256 246477.127 246482.849 246721.983 5.917868907530627 5.923610336068454 5.923747853487435 5.917868907530627 5.923610336068454 5.923747853487435
 3136864 256 271130.085 271147.013 271428.823 5.917110608404326 5.92326041223991 5.923630230853946 5.917110608404326 5.92326041223991 5.923630230853946
 3450544 256 298228.025 298233.032 298430.204 5.9199052385461615 5.923819089228184 5.9239185452138505 5.9199052385461615 5.923819089228184 5.9239185452138505
 3795592 256 328054.905 328235.865 328438.997 5.916907315363651 5.920569051770134 5.923834926351733 5.916907315363651 5.920569051770134 5.923834926351733
 4175144 256 360846.996 360850.096 361036.062 5.920942401593114 5.923993790485233 5.92404468291597 5.920942401593114 5.923993790485233 5.92404468291597
 4592656 128 198029.995 198045.015 198048.115 5.936536866306453 5.936629790959393 5.937080067087817 5.936536866306453 5.936629790959393 5.937080067087817
 5051920 128 217835.903 217845.917 217914.104 5.93486835528553 5.936726002535085 5.93699891610613 5.93486835528553 5.936726002535085 5.93699891610613
 5557112 128 239603.043 239628.077 239698.887 5.935032447605817 5.936786247297724 5.93740652951557 5.935032447605817 5.936786247297724 5.93740652951557
 6112816 128 263569.117 263579.13 263653.994 5.935358202842169 5.937044014068944 5.93726956257929 5.935358202842169 5.937044014068944 5.93726956257929
 6724096 128 289927.959 289937.973 290006.161 5.935627608959658 5.937023557793859 5.937228620300122 5.935627608959658 5.937023557793859 5.937228620300122
 7396504 128 318929.911 318939.924 318951.13 5.93666190804842 5.9368704935165155 5.937056885203846 5.93666190804842 5.9368704935165155 5.937056885203846
 8136152 128 350826.025 350838.184 350950.003 5.93490495567826 5.936796526115869 5.937002284821943 5.93490495567826 5.936796526115869 5.937002284821943
 8949760 64 192077.875 192088.842 192111.015 5.96305880742965 5.963747129049796 5.964087638932906 5.96305880742965 5.963747129049796 5.964087638932906
 9844736 64 211303.949 211315.87 211329.937 5.962838137788306 5.963235075529349 5.963571499555837 5.962838137788306 5.963235075529349 5.963571499555837
 10829208 64 232408.047 232453.823 232494.116 5.962037439261474 5.96307088483548 5.964245394652794 5.962037439261474 5.96307088483548 5.964245394652794
 11912128 64 255639.076 255686.998 255705.118 5.962932599573544 5.963355180070595 5.9644730682722376 5.962932599573544 5.963355180070595 5.9644730682722376
 13103336 64 281291.962 281372.07 281428.099 5.959699880572338 5.960886622471093 5.962584199259842 5.959699880572338 5.960886622471093 5.962584199259842
 14413664 64 309348.106 309357.882 309365.034 5.963663598776325 5.9638014718500045 5.963989939540796 5.963663598776325 5.9638014718500045 5.963989939540796
 15855024 64 340295.076 340322.971 340334.892 5.9630767215017135 5.963285599078763 5.963774427344344 5.9630767215017135 5.963285599078763 5.963774427344344
 17440520 32 185524.94 185636.044 185636.997 6.012773843782875 6.01280471156776 6.016405557118089 6.012773843782875 6.01280471156776 6.016405557118089
 19184568 32 204027.176 204076.052 204129.934 6.014856948907846 6.016445045693063 6.01788632314354 6.014856948907846 6.016445045693063 6.01788632314354
 21103024 32 224838.018 224872.828 224925.995 6.004612921685642 6.006032600790702 6.0069624701993245 6.004612921685642 6.006032600790702 6.0069624701993245
 23213320 32 247463.942 247774.839 247863.054 5.993844003874817 5.9959779854806 6.003510927664766 5.993844003874817 5.9959779854806 6.003510927664766
 25534648 32 272295.952 272723.913 272839.069 5.989675444904849 5.9922045486345015 6.00162235243218 5.989675444904849 5.9922045486345015 6.00162235243218
 28088112 32 299719.81 299972.057 300007.105 5.991988649735479 5.99268873900478 5.997732241989611 5.991988649735479 5.99268873900478 5.997732241989611
 30896920 32 329483.032 329994.917 330035.925 5.991477685345921 5.992222237774651 6.001531757180139 5.991477685345921 5.992222237774651 6.001531757180139
 33986608 16 178125.143 178413.153 178451.777 6.094483755126742 6.095803127250377 6.105659412719741 6.094483755126742 6.095803127250377 6.105659412719741
 37385264 16 195936.918 196216.106 196217.06 6.096964494320728 6.096994137677974 6.105681666382034 6.096964494320728 6.096994137677974 6.105681666382034
 41123784 16 215585.947 215806.961 215821.981 6.097437721137403 6.097862098155396 6.10411349307476 6.097437721137403 6.097862098155396 6.10411349307476
 45236160 16 237034.082 237221.956 237360.001 6.0985722695543805 6.102121171279777 6.10695773277026 6.0985722695543805 6.102121171279777 6.10695773277026
 49759776 16 260788.202 261232.853 261265.993 6.094604252609333 6.095377414111081 6.105770198914137 6.094604252609333 6.095377414111081 6.105770198914137
 54735752 16 286827.087 287232.161 287276.983 6.097056734962996 6.098008168381951 6.106620132428428 6.097056734962996 6.098008168381951 6.106620132428428
 60209320 16 315507.174 315978.05 315986.872 6.097399641336999 6.097569878667205 6.106670145002788 6.097399641336999 6.097569878667205 6.106670145002788
 66230248 16 347062.826 347701.073 347739.22 6.094704922844195 6.09537358545914 6.106582950488625 6.094704922844195 6.09537358545914 6.106582950488625
 72853272 8 184129.953 184422.97 184474.945 6.318757010606507 6.32053779418041 6.330596043762634 6.318757010606507 6.32053779418041 6.330596043762634
 80138592 8 202624.798 202823.877 202953.815 6.317779599264985 6.321827049977946 6.328038249296613 6.317779599264985 6.321827049977946 6.328038249296613
 88152448 8 222812.891 223083.973 223114.014 6.321607247853109 6.322458529999373 6.330150655421458 6.321607247853109 6.322458529999373 6.330150655421458
 96967688 8 245109.081 245497.227 245661.974 6.315519584646829 6.319757770624431 6.329765513665322 6.315519584646829 6.319757770624431 6.329765513665322
 106664456 8 269685.984 270080.09 270102.024 6.318469112989691 6.318982254486067 6.328216508278013 6.318469112989691 6.318982254486067 6.328216508278013
 117330896 8 296631.098 297041.893 297089.815 6.318945454255981 6.319964894648716 6.328717213594375 6.318945454255981 6.319964894648716 6.328717213594375
 129063984 8 326273.918 326858.997 326908.112 6.316832370314505 6.317781560101893 6.329110695265565 6.316832370314505 6.317781560101893 6.329110695265565
 141970376 4 166332.96 166574.955 166643.858 6.8155107642791135 6.81832997043283 6.82824984296558 6.8155107642791135 6.81832997043283 6.82824984296558
 156167408 4 183004.856 183241.844 183315.992 6.815222449332189 6.817980198889507 6.826809360730843 6.815222449332189 6.817980198889507 6.826809360730843
 171784144 4 201342.821 201522.827 201667.07 6.814563984095172 6.819441610949613 6.825538378644253 6.814563984095172 6.819441610949613 6.825538378644253
 188962552 4 221342.802 221605.062 221680.88 6.819263871561679 6.82159695431506 6.829679584520666 6.819263871561679 6.82159695431506 6.829679584520666
 207858800 4 243538.857 243620.872 243959.904 6.81616270844245 6.82564833771714 6.827946967000835 6.81616270844245 6.82564833771714 6.827946967000835
 228644680 4 267889.023 268240.929 268336.058 6.816666584555698 6.819084048131968 6.828041774597087 6.816666584555698 6.819084048131968 6.828041774597087
 251509144 4 294708.967 294757.843 295179.129 6.816447893238413 6.826190378927423 6.827322468270876 6.816447893238413 6.826190378927423 6.827322468270876
 276660056 2 136572.123 136604.071 136848.927 8.086583126808147 8.10107792468352 8.102972991054697 8.086583126808147 8.10107792468352 8.102972991054697
 304326056 2 150279.999 150388.956 150604.01 8.082814156143652 8.094372461765078 8.100241097286673 8.082814156143652 8.094372461765078 8.100241097286673
 334758656 2 165235.043 165461.063 165651.083 8.083464350184778 8.092747621233402 8.103817445068236 8.083464350184778 8.092747621233402 8.103817445068236
 368234520 2 181649.923 181957.96 182135.82 8.087031315421646 8.09493621493668 8.108663387652523 8.087031315421646 8.09493621493668 8.108663387652523
 405057968 2 199892.044 200078.964 200228.93 8.091896970133137 8.097962122594756 8.105534565447737 8.091896970133137 8.097962122594756 8.105534565447737
 445563760 2 219811.916 220218.897 220304.012 8.089979950070088 8.093106741879648 8.108091100939223 8.089979950070088 8.093106741879648 8.108091100939223
 490120136 2 241848.946 242246.866 242462.873 8.085693779599815 8.0929036415274 8.106219094293674 8.085693779599815 8.0929036415274 8.106219094293674
 539132144 1 133060.932 133349.18 133416.176 8.081960676192669 8.086021136387942 8.103537768696825 8.081960676192669 8.086021136387942 8.103537768696825
 593045352 1 146345.854 146769.047 146881.104 8.07517557874565 8.081340911070983 8.104709983789496 8.07517557874565 8.081340911070983 8.104709983789496
 652349880 1 161049.128 161278.009 161370.039 8.085142496619216 8.089756117959022 8.101253177850179 8.085142496619216 8.089756117959022 8.101253177850179
 717584864 1 177057.028 177380.8 177444.935 8.087972350408311 8.090896692313938 8.10569195818649 8.087972350408311 8.090896692313938 8.10569195818649
 789343344 1 194900.99 195150.852 195254.803 8.085264299490753 8.089571077045566 8.099941862788896 8.085264299490753 8.089571077045566 8.099941862788896
 868277672 1 214363.098 214736.938 214782.0 8.085199616355187 8.08689627492034 8.100999473332859 8.085199616355187 8.08689627492034 8.100999473332859
 955105432 1 235959.053 236258.03 236400.127 8.0804138654291 8.085273816936507 8.095518437260383 8.0804138654291 8.085273816936507 8.095518437260383
 1050615968 1 259275.913 259855.032 259921.074 8.084115318790966 8.086169891834151 8.10423117090711 8.084115318790966 8.086169891834151 8.10423117090711
 
META_DATA
 FLOPS          16
 ERT_VERSION  1.1.0
 HOSTNAME  ('graoully-2.nancy.grid5000.fr', [], ['172.16.70.2'])
 UNAME  uname_result(system='Linux', node='graoully-2.nancy.grid5000.fr', release='4.19.0-14-amd64', version='#1 SMP Debian 4.19.171-2 (2021-01-30)', machine='x86_64', processor='')
 TIMESTAMP_DATA  1615569244.1599064
 CONFIG  {'ERT_RESULTS': ['Results.graoully.01'], 'ERT_SPEC_GBYTES_DRAM': ['59.00'], 'ERT_SPEC_GFLOPS': ['51.2'], 'ERT_DRIVER': ['driver1'], 'ERT_KERNEL': ['kernel1'], 'ERT_OPENMP': ['False'], 'ERT_FLOPS': ['1,2,4,8,16'], 'ERT_ALIGN': ['32'], 'ERT_CC': ['g++'], 'ERT_CFLAGS': ['-O3'], 'ERT_LD': ['g++'], 'ERT_LDFLAGS': [], 'ERT_LDLIBS': [], 'ERT_PRECISION': ['FP64'], 'ERT_RUN': ['ERT_CODE'], 'ERT_NUM_EXPERIMENTS': ['3'], 'ERT_MEMORY_MAX': ['1073741824'], 'ERT_WORKING_SET_MIN': ['1'], 'ERT_TRIALS_MIN': ['1'], 'ERT_GNUPLOT': ['gnuplo'], 'ERT_MPI': [False], 'ERT_GPU': [False], 'ERT_HIP': [False], 'ERT_OCL': [False], 'ERT_SYCL': [False], 'ERT_WSS_MULT': [1.1]}
 TIMESTAMP_DATA  1615569366.1833549
 TIMESTAMP_DATA  1615569488.1253471
 