fp64
 8 134217728 1280028.105 1280121.088 1280202.15 1.6774566797907662 1.677562902549419 1.6776847630232308 0.8387283398953831 0.8387814512747095 0.8388423815116154
 16 67108864 639901.876 639904.976 640088.081 3.3549814654336614 3.3559414734102644 3.3559577312444073 1.6774907327168307 1.6779707367051322 1.6779788656222037
 24 33554432 319976.091 319977.045 320083.141 5.031857444813065 5.0335258768328215 5.033540884153123 2.5159287224065325 2.5167629384164107 2.5167704420765613
 32 33554432 319942.951 319991.112 320080.996 6.7091882205965145 6.711072800047021 6.712083017575218 3.3545941102982573 3.3555364000235106 3.356041508787609
 40 16777216 160732.985 160736.084 160798.073 8.346973660561218 8.35019272959269 8.350353724843721 4.173486830280609 4.175096364796345 4.175176862421861
 48 16777216 160691.023 160768.032 160804.987 10.015937727105442 10.018240044140118 10.02304115022032 5.007968863552721 5.009120022070059 5.01152057511016
 56 16777216 160224.915 160366.774 160515.785 11.706314067491867 11.717191442661306 11.727565541226843 5.8531570337459335 5.858595721330653 5.863782770613422
 64 16777216 161674.976 161699.057 161870.003 13.26671778711217 13.280743177123167 13.282721303759464 6.633358893556085 6.6403715885615835 6.641360651879732
 72 8388608 84421.158 84506.035 84557.772 14.285612350334867 14.294358408840266 14.30872995132334 7.142806175167434 7.147179204420133 7.15436497566167
 80 8388608 84801.197 84815.025 84930.897 15.803168545364594 15.824758408076873 15.827338852304173 7.901584272682297 7.912379204038436 7.913669426152087
 88 8388608 93584.061 93595.028 93605.042 15.772601309232893 15.774288865002527 15.776137434343653 7.886300654616447 7.887144432501263 7.8880687171718264
 96 8388608 92530.012 92972.04 93010.902 17.316386588746337 17.32362478009518 17.406382007169736 8.658193294373168 8.66181239004759 8.703191003584868
 104 8388608 108735.085 108830.929 108885.05 16.024518186840158 16.03248708829822 16.046618844322417 8.012259093420079 8.01624354414911 8.023309422161208
 112 8388608 108340.025 108591.08 114329.1 16.435432378983126 17.303890816814786 17.343988908992777 8.217716189491563 8.651945408407393 8.671994454496389
 120 8388608 124601.841 124643.803 124840.021 16.126766912350966 16.152154150816465 16.157593690770586 8.063383456175483 8.076077075408232 8.078796845385293
 128 8388608 123144.865 123990.059 129423.857 16.59264140149988 17.31980503372452 17.438677999281577 8.29632070074994 8.65990251686226 8.719338999640788
 136 4194304 69936.037 69980.145 70035.934 16.28950487045693 16.3024910565704 16.31277288417129 8.144752435228465 8.1512455282852 8.156386442085646
 144 4194304 69618.94 69814.205 74477.911 16.21903106278048 17.302489543496197 17.35101901867509 8.10951553139024 8.651244771748098 8.675509509337545
 152 4194304 77488.899 77497.959 77655.077 16.4196400964228 16.452928986168526 16.454852662185846 8.2098200482114 8.226464493084263 8.227426331092923
 160 4194304 77292.919 77319.86 81696.987 16.428724354302076 17.358765005523807 17.364815527280065 8.214362177151038 8.679382502761904 8.682407763640033
 176 4194304 84686.995 84909.201 85032.94 17.36262450763198 17.387927228287072 17.43355054692872 8.68131225381599 8.693963614143536 8.71677527346436
 192 4194304 92692.137 92986.107 98981.142 16.27191506842788 17.32100405063737 17.375937033364544 8.13595753421394 8.660502025318685 8.687968516682272
 208 4194304 100534.916 100807.19 100922.108 17.28888247161861 17.30859142090956 17.355467467640796 8.644441235809305 8.65429571045478 8.677733733820398
 224 4194304 107872.009 108527.899 112535.954 16.697314282331494 17.313964513401295 17.419237941512705 8.348657141165747 8.656982256700648 8.709618970756352
 240 4194304 115731.001 115978.003 116209.03 17.3245221993506 17.359032471010902 17.396081452712917 8.6622610996753 8.679516235505451 8.698040726356458
 264 2097152 65703.869 65706.015 65717.936 16.84922447960021 16.852281423550036 16.852831847695295 8.424612239800105 8.426140711775018 8.426415923847648
 288 2097152 69000.959 69331.884 69770.098 17.31342776672035 17.42285774319936 17.506416860090305 8.656713883360174 8.71142887159968 8.753208430045152
 312 2097152 77278.852 77314.138 77604.055 16.862815325822858 16.92604848029218 16.9337770183232 8.431407662911429 8.46302424014609 8.4668885091616
 336 2097152 80881.119 81388.95 81588.03 17.27319735505319 17.315448153588417 17.424167239822683 8.636598677526594 8.657724076794208 8.712083619911342
 368 2097152 88654.041 88871.002 88968.039 17.348970364514834 17.36791346180614 17.410417557841498 8.674485182257417 8.68395673090307 8.705208778920749
 400 2097152 95664.024 96348.047 96457.958 17.39329377053576 17.413135525206854 17.537644036382996 8.69664688526788 8.706567762603427 8.768822018191498
 440 2097152 108031.034 108057.976 108150.005 17.064204111687282 17.07873706610977 17.08299635454753 8.532102055843641 8.539368533054885 8.541498177273764
 480 2097152 115076.065 115440.13 116016.15 17.35332468798525 17.439913832390864 17.495088313977366 8.676662343992625 8.719956916195432 8.747544156988683
 528 1048576 63278.913 63565.016 63600.063 17.41030124451292 17.41990053144956 17.498661141666574 8.70515062225646 8.70995026572478 8.749330570833287
 576 1048576 70691.109 70741.892 71070.91 16.996539821989053 17.07559011851139 17.087856861886266 8.498269910994527 8.537795059255695 8.543928430943133
 632 1048576 78115.94 78222.036 78309.059 16.92524569858514 16.94407524754278 16.967088458514358 8.46262284929257 8.47203762377139 8.483544229257179
 688 1048576 84230.185 84233.999 84233.999 17.12895734654602 17.12895734654602 17.129732957371516 8.56447867327301 8.56447867327301 8.564866478685758
 752 1048576 91742.039 91742.992 91744.184 17.18973601639969 17.189959359511622 17.19013792575506 8.594868008199844 8.594979679755811 8.59506896287753
 824 1048576 100230.932 100726.128 100999.117 17.109587680850716 17.155958263381276 17.24071814477391 8.554793840425358 8.577979131690638 8.620359072386956
 904 1048576 109933.138 109944.105 110058.069 17.22568299830883 17.243538505315954 17.245258731721094 8.612841499154415 8.621769252657977 8.622629365860547
 992 1048576 119918.108 119966.984 120187.998 17.309338857612055 17.341227683109878 17.34829558851946 8.654669428806027 8.670613841554939 8.67414779425973
 1088 524288 65609.932 65770.149 65860.987 17.32210129192264 17.346025595897615 17.3883839416264 8.66105064596132 8.673012797948807 8.6941919708132
 1192 524288 71930.885 71938.992 71943.045 17.373501385714214 17.374480198443706 17.37643839638564 8.686750692857107 8.687240099221853 8.68821919819282
 1304 524288 78039.169 78804.016 79019.07 17.30396351159283 17.351185553792078 17.521241211576715 8.651981755796415 8.675592776896039 8.760620605788358
 1432 524288 85790.873 86230.04 86411.953 17.37677230834026 17.41343077192125 17.502570838741786 8.68838615417013 8.706715385960624 8.751285419370893
 1568 524288 94086.885 94408.035 94508.886 17.3969585039866 17.415542734259855 17.47498780515478 8.6984792519933 8.707771367129927 8.73749390257739
 1720 524288 103085.041 103227.139 103636.98 17.4025788864168 17.471672057093436 17.495755955512497 8.7012894432084 8.735836028546718 8.747877977756248
 1888 524288 112565.994 113201.141 113524.914 17.43856408470831 17.488441110324143 17.587118610616987 8.719282042354155 8.744220555162071 8.793559305308493
 2072 262144 61930.18 62191.963 62247.038 17.45183017383092 17.46728489660312 17.541120274476835 8.72591508691546 8.73364244830156 8.770560137238418
 2272 262144 67715.168 67880.869 67941.904 17.532366122680344 17.54813032814886 17.59107111718308 8.766183061340172 8.77406516407443 8.79553555859154
 2496 262144 73807.001 74776.888 74903.965 17.470675257311143 17.500365193052698 17.730334931235046 8.735337628655572 8.750182596526349 8.865167465617523
 2744 262144 81459.045 81804.037 81988.096 17.547014044575445 17.586494808318566 17.660976408451635 8.773507022287722 8.793247404159283 8.830488204225817
 3016 262144 89671.135 89701.891 89732.17 17.621914281132398 17.62786258318679 17.63390870428929 8.810957140566199 8.813931291593395 8.816954352144645
 3312 262144 98283.052 98294.02 98432.064 17.641018438869676 17.66579346332564 17.667764896027037 8.820509219434838 8.83289673166282 8.833882448013519
 3640 262144 107944.012 108303.07 108483.791 17.59164482000818 17.62099929392583 17.679612649565033 8.79582241000409 8.810499646962915 8.839806324782517
 4000 262144 118396.997 118912.935 119045.019 17.616461550566846 17.63602925114917 17.71288168736239 8.808230775283423 8.818014625574586 8.856440843681195
 4400 131072 65165.997 65169.096 65170.05 17.698829446962215 17.69908853730302 17.699930225881452 8.849414723481107 8.84954426865151 8.849965112940726
 4840 131072 71702.003 71717.024 71717.024 17.691433487256806 17.691433487256806 17.695139702024782 8.845716743628403 8.845716743628403 8.847569851012391
 5320 131072 78759.909 78793.049 78794.003 17.699393696243607 17.699607994608762 17.707055502057525 8.849696848121804 8.849803997304381 8.853527751028762
 5848 131072 85986.137 86879.015 86919.785 17.637159502868077 17.645436150490426 17.82866593948743 8.818579751434038 8.822718075245213 8.914332969743715
 6432 131072 94526.052 95023.155 95459.938 17.663013860327464 17.744203589114676 17.837518571070756 8.831506930163732 8.872101794557338 8.918759285535378
 7072 131072 104480.028 104965.21 105803.013 17.52201865933629 17.661874520138625 17.743892335097765 8.761009329668145 8.830937260069312 8.871946167548883
 7776 131072 114871.025 115027.189 115207.911 17.693504953839497 17.721303647609783 17.7453952726547 8.846752476919749 8.860651823804892 8.87269763632735
 8552 65536 63174.009 63218.117 63230.038 17.727772739912 17.731115654710184 17.743495493534375 8.863886369956 8.865557827355092 8.871747746767188
 9400 65536 68896.055 69235.802 69709.063 17.67455689369975 17.795371244489953 17.88312552874036 8.837278446849876 8.897685622244976 8.94156276437018
 10336 65536 75714.111 76758.862 77011.108 17.591750426444978 17.649560672225704 17.893100428795897 8.795875213222489 8.824780336112852 8.946550214397949
 11368 65536 83900.213 83902.836 83905.935 17.75829678794474 17.758952700955188 17.759507904944176 8.87914839397237 8.879476350477594 8.879753952472088
 12504 65536 91890.097 92631.102 93631.983 17.503893813719614 17.693023753512076 17.835700924333555 8.751946906859807 8.846511876756038 8.917850462166777
 13752 65536 100221.157 101037.025 101104.021 17.828194429576644 17.84001601393153 17.985245809924145 8.914097214788322 8.920008006965764 8.992622904962072
 15120 65536 111477.137 111528.873 111577.988 17.761645244938453 17.769467104720047 17.77771382844179 8.880822622469227 8.884733552360023 8.888856914220895
 16632 32768 61119.08 61352.968 61565.161 17.704733233784605 17.765966138753058 17.833952212631473 8.852366616892303 8.882983069376529 8.916976106315737
 18288 32768 67395.926 67416.906 67434.072 17.773246260436416 17.77777176543818 17.783305893000115 8.886623130218208 8.88888588271909 8.891652946500058
 20112 32768 74102.879 74103.117 74108.124 17.785634838091436 17.786836578007915 17.786893704899104 8.892817419045718 8.893418289003957 8.893446852449552
 22120 32768 81523.895 81525.087 81531.048 17.780420533782422 17.781720613189904 17.781980608262156 8.890210266891211 8.890860306594952 8.890990304131078
 24328 32768 89648.008 89653.969 89659.929 17.782300586028793 17.78348271452433 17.784665198584225 8.891150293014396 8.891741357262164 8.892332599292113
 26760 32768 98603.964 98610.878 98731.041 17.762836715152233 17.784481748555166 17.785728776583465 8.881418357576116 8.892240874277583 8.892864388291732
 29432 32768 108259.916 109165.907 109927.893 17.546552556956584 17.669028774707105 17.816894962305348 8.773276278478292 8.834514387353552 8.908447481152674
 32368 32768 119215.012 119216.919 119348.049 17.773807496425853 17.79335740089039 17.793642028908238 8.886903748212927 8.896678700445195 8.896821014454119
 35600 16384 65613.985 65619.946 65624.952 17.775872811305064 17.777228893178304 17.77884394614959 8.887936405652532 8.888614446589152 8.889421973074795
 39160 16384 72077.99 72094.917 72288.99 17.75090342249905 17.798687250031787 17.80286714432519 8.875451711249525 8.899343625015893 8.901433572162595
 43072 16384 78799.963 78809.977 80688.0 17.49186119373389 17.90868808399728 17.910963942965303 8.745930596866945 8.95434404199864 8.955481971482651
 47376 16384 87233.067 87239.027 87522.984 17.737246801365913 17.79498031311147 17.79619611448489 8.868623400682957 8.897490156555735 8.898098057242445
 52112 16384 95958.948 95970.869 95978.022 17.791635839296625 17.79296190388773 17.7951723272331 8.895817919648312 8.896480951943865 8.89758616361655
 57320 16384 105561.018 105561.018 105569.124 17.791771768419714 17.79313799342102 17.79313799342102 8.895885884209857 8.89656899671051 8.89656899671051
 63048 16384 116110.086 116170.168 116215.944 17.776879771333267 17.783884620017076 17.793087019158698 8.888439885666633 8.891942310008538 8.896543509579349
 69352 8192 63853.979 63859.94 63960.075 17.765194427930236 17.79305098000405 17.794712025698505 8.882597213965118 8.896525490002025 8.897356012849253
 76280 8192 69791.079 70181.847 70570.946 17.709434134551632 17.80761797277863 17.90732480293076 8.854717067275816 8.903808986389315 8.95366240146538
 83904 8192 77460.051 77565.193 78001.022 17.623911850796006 17.72293838036347 17.74699497680424 8.811955925398003 8.861469190181735 8.87349748840212
 92288 8192 84213.972 84338.903 84754.944 17.840216990763395 17.92822218709674 17.954818613709374 8.920108495381697 8.96411109354837 8.977409306854687
 101512 8192 93451.023 93453.884 93472.958 17.793088435267023 17.79672001647358 17.7972648624724 8.896544217633512 8.89836000823679 8.8986324312362
 111656 8192 102787.971 102864.981 102892.876 17.77938352116817 17.784204947259944 17.79752909024734 8.889691760584086 8.892102473629972 8.89876454512367
 122816 8192 114012.957 114168.882 114286.9 17.60671909028944 17.624919406673353 17.64902338249152 8.80335954514472 8.812459703336676 8.82451169124576
 135096 4096 62057.972 62390.089 63014.984 17.562591652804354 17.738497407817448 17.83342891063214 8.781295826402177 8.869248703908724 8.91671445531607
 148600 4096 67782.879 68430.901 68641.186 17.734705224935944 17.789203155457503 17.95927257678152 8.867352612467972 8.894601577728752 8.97963628839076
 163456 4096 74171.066 75875.998 75963.974 17.627191963390434 17.647630176805055 18.053287140298075 8.813595981695217 8.823815088402528 9.026643570149037
 179800 4096 82463.026 82978.01 82998.037 17.74646308803665 17.750746251928675 17.861600179454975 8.873231544018324 8.875373125964337 8.930800089727487
 197776 4096 91008.902 91021.061 91120.005 17.78073862045991 17.800067085572646 17.80244521574384 8.890369310229955 8.900033542786323 8.90122260787192
 217552 4096 100086.927 100106.001 100154.877 17.794300561119957 17.8029884941663 17.806381286938706 8.897150280559979 8.90149424708315 8.903190643469353
 239304 4096 110127.926 110137.939 110290.051 17.774752574917205 17.79930136517263 17.800919704962027 8.887376287458602 8.899650682586316 8.900459852481013
 263232 2048 60490.131 60707.092 61558.008 17.515158580180177 17.76066414118469 17.82436662271404 8.757579290090089 8.880332070592345 8.91218331135702
 289552 2048 66601.992 66607.952 66620.827 17.802315663238463 17.805756766099037 17.807350146524147 8.901157831619232 8.902878383049519 8.903675073262074
 318504 2048 73271.99 73272.943 73276.043 17.80380504443997 17.80455828012804 17.80478985216588 8.901902522219984 8.90227914006402 8.90239492608294
 350352 2048 80588.102 80589.056 80706.835 17.78092019096028 17.806906585430163 17.80711738315912 8.89046009548014 8.903453292715081 8.90355869157956
 385384 2048 88657.141 88660.955 88680.983 17.800128174041554 17.804149120658582 17.80491504908781 8.900064087020777 8.902074560329291 8.902457524543905
 423920 2048 97476.959 97500.086 97515.106 17.806229119004392 17.808972189009147 17.813197475723467 8.903114559502196 8.904486094504573 8.906598737861733
 466312 2048 107254.982 107277.155 107289.076 17.802501645181472 17.80447991932672 17.808160668937504 8.901250822590736 8.90223995966336 8.904080334468752
 512936 2048 117959.976 118050.814 118217.945 17.77213988959121 17.797300880957923 17.811006133131123 8.886069944795604 8.898650440478962 8.905503066565561
 564224 1024 64815.998 64842.939 65026.045 17.77027577180805 17.82045616408596 17.827863300045152 8.885137885904024 8.91022808204298 8.913931650022576
 620640 1024 71157.932 71298.122 72014.809 17.65012971151531 17.827548389002448 17.862670882565837 8.825064855757654 8.913774194501224 8.931335441282918
 682704 1024 78476.906 78490.973 78598.976 17.788753278414212 17.813230471738454 17.816423496614405 8.894376639207106 8.906615235869227 8.908211748307203
 750968 1024 85991.144 86425.066 87313.175 17.614552030664328 17.795560190836298 17.88535879927356 8.807276015332164 8.897780095418149 8.94267939963678
 826064 1024 94893.932 94918.013 94959.021 17.81588578087805 17.82358288515795 17.828105931999954 8.907942890439026 8.911791442578975 8.914052965999977
 908664 1024 102988.005 104557.991 105577.23 17.62637523261408 17.79819843707594 18.06952054270786 8.81318761630704 8.89909921853797 9.03476027135393
 999528 1024 114866.018 114881.992 114927.769 17.811477259251415 17.81857459435418 17.821052558816827 8.905738629625708 8.90928729717709 8.910526279408414
 1099480 512 62927.008 63157.082 64190.149 17.53956857149529 17.826465130228783 17.891642329474806 8.769784285747646 8.913232565114392 8.945821164737403
 1209424 512 69442.987 69450.855 69463.015 17.828914797320557 17.83203642345368 17.834056821317322 8.914457398660279 8.91601821172684 8.917028410658661
 1330360 512 76227.903 76894.999 77195.883 17.647167012779683 17.716218970234983 17.871259557015495 8.823583506389841 8.858109485117492 8.935629778507748
 1463392 512 84007.978 84376.097 84614.038 17.709985759100636 17.75992800425457 17.837751171680384 8.854992879550318 8.879964002127284 8.918875585840192
 1609728 512 92585.802 92797.041 93684.196 17.594872373137513 17.763082251728264 17.80360958584125 8.797436186568756 8.881541125864132 8.901804792920625
 1770696 512 101598.024 101601.839 101662.159 17.835473118370423 17.846061861144065 17.84673197974795 8.917736559185212 8.923030930572033 8.923365989873975
 1947760 512 111663.103 111732.96 111854.076 17.831323732896422 17.850652484280374 17.86181994243882 8.915661866448211 8.925326242140187 8.93090997121941
 2142536 256 61414.957 61434.031 61445.951 17.85273747329584 17.856201426860626 17.861747131077532 8.92636873664792 8.928100713430313 8.930873565538766
 2356784 256 67457.914 67574.024 67584.991 17.85416244266423 17.857060103450397 17.88779605607134 8.927081221332115 8.928530051725199 8.94389802803567
 2592456 256 74273.109 74301.958 74429.989 17.833369181338988 17.864098170871888 17.871036905160388 8.916684590669494 8.932049085435944 8.935518452580194
 2851696 256 81690.073 81707.001 81804.991 17.84815735753825 17.86956238915194 17.87326535991711 8.924078678769124 8.93478119457597 8.936632679958555
 3136864 256 89143.038 89401.96 91085.911 17.632522421607007 17.96464381765232 18.016823344073153 8.816261210803503 8.98232190882616 9.008411672036576
 3450544 256 98780.87 98821.878 98915.1 17.860554435066028 17.877402896552926 17.88482454143196 8.930277217533014 8.938701448276463 8.94241227071598
 3795592 256 108656.883 108733.892 108816.147 17.858958964977873 17.872468907854415 17.88513576263733 8.929479482488937 8.936234453927208 8.942567881318665
 4175144 256 119444.847 119460.106 119610.071 17.872021228045256 17.89445698298644 17.896742988000145 8.936010614022628 8.94722849149322 8.948371494000073
 4592656 128 65389.872 65642.834 65726.042 17.888190133219947 17.91086496966295 17.98015350144744 8.944095066609973 8.955432484831475 8.99007675072372
 5051920 128 71930.885 72041.988 72129.011 17.930254443666225 17.951913264803295 17.979641429408243 8.965127221833113 8.975956632401648 8.989820714704122
 5557112 128 79062.939 79731.941 80137.014 17.752354386451188 17.842544081549452 17.993521237554805 8.876177193225594 8.921272040774726 8.996760618777403
 6112816 128 87145.805 87177.038 87234.974 17.938687022477932 17.950608691247346 17.957042177761743 8.969343511238966 8.975304345623673 8.978521088880871
 6724096 128 96256.018 96442.938 96522.093 17.833933377304614 17.848570478016754 17.88323069836527 8.916966688652307 8.924285239008377 8.941615349182635
 7396504 128 105458.021 105963.945 106698.99 17.746231937153294 17.869333045310835 17.955059331143715 8.873115968576647 8.934666522655418 8.977529665571858
 8136152 128 115935.802 116020.918 116456.985 17.885186637795922 17.9524084786159 17.965588507336157 8.942593318897961 8.97620423930795 8.982794253668079
 8949760 64 63461.065 63853.979 63861.132 17.938443057977736 17.940452544077164 18.051529390501088 8.969221528988868 8.970226272038582 9.025764695250544
 9844736 64 69314.003 69542.885 69966.793 18.010346822670577 18.120131311779776 18.179965857692565 9.005173411335289 9.060065655889888 9.089982928846283
 10829208 64 76756.954 76842.785 76901.913 18.02476128259644 18.038630744578036 18.05880186438873 9.01238064129822 9.019315372289018 9.029400932194365
 11912128 64 84053.993 84149.122 84542.036 18.035434869347128 18.11964697623345 18.140154079295193 9.017717434673564 9.059823488116725 9.070077039647597
 13103336 64 92436.075 92587.948 93080.044 18.019190106957836 18.114960361795685 18.144723345295656 9.009595053478918 9.057480180897842 9.072361672647828
 14413664 64 101670.027 102220.058 102305.174 18.033779914200625 18.048796176578183 18.146439481126528 9.016889957100313 9.024398088289091 9.073219740563264
 15855024 64 111618.042 111680.984 112406.015 18.054577168312566 18.17178716835088 18.18203433455677 9.027288584156283 9.08589358417544 9.091017167278386
 17440520 32 61116.934 61414.957 62924.862 17.738509780124748 18.174616323512204 18.263240757463393 8.869254890062374 9.087308161756102 9.131620378731697
 19184568 32 69395.065 69613.934 69784.164 17.594426609452537 17.637451030996182 17.693078780169742 8.797213304726268 8.818725515498091 8.846539390084871
 21103024 32 77513.218 77538.967 77826.977 17.353796691859174 17.418255468892177 17.42404161313494 8.676898345929587 8.709127734446088 8.71202080656747
 23213320 32 86498.022 86530.924 86560.965 17.163076682428393 17.169035199485446 17.175565933750487 8.581538341214197 8.584517599742723 8.587782966875244
 25534648 32 95506.907 95660.925 95848.799 17.049952519488535 17.083437903198195 17.110987292259395 8.524976259744268 8.541718951599098 8.555493646129698
 28088112 32 105149.031 105401.993 105450.153 17.047288380890258 17.055077582830904 17.09610779009461 8.523644190445129 8.527538791415452 8.548053895047305
 30896920 32 115854.979 115905.046 116313.934 17.000567447060988 17.0605417817616 17.067914534773685 8.500283723530494 8.5302708908808 8.533957267386842
 33986608 16 63727.856 63736.916 63868.999 17.028158778564855 17.06344649621893 17.065872355724633 8.514079389282427 8.531723248109465 8.532936177862316
 37385264 16 70019.007 70152.998 70176.84 17.04733994862123 17.05313360948594 17.085767126060503 8.523669974310614 8.52656680474297 8.542883563030252
 41123784 16 76816.797 76965.094 77348.948 17.013302986357356 17.098154755713026 17.131163227230104 8.506651493178678 8.549077377856513 8.565581613615052
 45236160 16 84618.807 84800.005 84814.072 17.067416831489943 17.0702480501033 17.10680132845645 8.533708415744972 8.53512402505165 8.553400664228224
 49759776 16 92900.038 92924.833 93297.958 17.066963373410594 17.13549307105023 17.140066530435647 8.533481686705297 8.567746535525115 8.570033265217823
 54735752 16 102480.888 102572.918 102789.879 17.040044030015835 17.076086925790683 17.091421612193678 8.520022015007918 8.538043462895342 8.545710806096839
 60209320 16 112609.863 112693.071 112884.998 17.067797086730693 17.09686516573854 17.10949812628757 8.533898543365346 8.54843258286927 8.554749063143785
 66230248 16 123718.977 123914.003 123927.832 17.101630051916022 17.1035386210548 17.130500004053545 8.550815025958011 8.5517693105274 8.565250002026772
 72853272 8 68054.914 68063.974 68109.989 17.114264282145164 17.125834468613306 17.12811439303266 8.557132141072582 8.562917234306653 8.56405719651633
 80138592 8 74810.982 74839.83 74896.097 17.11995048286695 17.13282181426655 17.139428433114272 8.559975241433476 8.566410907133275 8.569714216557136
 88152448 8 82153.797 82170.01 82235.813 17.151154911060466 17.164889818073526 17.168277298248306 8.575577455530233 8.582444909036763 8.584138649124153
 96967688 8 90742.826 90805.054 91156.96 17.01990728958052 17.0858662558584 17.097583097092436 8.50995364479026 8.5429331279292 8.548791548546218
 106664456 8 99603.176 99627.018 99790.812 17.102088476842937 17.130205543239285 17.13430599843523 8.551044238421468 8.565102771619642 8.567152999217615
 117330896 8 109363.079 109416.962 109486.103 17.146416618737447 17.157251505484133 17.165704853646265 8.573208309368724 8.578625752742067 8.582852426823132
 129063984 8 119992.018 120399.952 120651.96 17.115542457826628 17.15136683775422 17.209675930277296 8.557771228913314 8.57568341887711 8.604837965138648
 141970376 4 65831.9 66002.131 66452.98 17.091227631928625 17.207974815237407 17.252471947490505 8.545613815964312 8.603987407618703 8.626235973745253
 156167408 4 72397.947 72547.913 72701.931 17.184402763662497 17.220884961914756 17.256556515338758 8.592201381831249 8.610442480957378 8.628278257669379
 171784144 4 79668.045 79828.978 80225.945 17.130033831324766 17.21521665979489 17.249992164361508 8.565016915662383 8.607608329897445 8.624996082180754
 188962552 4 87577.105 87743.998 87784.052 17.220672565900696 17.228533580154394 17.26136546760709 8.610336282950348 8.614266790077197 8.630682733803544
 207858800 4 96348.047 96481.085 96510.172 17.23000141373699 17.235195893578517 17.258994362387025 8.615000706868495 8.617597946789259 8.629497181193512
 228644680 4 105859.995 106315.851 106757.879 17.133699705667624 17.204936261103718 17.279024432222954 8.566849852833812 8.602468130551859 8.639512216111477
 251509144 4 116734.982 116786.957 117126.942 17.1785681214148 17.22857760563108 17.236248445217562 8.5892840607074 8.61428880281554 8.618124222608781
 276660056 2 63600.063 63627.005 64524.889 17.150594772817044 17.392618495872938 17.399986286177107 8.575297386408522 8.696309247936469 8.699993143088554
 304326056 2 69853.067 70039.034 70053.816 17.376701135024536 17.38036855277016 17.426639606246642 8.688350567512268 8.69018427638508 8.713319803123321
 334758656 2 76879.978 76946.974 76974.869 17.395737614051672 17.40204395821985 17.417208730210614 8.697868807025836 8.701021979109925 8.708604365105307
 368234520 2 84614.992 84688.902 84732.056 17.38348093429953 17.39233884505906 17.407530807306582 8.691740467149765 8.69616942252953 8.703765403653291
 405057968 2 93003.988 93157.053 93158.96 17.39212065055256 17.39247668128789 17.421101039237158 8.69606032527628 8.696238340643944 8.710550519618579
 445563760 2 102455.854 102504.015 103078.127 17.29033202165189 17.38717298049252 17.39534609706147 8.645166010825944 8.69358649024626 8.697673048530735
 490120136 2 112524.033 112959.862 113340.139 17.29731903716829 17.355550097963114 17.422771755790162 8.648659518584145 8.677775048981557 8.711385877895081
 539132144 1 61883.926 61935.902 62076.092 17.370041400157728 17.40935795203241 17.42397998472172 8.685020700078864 8.704678976016204 8.71198999236086
 593045352 1 68017.96 68125.01 68272.114 17.372989270553422 17.410503191118796 17.437904694583604 8.686494635276711 8.705251595559398 8.718952347291802
 652349880 1 74928.999 75012.922 75232.029 17.342344442152427 17.393000102035753 17.412480847368588 8.671172221076214 8.696500051017876 8.706240423684294
 717584864 1 82350.969 82486.153 82576.036 17.379978472204698 17.398916979435324 17.427478333618637 8.689989236102349 8.699458489717662 8.713739166809319
 789343344 1 90741.158 90809.107 90817.928 17.38298508638074 17.384673631907866 17.397691662696214 8.69149254319037 8.692336815953933 8.698845831348107
 868277672 1 99715.948 99956.036 100203.991 17.3302013888848 17.373191389862637 17.41502115589374 8.6651006944424 8.686595694931318 8.70751057794687
 955105432 1 109689.951 109730.959 110329.866 17.313633499745208 17.40813058965428 17.414638684632102 8.656816749872604 8.70406529482714 8.707319342316051
 1050615968 1 120511.055 120870.113 121464.014 17.299213707855895 17.38421421017452 17.436009800096762 8.649606853927947 8.69210710508726 8.718004900048381
 
META_DATA
 FLOPS          8
 ERT_VERSION  1.1.0
 HOSTNAME  ('graoully-2.nancy.grid5000.fr', [], ['172.16.70.2'])
 UNAME  uname_result(system='Linux', node='graoully-2.nancy.grid5000.fr', release='4.19.0-14-amd64', version='#1 SMP Debian 4.19.171-2 (2021-01-30)', machine='x86_64', processor='')
 TIMESTAMP_DATA  1615574546.100899
 CONFIG  {'ERT_RESULTS': ['Results.graoully.01'], 'ERT_SPEC_GBYTES_DRAM': ['59.00'], 'ERT_SPEC_GFLOPS': ['51.2'], 'ERT_DRIVER': ['driver1'], 'ERT_KERNEL': ['kernel1'], 'ERT_OPENMP': ['False'], 'ERT_FLOPS': ['1,2,4,8,16'], 'ERT_ALIGN': ['64'], 'ERT_CC': ['g++'], 'ERT_CFLAGS': ['-O3'], 'ERT_LD': ['g++'], 'ERT_LDFLAGS': [], 'ERT_LDLIBS': [], 'ERT_PRECISION': ['FP64'], 'ERT_RUN': ['ERT_CODE'], 'ERT_NUM_EXPERIMENTS': ['3'], 'ERT_MEMORY_MAX': ['1073741824'], 'ERT_WORKING_SET_MIN': ['1'], 'ERT_TRIALS_MIN': ['1'], 'ERT_GNUPLOT': ['gnuplo'], 'ERT_MPI': [False], 'ERT_GPU': [False], 'ERT_HIP': [False], 'ERT_OCL': [False], 'ERT_SYCL': [False], 'ERT_WSS_MULT': [1.1]}
 TIMESTAMP_DATA  1615574603.6233358
 TIMESTAMP_DATA  1615574661.2357688
 