fp64
 8 134217728 608406.067 608475.924 608783.007 3.5275026130944553 3.5292828578703146 3.5296880890571396 0.8818756532736138 0.8823207144675786 0.8824220222642849
 16 67108864 304257.154 304258.108 304383.993 7.055179304386089 7.058098343265843 7.0581204739724885 1.7637948260965222 1.7645245858164607 1.7645301184931221
 24 33554432 157340.05 157348.156 157381.058 10.233841076351133 10.235981005077683 10.236508352450633 2.5584602690877833 2.5589952512694207 2.559127088112658
 32 33554432 152144.909 152151.108 152475.119 14.084157874964507 14.114150571943256 14.114725639620316 3.521039468741127 3.528537642985814 3.528681409905079
 40 16777216 76181.889 76465.845 76588.154 17.524606742708542 17.552637782267364 17.618062476765314 4.3811516856771355 4.388159445566841 4.404515619191328
 48 16777216 76050.997 76315.88 76601.028 21.02599375037108 21.104555644251235 21.178062083788326 5.25649843759277 5.276138911062809 5.2945155209470816
 56 16777216 77894.926 78273.058 78330.04 23.98885781240505 24.006321459933247 24.122857398953045 5.997214453101263 6.001580364983312 6.030714349738261
 64 16777216 76697.826 76945.066 77071.19 27.863636827198338 27.909309324655073 27.999276641817726 6.9659092067995845 6.977327331163768 6.9998191604544315
 72 8388608 40364.981 40398.121 40488.005 29.8349980938799 29.90137962109673 29.92592891348072 7.458749523469975 7.4753449052741825 7.48148222837018
 80 8388608 39788.961 40008.068 40102.959 33.46828546990759 33.547665435881584 33.73240331658823 8.367071367476898 8.386916358970396 8.433100829147058
 88 8388608 41078.091 41196.108 41378.975 35.67983518199762 35.83821578485035 35.94117866869714 8.919958795499404 8.959553946212587 8.985294667174285
 96 8388608 40925.026 40969.133 40977.001 39.30528581142383 39.31283427452565 39.35520373279665 9.826321452855957 9.828208568631412 9.838800933199163
 104 8388608 43180.943 43184.042 43195.009 40.39426092028364 40.404519428727866 40.40741917099865 10.09856523007091 10.101129857181967 10.101854792749663
 112 8388608 42916.059 42960.882 42994.022 43.70487115627377 43.7385850690868 43.78426714344856 10.926217789068442 10.9346462672717 10.94606678586214
 120 8388608 47325.134 47348.022 47404.051 42.470334866528596 42.520591884493086 42.541156249024034 10.617583716632149 10.630147971123272 10.635289062256009
 128 8388608 47633.886 47654.152 47698.975 45.02158899640926 45.063935835013915 45.08310844091116 11.255397249102314 11.265983958753479 11.27077711022779
 136 4194304 26525.974 26536.942 26565.075 42.945509771758594 42.99103822889616 43.00881422865 10.736377442939649 10.74775955722404 10.7522035571625
 144 4194304 26556.969 26572.943 26717.901 45.21161868217117 45.458252478846624 45.48559558886407 11.302904670542793 11.364563119711656 11.371398897216018
 152 4194304 28971.195 29343.128 29474.974 43.25935676821972 43.453731858443994 44.01159206584334 10.81483919205493 10.863432964610999 11.002898016460835
 160 4194304 29590.13 29599.905 29609.203 45.32973346158625 45.34397255666868 45.35895178561229 11.332433365396563 11.33599313916717 11.339737946403073
 176 4194304 32346.964 32356.024 32424.212 45.53372054192095 45.629679592276226 45.64245992297762 11.383430135480237 11.407419898069056 11.410614980744405
 192 4194304 35249.949 35256.147 35279.036 45.653535884597304 45.68317507866076 45.69120755323646 11.413383971149326 11.42079376966519 11.422801888309115
 208 4194304 38135.052 38153.887 38194.895 45.68229508158093 45.731394654494835 45.753981507616665 11.420573770395233 11.432848663623709 11.438495376904166
 224 4194304 41033.03 41064.024 41071.892 45.75022236618659 45.758988256971605 45.79355197507959 11.437555591546648 11.439747064242901 11.448387993769897
 240 4194304 43707.132 43972.969 44174.194 45.57561186062613 45.784170725429064 46.062640760780184 11.393902965156533 11.446042681357266 11.515660190195046
 264 2097152 24744.987 24764.061 24765.968 44.71039678319862 44.71383978580896 44.748306232692705 11.177599195799655 11.17845994645224 11.187076558173176
 288 2097152 26262.999 26288.033 26293.039 45.942180818276654 45.95092953512345 45.99473015248563 11.485545204569164 11.487732383780862 11.498682538121408
 312 2097152 29005.051 29037.952 29044.867 45.05521915455836 45.06594845256304 45.11706764452853 11.26380478863959 11.26648711314076 11.279266911132133
 336 2097152 30464.888 30570.984 30702.829 45.900856367339955 46.09881526875288 46.259357460956366 11.475214091834989 11.52470381718822 11.564839365239092
 368 2097152 33424.854 33638.954 33742.905 45.74306426788091 45.88441935501324 46.17832801902441 11.435766066970228 11.47110483875331 11.544582004756103
 400 2097152 36211.967 36321.878 36430.12 46.053145034932626 46.19038696181954 46.33058458271543 11.513286258733157 11.547596740454885 11.582646145678858
 440 2097152 40446.997 40493.011 40513.992 45.55200978466897 45.57561204821248 45.62746055040872 11.388002446167242 11.39390301205312 11.40686513760218
 480 2097152 43545.961 43547.869 43592.93 46.18331275277894 46.23110076867366 46.2331264201518 11.545828188194735 11.557775192168416 11.55828160503795
 528 1048576 23766.994 23869.038 23947.954 46.23761411935232 46.39048528055466 46.5896636318417 11.55940352983808 11.597621320138664 11.647415907960426
 576 1048576 26032.925 26084.185 26109.934 46.26436635190269 46.31003621543091 46.40122275925583 11.566091587975672 11.577509053857728 11.600305689813958
 632 1048576 30982.018 31075.954 31082.153 42.641835782740024 42.65034193318731 42.77965573449735 10.660458945685006 10.662585483296828 10.694913933624337
 688 1048576 33038.855 33087.015 33146.143 43.52966726777231 43.607456762116506 43.67102237653211 10.882416816943078 10.901864190529126 10.917755594133027
 752 1048576 36295.176 36305.904 36311.865 43.43093652722051 43.43806737328452 43.45090664390221 10.857734131805127 10.85951684332113 10.862726660975552
 824 1048576 39705.992 39741.993 39870.024 43.34216723822389 43.48179639606901 43.521220877695235 10.835541809555972 10.870449099017252 10.880305219423809
 904 1048576 43462.992 43478.966 43709.993 43.37281426698009 43.60327722604995 43.61930278522933 10.843203566745023 10.900819306512487 10.904825696307332
 992 1048576 46245.098 46276.093 46296.835 44.9355724640788 44.95571361221009 44.9858444239863 11.2338931160197 11.238928403052522 11.246461105996575
 1088 524288 25275.946 25326.967 25372.982 44.96320881794659 45.04489969130532 45.13582549986457 11.240802204486647 11.26122492282633 11.283956374966143
 1192 524288 28132.915 28164.864 28222.084 44.288104025202394 44.378080149792304 44.42847788791172 11.072026006300598 11.094520037448076 11.10711947197793
 1304 524288 30694.962 30705.929 30749.798 44.46673451318282 44.53026332471491 44.54617353818519 11.116683628295705 11.132565831178727 11.136543384546297
 1432 524288 33696.175 33696.89 33772.945 44.46046478919739 44.56081353501762 44.561759072060845 11.115116197299347 11.140203383754406 11.140439768015211
 1568 524288 35478.83 35669.088 35826.921 45.89194723152458 46.09501560566954 46.34220373107005 11.472986807881146 11.523753901417384 11.585550932767513
 1720 524288 40082.216 40122.032 40145.874 44.92493350624275 44.95162956851238 44.99628264066039 11.231233376560688 11.237907392128095 11.249070660165097
 1888 524288 42502.88 42504.072 42611.122 46.45997089680014 46.57698415342417 46.57829041232029 11.614992724200034 11.644246038356043 11.644572603080073
 2072 262144 24021.864 24025.202 24055.958 45.15824046583387 45.21605004611407 45.22233312119325 11.289560116458468 11.304012511528517 11.305583280298313
 2272 262144 25373.936 25612.116 25614.023 46.505085749317864 46.508548376088875 46.945114703528844 11.626271437329466 11.627137094022219 11.736278675882211
 2496 262144 27826.071 27850.151 27873.993 46.94780715486296 46.98799830564653 47.02866056799754 11.73695178871574 11.746999576411632 11.757165141999385
 2744 262144 31586.885 31623.84 31672.001 45.42328323366749 45.49245986572156 45.545683659531484 11.355820808416873 11.37311496643039 11.386420914882871
 3016 262144 34650.087 34661.055 34699.917 45.569348422360775 45.62044080885593 45.63488132078861 11.392337105590194 11.405110202213983 11.408720330197152
 3312 262144 37000.179 37172.079 37188.053 46.6935404227804 46.71360609128158 46.9306339301764 11.6733851056951 11.678401522820394 11.7326584825441
 3640 262144 41650.057 41671.991 41672.945 45.79489930457278 45.7959476906203 45.82006502416071 11.448724826143195 11.448986922655076 11.455016256040178
 4000 262144 44132.948 44228.077 44420.958 47.2108683473238 47.416757459294466 47.51896474262268 11.80271708683095 11.854189364823617 11.87974118565567
 4400 131072 24456.024 24549.961 25684.118 44.90843719064054 46.983113333662736 47.16357818425432 11.227109297660135 11.745778333415684 11.79089454606358
 4840 131072 27610.064 27621.031 27627.945 45.923681982138014 45.93517743780093 45.95342336040945 11.480920495534503 11.483794359450233 11.488355840102363
 5320 131072 30373.096 30374.05 30411.959 45.85716033616907 45.91439337197377 45.91583551443026 11.464290084042268 11.478598342993443 11.478958878607566
 5848 131072 33302.069 33380.985 33401.012 45.897355205884175 45.92489143145416 46.03371976678085 11.474338801471044 11.48122285786354 11.508429941695212
 6432 131072 35232.067 35235.167 35477.877 47.5256793973326 47.85304999405849 47.85726048942856 11.88141984933315 11.963262498514622 11.96431512235714
 7072 131072 38975.954 39186.001 39520.979 46.9088169096216 47.30981270581808 47.564772064334846 11.7272042274054 11.82745317645452 11.891193016083712
 7776 131072 42555.809 42580.128 43022.871 47.38018864431432 47.87284209197305 47.90019957087409 11.84504716107858 11.968210522993262 11.975049892718523
 8552 65536 24239.063 24265.051 24287.939 46.15162052243297 46.19515302069631 46.24468132287127 11.537905130608243 11.548788255174077 11.561170330717818
 9400 65536 26580.095 26591.063 26606.798 46.30684233405313 46.334243952564066 46.35336329685804 11.576710583513282 11.583560988141016 11.58834082421451
 10336 65536 28157.949 28313.16 28470.039 47.585470184989916 47.84913418353868 48.11288606283078 11.896367546247479 11.96228354588467 12.028221515707695
 11368 65536 32133.818 32171.965 32173.157 46.31272262153198 46.31443854921514 46.36941978074314 11.578180655382996 11.578609637303785 11.592354945185784
 12504 65536 35290.003 35292.149 35294.056 46.43626926868366 46.438778437663295 46.44160239941039 11.609067317170915 11.609694609415824 11.610400599852598
 13752 65536 38655.043 38676.977 38820.982 46.431132113041336 46.60400796060147 46.630452435404095 11.607783028260334 11.651001990150368 11.657613108851024
 15120 65536 41196.108 41327.0 41431.904 47.832912530401686 47.954331066857016 48.10669590438009 11.958228132600421 11.988582766714254 12.026673976095022
 16632 32768 23377.895 23404.837 23417.95 46.54526771130692 46.57134557271217 46.62501700858867 11.63631692782673 11.642836393178042 11.656254252147168
 18288 32768 24857.998 24986.029 25208.95 47.54352593027476 47.96770099002126 48.214758404920616 11.88588148256869 11.991925247505314 12.053689601230154
 20112 32768 27323.008 27458.906 27761.936 47.47723761051823 48.00118518924243 48.239931416043206 11.869309402629558 12.000296297310607 12.059982854010801
 22120 32768 31090.975 31121.016 31143.904 46.54703276763247 46.58126585584481 46.626274023249515 11.636758191908118 11.645316463961203 11.656568505812379
 24328 32768 34198.046 34198.999 34204.96 46.611947740912434 46.62007235942783 46.62137152514503 11.652986935228109 11.655018089856958 11.655342881286257
 26760 32768 37663.937 37665.129 37681.103 46.54172039496827 46.56145900894167 46.56293260048731 11.635430098742068 11.640364752235417 11.640733150121827
 29432 32768 41275.978 41312.933 41325.092 46.675166554983115 46.688903738691224 46.7307050120048 11.668791638745779 11.672225934672806 11.6826762530012
 32368 32768 43784.142 43787.956 44306.993 47.87662408053735 48.44412577741697 48.44834570470743 11.969156020134337 12.111031444354243 12.112086426176857
 35600 16384 24143.934 24391.89 24393.082 47.82260806568026 47.82494509445557 48.31610291843905 11.955652016420064 11.956236273613893 12.079025729609763
 39160 16384 27405.024 27407.169 27411.938 46.811534448968914 46.819679916594076 46.82334450792672 11.702883612242228 11.704919979148519 11.70583612698168
 43072 16384 29205.084 29395.103 29443.026 47.93608156987668 48.014232030416764 48.326630253828405 11.98402039246917 12.003558007604191 12.081657563457101
 47376 16384 32092.81 32094.955 32343.149 47.99831853107438 48.3694950810805 48.372727972402544 11.999579632768596 12.092373770270125 12.093181993100636
 52112 16384 35515.785 35547.018 35549.164 48.03505410141291 48.03795401347027 48.080199156515896 12.008763525353228 12.009488503367567 12.020049789128974
 57320 16384 40093.899 40096.045 40096.998 46.842952183103584 46.844065543122774 46.846572841419096 11.710738045775896 11.711016385780693 11.711643210354774
 63048 16384 44101.0 44101.954 44101.954 46.84501879440534 46.84501879440534 46.846032153465906 11.711254698601335 11.711254698601335 11.711508038366476
 69352 8192 24253.13 24255.991 24256.945 46.8427977224667 46.84464007263195 46.85016606104036 11.710699430616675 11.711160018157987 11.71254151526009
 76280 8192 26667.833 26674.032 26675.94 46.85013986386234 46.85349106576763 46.86438226908051 11.712534965965585 11.713372766441907 11.716095567270127
 83904 8192 28621.912 28640.032 28683.186 47.92644499115265 47.99865921937518 48.029046277551274 11.981611247788162 11.999664804843794 12.007261569387818
 92288 8192 31246.901 31328.917 31404.972 48.146726320915036 48.26360872927716 48.39028971225018 12.036681580228759 12.06590218231929 12.097572428062545
 101512 8192 35488.129 35492.182 35492.897 46.85930844134814 46.86025243531096 46.86560421373581 11.714827110337035 11.71506310882774 11.716401053433952
 111656 8192 39038.181 39044.142 39052.963 46.843357416951946 46.85394044515052 46.861094885542954 11.710839354237986 11.71348511128763 11.715273721385739
 122816 8192 41809.082 41820.049 41874.886 48.053082317645 48.116092451254666 48.12871385217212 12.01327057941125 12.029023112813666 12.03217846304303
 135096 4096 23608.923 23611.069 23624.182 46.84633872190791 46.8723560123432 46.876616608051116 11.711584680476978 11.7180890030858 11.719154152012779
 148600 4096 25970.936 25974.989 26014.09 46.7950714401311 46.865513590785355 46.87282737903632 11.698767860032776 11.716378397696339 11.71820684475908
 163456 4096 27658.939 27699.947 28053.999 47.73050544416146 48.34058173468708 48.412252979045945 11.932626361040365 12.08514543367177 12.103063244761486
 179800 4096 31423.092 31424.999 31513.929 46.73874844358505 46.87101501578409 46.873859517071075 11.684687110896263 11.717753753946022 11.718464879267769
 197776 4096 33589.125 33751.965 33962.965 47.7043447767296 48.00256790974986 48.23528424750571 11.9260861941824 12.000641977437464 12.058821061876428
 217552 4096 36870.003 37065.983 37107.944 48.027074310557325 48.081443948215274 48.33701760208699 12.006768577639331 12.020360987053818 12.084254400521747
 239304 4096 42008.877 42026.043 42046.07 46.62453275656917 46.646751110971834 46.665812275819704 11.656133189142292 11.661687777742959 11.666453068954926
 263232 2048 22405.863 22459.984 22661.924 47.57752572111706 48.00530009282287 48.12125611943624 11.894381430279266 12.001325023205718 12.03031402985906
 289552 2048 24685.86 24883.032 24955.034 47.52568127136192 47.66320245860714 48.04390011123777 11.88142031784048 11.915800614651785 12.010975027809442
 318504 2048 27973.89 28007.984 28038.979 46.52781344142382 46.57930338720559 46.636073281191855 11.631953360355954 11.644825846801398 11.659018320297964
 350352 2048 30070.066 30110.121 30230.045 47.470713060466835 47.65978163953576 47.723267118868314 11.867678265116709 11.91494540988394 11.930816779717079
 385384 2048 33941.984 33955.097 34115.076 46.27082947140437 46.48883388552829 46.5067941815069 11.567707367851092 11.622208471382072 11.626698545376724
 423920 2048 36476.851 36612.988 36614.895 47.42267648179792 47.42514650811892 47.60214416535023 11.85566912044948 11.85628662702973 11.900536041337558
 466312 2048 41082.144 41090.965 41120.052 46.449696902134264 46.48257717967928 46.49255773992711 11.612424225533566 11.62064429491982 11.623139434981777
 512936 2048 45183.182 45199.871 45216.084 46.46545366467383 46.482120623751335 46.499289403743184 11.616363416168458 11.620530155937834 11.624822350935796
 564224 1024 24219.99 24350.166 24402.857 47.3522732194841 47.454738173037505 47.70979476044375 11.838068304871024 11.863684543259376 11.927448690110937
 620640 1024 26624.918 26705.98 27004.004 47.069713069217435 47.594985093226306 47.739892382015974 11.767428267304359 11.898746273306577 11.934973095503993
 682704 1024 29298.067 29370.07 29477.835 47.43149529129259 47.60553148153886 47.72252695032748 11.857873822823148 11.901382870384715 11.93063173758187
 750968 1024 33097.982 33100.128 33103.943 46.45919261037877 46.464547327430274 46.46755998598343 11.614798152594693 11.616136831857569 11.616889996495857
 826064 1024 35634.995 35645.008 35741.091 47.33428736128956 47.46187943063444 47.475215641253776 11.83357184032239 11.86546985765861 11.868803910313444
 908664 1024 40047.884 40052.891 40057.898 46.45635355105253 46.4621610460029 46.46796999312124 11.614088387763132 11.615540261500724 11.61699249828031
 999528 1024 44048.786 44052.124 44053.078 46.46743058453259 46.46843689080689 46.471958251017405 11.616857646133148 11.617109222701723 11.617989562754351
 1099480 512 24248.123 24250.984 24257.898 46.4124105064668 46.42564276979441 46.4311204623962 11.6031026266167 11.606410692448602 11.60778011559905
 1209424 512 25956.154 25961.161 26300.192 47.08901653645722 47.70395961875511 47.713161818965936 11.772254134114306 11.925989904688777 11.928290454741484
 1330360 512 29346.228 29352.903 29361.963 46.39637479278889 46.410695391866355 46.42125182152882 11.599093698197223 11.602673847966589 11.605312955382205
 1463392 512 31419.039 31620.026 31634.092 47.370204524915714 47.391276907868445 47.69443801256938 11.842551131228928 11.847819226967111 11.923609503142345
 1609728 512 34644.842 34767.866 34803.152 47.36241912801461 47.410487373599516 47.57884224150886 11.840604782003652 11.852621843399879 11.894710560377215
 1770696 512 39052.01 39053.917 39056.063 46.42538353136106 46.42793459104243 46.43020177450533 11.606345882840264 11.606983647760607 11.607550443626332
 1947760 512 41841.03 41869.164 41997.91 47.490607032588045 47.63663874444687 47.66866972443078 11.872651758147011 11.909159686111717 11.917167431107694
 2142536 256 23679.018 23684.978 23685.217 46.31489895152744 46.31536630517453 46.327023865601184 11.57872473788186 11.578841576293632 11.581755966400296
 2356784 256 25346.994 25349.14 25561.094 47.20742422057522 47.60214382026372 47.60617404967232 11.801856055143805 11.90053595506593 11.90154351241808
 2592456 256 28636.932 28645.039 28684.139 46.27426578849028 46.33742938873289 46.350547328184454 11.56856644712257 11.584357347183223 11.587636832046114
 2851696 256 30777.931 30818.939 30828.953 47.360296407082 47.37568519149864 47.43880776131443 11.8400741017705 11.84392129787466 11.859701940328607
 3136864 256 33736.944 33740.044 33981.085 47.263775362087465 47.60143075094982 47.60580472256171 11.815943840521866 11.900357687737454 11.901451180640427
 3450544 256 37110.09 37318.945 37413.836 47.21992494968973 47.339991202859565 47.606419925147044 11.804981237422432 11.834997800714891 11.901604981286761
 3795592 256 41918.993 41920.185 41966.915 46.30655133931098 46.35817098612518 46.359489217691845 11.576637834827745 11.589542746531295 11.589872304422961
 4175144 256 46146.87 46155.93 46157.122 46.31297696593822 46.31417302175474 46.32326586830266 11.578244241484555 11.578543255438685 11.580816467075666
 4592656 128 24803.877 24804.115 25008.917 47.01202918942871 47.40019694312818 47.400651761013 11.753007297357177 11.850049235782045 11.85016294025325
 5051920 128 27285.814 27315.14 27494.192 47.03871712251082 47.34705807841365 47.39794532059773 11.759679280627704 11.836764519603413 11.849486330149432
 5557112 128 30796.051 30803.919 30823.231 46.15417092387233 46.18310650667534 46.19490570398134 11.538542730968082 11.545776626668834 11.548726425995335
 6112816 128 33006.907 33014.059 33015.966 47.397701342435354 47.400439188649905 47.41071000684796 11.849425335608839 11.850109797162476 11.85267750171199
 6724096 128 36424.875 36519.051 36535.978 47.11434236138416 47.136180400744806 47.25805032961677 11.77858559034604 11.784045100186201 11.814512582404193
 7396504 128 40990.114 40992.975 40994.167 46.18962068432809 46.19096379318651 46.194187798550644 11.547405171082023 11.547740948296628 11.548546949637661
 8136152 128 45120.001 45166.969 45207.977 46.07272986358139 46.11456022209505 46.162563515900636 11.518182465895347 11.528640055523763 11.540640878975159
 8949760 64 24536.133 24575.949 24580.002 46.60574397024052 46.613430065304904 46.68907199027654 11.65143599256013 11.653357516326226 11.672267997569135
 9844736 64 26813.03 26911.974 26965.141 46.73167509118532 46.82399767478967 46.996785070542195 11.68291877279633 11.705999418697418 11.749196267635549
 10829208 64 30204.058 30251.026 30269.146 45.79378037292496 45.821210295478906 45.892463323967924 11.44844509323124 11.455302573869727 11.473115830991981
 11912128 64 32490.015 32598.019 32675.982 46.662786875081515 46.77438785467301 46.92987627121748 11.665696718770379 11.693596963668252 11.73246906780437
 13103336 64 36669.97 36670.208 36719.084 45.677256219136616 45.738137291176535 45.73843414652371 11.419314054784154 11.434534322794134 11.434608536630927
 14413664 64 39314.032 39328.814 39457.083 46.758372685583474 46.91087282723552 46.92851122469453 11.689593171395869 11.72771820680888 11.732127806173633
 15855024 64 43174.028 43694.973 43880.939 46.248852423144356 46.44568774536146 47.006109135798035 11.562213105786089 11.611421936340365 11.751527283949509
 17440520 32 24736.166 24750.948 24751.186 45.09655739324976 45.09699103242429 45.12394038752812 11.27413934831244 11.274247758106073 11.28098509688203
 19184568 32 27466.059 27822.018 27829.885 44.118484571531646 44.130959587474926 44.70289501671863 11.029621142882911 11.032739896868732 11.175723754179657
 21103024 32 32463.074 32527.924 32543.182 41.501581990353614 41.52104929905764 41.60399400253962 10.375395497588404 10.38026232476441 10.400998500634905
 23213320 32 40835.142 41136.026 41460.991 35.83253666078555 36.1156053333883 36.38171455360679 8.958134165196387 9.028901333347076 9.095428638401698
 25534648 32 46866.894 47380.924 47904.015 34.11441550358566 34.4910426820718 34.86933595386116 8.528603875896415 8.62276067051795 8.71733398846529
 28088112 32 52721.977 52754.879 52837.133 34.02226930064506 34.07531591532984 34.09658116576319 8.505567325161264 8.51882897883246 8.524145291440798
 30896920 32 57641.029 57780.981 57832.956 34.191627348254514 34.222383313291274 34.30547501155817 8.547906837063628 8.555595828322819 8.576368752889543
 33986608 16 33252.954 33297.777 33331.871 32.62857509558945 32.66198389159733 32.70601029911508 8.157143773897362 8.165495972899333 8.17650257477877
 37385264 16 36590.099 36752.939 36772.013 32.53366760204289 32.550551889197216 32.69541435239079 8.133416900510722 8.137637972299304 8.173853588097698
 41123784 16 40135.145 40458.918 40474.892 32.51302283894914 32.52585963865865 32.78824800558214 8.128255709737285 8.131464909664663 8.197062001395535
 45236160 16 44506.073 44553.995 45121.908 32.08102636085336 32.48995112559491 32.524934743175386 8.02025659021334 8.122487781398727 8.131233685793847
 49759776 16 48699.141 49010.992 49050.808 32.462519924238556 32.48889212444425 32.69693878173334 8.115629981059639 8.122223031111062 8.174234695433334
 54735752 16 53921.938 53970.098 53977.013 32.44981459051838 32.45397227183096 32.482958309102315 8.112453647629595 8.11349306795774 8.120739577275579
 60209320 16 59214.115 59215.069 59302.807 32.48915755370568 32.5372962074907 32.53782041663546 8.12228938842642 8.134324051872674 8.134455104158866
 66230248 16 65084.934 65155.983 65569.162 32.322632642460796 32.52760281431101 32.56311108804382 8.080658160615199 8.131900703577752 8.140777772010955
 72853272 8 38896.084 38930.893 39006.948 29.883198039487734 29.941577553846507 29.968372960115982 7.4707995098719335 7.485394388461627 7.4920932400289955
 80138592 8 42737.007 42792.082 42961.121 29.845996616335967 29.963895470194693 30.002509815439343 7.461499154083992 7.490973867548673 7.500627453859836
 88152448 8 46930.075 47122.002 47261.0 29.843616681830685 29.931647810719074 30.054057403488063 7.460904170457671 7.4829119526797685 7.513514350872016
 96967688 8 51578.999 51618.099 51701.069 30.00872202468386 30.056957502445023 30.079742493645522 7.502180506170965 7.514239375611256 7.5199356234113806
 106664456 8 56915.045 56975.126 57020.903 29.92992404908074 29.953971422546747 29.985591612903058 7.482481012270185 7.488492855636687 7.496397903225764
 117330896 8 62631.13 62669.039 62674.999 29.95284189793126 29.95569049654647 29.97382189974858 7.488210474482815 7.488922624136618 7.493455474937145
 129063984 8 68745.136 68846.941 68883.181 29.978635045904745 29.994415351003028 30.03883422384967 7.494658761476186 7.498603837750757 7.509708555962417
 141970376 4 43897.152 43900.013 43923.855 25.857543879060707 25.871587053971943 25.873273236496072 6.464385969765177 6.467896763492986 6.468318309124018
 156167408 4 48235.893 48243.999 48313.856 25.858819134618443 25.896262538269266 25.90061438273777 6.464704783654611 6.474065634567316 6.475153595684443
 171784144 4 53192.139 53242.922 53276.062 25.795321583641073 25.811377369559093 25.836019717123992 6.448830395910268 6.452844342389773 6.459004929280998
 188962552 4 58471.918 58575.869 59201.002 25.53504780206254 25.80756276957667 25.853443288793777 6.383761950515635 6.4518906923941675 6.463360822198444
 207858800 4 64205.885 64484.119 64522.028 25.772134750631214 25.787285703631934 25.89903402156983 6.443033687657803 6.4468214259079835 6.474758505392457
 228644680 4 70526.123 70704.937 70720.196 25.864711121558543 25.87029304615602 25.935885345632848 6.466177780389636 6.467573261539005 6.483971336408212
 251509144 4 77883.005 77887.058 77919.006 25.822623455951174 25.83321547464278 25.834559824701167 6.4556558639877935 6.458303868660695 6.458639956175292
 276660056 2 54673.195 54697.037 54738.045 20.21702134228579 20.232178646166886 20.24100153649334 5.0542553355714475 5.058044661541722 5.060250384123335
 304326056 2 60147.047 60191.87 60202.837 20.220047503741394 20.223731610265638 20.238802812713317 5.055011875935349 5.0559329025664095 5.059700703178329
 334758656 2 66037.178 66169.024 66191.912 20.229580677470082 20.236578130576625 20.27698130892268 5.0573951693675205 5.059144532644156 5.06924532723067
 368234520 2 72844.982 72867.155 73160.887 20.13286252256619 20.214019334225412 20.220172200742667 5.033215630641547 5.053504833556353 5.055043050185667
 405057968 2 80044.985 80058.098 80121.04 20.22230205698778 20.23820091254229 20.241516342341747 5.055575514246945 5.059550228135572 5.060379085585437
 445563760 2 87883.949 88075.161 88119.03 20.225540839475876 20.235614897144497 20.279642190407262 5.056385209868969 5.058903724286124 5.069910547601816
 490120136 2 96777.916 96873.999 96899.033 20.23219926250451 20.237427630090917 20.25751974241727 5.058049815626127 5.059356907522729 5.064379935604317
 539132144 1 53270.102 53321.838 53323.03 20.22136191435483 20.221813959226235 20.241453414149646 5.0553404785887075 5.055453489806559 5.0603633535374115
 593045352 1 58655.024 58701.038 58803.082 20.170553373375906 20.205617215831857 20.22146822410302 5.0426383433439765 5.051404303957964 5.055367056025755
 652349880 1 64475.06 64542.055 64610.004 20.193463538556664 20.21472294304853 20.235727737205675 5.048365884639166 5.053680735762132 5.058931934301419
 717584864 1 70893.049 71025.133 71093.082 20.187192447220113 20.20650532255955 20.24415296343087 5.046798111805028 5.051626330639888 5.061038240857718
 789343344 1 78018.904 78022.003 78139.067 20.203551803350813 20.23386515724289 20.23466886948322 5.050887950837703 5.058466289310722 5.058667217370805
 868277672 1 85709.095 85864.067 86031.914 20.185013482322383 20.224471128300966 20.261039321439572 5.046253370580596 5.056117782075241 5.065259830359893
 955105432 1 94341.04 94445.944 94504.118 20.212990760889383 20.22544095699864 20.24793095348536 5.053247690222346 5.05636023924966 5.06198273837134
 1050615968 1 103908.062 103948.116 104036.093 20.19714385083646 20.214237803020886 20.222029894080787 5.049285962709115 5.0535594507552215 5.055507473520197
 
META_DATA
 FLOPS          4
 ERT_VERSION  1.1.0
 HOSTNAME  ('graoully-2.nancy.grid5000.fr', [], ['172.16.70.2'])
 UNAME  uname_result(system='Linux', node='graoully-2.nancy.grid5000.fr', release='4.19.0-14-amd64', version='#1 SMP Debian 4.19.171-2 (2021-01-30)', machine='x86_64', processor='')
 TIMESTAMP_DATA  1615575375.5899858
 CONFIG  {'ERT_RESULTS': ['Results.graoully.01'], 'ERT_DRIVER': ['driver1'], 'ERT_KERNEL': ['kernel1'], 'ERT_OPENMP': ['False'], 'ERT_FLOPS': ['1,2,4,8,16,32'], 'ERT_ALIGN': ['64'], 'ERT_CC': ['g++'], 'ERT_CFLAGS': ['-O3'], 'ERT_LD': ['g++'], 'ERT_LDFLAGS': [], 'ERT_LDLIBS': [], 'ERT_PRECISION': ['FP64'], 'ERT_RUN': ['ERT_CODE'], 'ERT_NUM_EXPERIMENTS': ['3'], 'ERT_MEMORY_MAX': ['1073741824'], 'ERT_WORKING_SET_MIN': ['1'], 'ERT_TRIALS_MIN': ['1'], 'ERT_GNUPLOT': ['gnuplo'], 'ERT_MPI': [False], 'ERT_GPU': [False], 'ERT_HIP': [False], 'ERT_OCL': [False], 'ERT_SYCL': [False], 'ERT_WSS_MULT': [1.1]}
 TIMESTAMP_DATA  1615575412.7364368
 TIMESTAMP_DATA  1615575449.883639
 