fp64
 8 134217728 272727.013 272771.835 272856.951 7.870364453350503 7.872820329855537 7.874114208114766 0.9837955566688129 0.9841025412319421 0.9842642760143457
 16 67108864 136363.983 136364.937 136364.937 15.748063213639737 15.748063213639737 15.748173386809919 1.9685079017049671 1.9685079017049671 1.9685216733512398
 24 33554432 68182.945 68182.945 68186.998 23.620525660918517 23.621929736241224 23.621929736241224 2.9525657076148146 2.952741217030153 2.952741217030153
 32 33554432 68182.945 68185.091 68190.098 31.492602459670906 31.49491503941822 31.4959063149883 3.936575307458863 3.9368643799272776 3.9369882893735375
 40 16777216 34090.042 34090.996 34121.99 39.334671864097025 39.37043317830902 39.37153494853424 4.916833983012128 4.921304147288628 4.92144186856678
 48 16777216 34150.839 34320.831 34651.041 46.48093360312032 46.92813923998519 47.16173257119686 5.81011670039004 5.866017404998149 5.895216571399607
 56 16777216 34092.903 34092.903 34093.142 55.11513699734685 55.115523368602545 55.115523368602545 6.8893921246683565 6.889440421075318 6.889440421075318
 64 16777216 39336.92 39337.158 39386.034 54.52398807150779 54.59173354618043 54.59206384231405 6.815498508938473 6.823966693272554 6.824007980289256
 72 8388608 18144.846 18188.0 18252.134 66.1818257525394 66.41519419397405 66.57314986305201 8.272728219067425 8.301899274246756 8.321643732881501
 80 8388608 22289.991 22291.183 22293.091 60.20597502607422 60.21112831921033 60.21434822472561 7.525746878259278 7.526391039901291 7.5267935280907015
 88 8388608 23837.805 23880.959 24024.01 61.45497808234346 61.823103837664135 61.9350232959788 7.681872260292932 7.727887979708017 7.74187791199735
 96 8388608 25403.023 25438.07 26225.09 61.41495552541478 63.31505243911979 63.40240435163957 7.676869440676848 7.914381554889974 7.925300543954946
 104 8388608 27748.108 27749.062 28444.052 61.342542335388785 62.87889889755553 62.881060719527255 7.667817791923598 7.859862362194441 7.860132589940907
 112 8388608 29032.946 29201.984 29370.07 63.978335495965794 64.34659343693907 64.7212374521001 7.997291936995724 8.043324179617384 8.090154681512512
 120 8388608 31757.116 31893.015 32269.001 62.39009134494123 63.12560665713166 63.39574160323625 7.798761418117654 7.890700832141458 7.924467700404532
 128 8388608 33087.969 33496.857 33931.971 63.287913572718786 64.11000435055742 64.90225036175536 7.910989196589848 8.013750543819677 8.11278129521942
 136 4194304 17930.984 18208.027 18208.981 62.653186798316725 62.656469479092934 63.624544419871214 7.831648349789591 7.832058684886617 7.953068052483902
 144 4194304 18361.092 18635.035 18696.07 64.61034602459233 64.82196314629942 65.78909097563478 8.076293253074041 8.102745393287428 8.223636371954347
 152 4194304 19708.157 19881.01 19986.868 63.79530879975793 64.1349919345144 64.69749637168002 7.974413599969742 8.0168739918143 8.087187046460002
 160 4194304 20586.967 20731.926 20810.127 64.49635218468393 64.73963296994212 65.1954841138085 8.062044023085491 8.092454121242765 8.149435514226063
 176 4194304 22487.164 22520.065 22569.18 65.41642221826402 65.55909176993939 65.65501136559504 8.177052777283002 8.194886471242423 8.20687642069938
 192 4194304 24452.925 24688.959 24804.831 64.93141340088147 65.23615418535873 65.86585187661599 8.116426675110183 8.154519273169841 8.233231484576999
 208 4194304 26689.053 26778.936 26813.03 65.07397574984999 65.15682564833793 65.37625984706165 8.134246968731249 8.144603206042241 8.172032480882706
 224 4194304 28366.089 28495.073 28846.025 65.14062828413967 65.94291553490669 66.24276586032005 8.142578535517458 8.242864441863336 8.280345732540006
 240 4194304 30453.92 30516.148 30815.125 65.3336931133656 65.97378935244382 66.10859685715336 8.1667116391707 8.246723669055477 8.26357460714417
 264 2097152 16752.005 16794.205 16949.892 65.32762899020241 65.93323446986622 66.09932697608436 8.165953623775302 8.241654308733278 8.262415872010545
 288 2097152 18302.917 18337.965 18357.992 65.80020037049803 65.87206115836734 65.9981986477893 8.225025046312254 8.234007644795918 8.249774830973662
 312 2097152 19734.859 19735.813 19856.93 65.9025764808558 66.3070149681698 66.3102203061091 8.237822060106975 8.288376871021224 8.288777538263638
 336 2097152 21206.856 21277.905 21308.899 66.13603753061103 66.23237315891767 66.45427044914155 8.26700469132638 8.279046644864708 8.306783806142693
 368 2097152 23007.154 23200.035 23272.991 66.32168044064468 66.53023894144987 67.08799671615186 8.290210055080586 8.316279867681233 8.385999589518983
 400 2097152 25156.975 25165.796 25271.177 66.3887400258405 66.66674084141825 66.69011675688353 8.298592503230063 8.33334260517728 8.33626459461044
 440 2097152 27678.013 27751.207 27865.887 66.22770558137985 66.50138712885534 66.67724883285517 8.278463197672481 8.312673391106918 8.334656104106896
 480 2097152 30096.054 30113.935 30156.851 66.7598191866916 66.85496000439663 66.89468061161772 8.34497739833645 8.356870000549579 8.361835076452214
 528 1048576 16514.778 16553.879 16554.117 66.8894786716803 66.89044036144035 67.04881264525628 8.361184833960037 8.361305045180044 8.381101580657035
 576 1048576 18028.021 18028.975 18029.928 66.99746954064375 67.00101098370817 67.00455651787847 8.374683692580469 8.375126372963521 8.375569564734809
 632 1048576 21470.07 21471.024 21471.977 61.726969249268485 61.72970902552203 61.73245192027786 7.715871156158561 7.716213628190253 7.7165564900347325
 688 1048576 23602.009 23602.962 23612.976 61.10371585521453 61.12964025447315 61.132108542116065 7.637964481901816 7.641205031809144 7.641513567764508
 752 1048576 25240.183 25242.09 25243.998 62.472604537522145 62.47732671898404 62.482047138881676 7.809075567190268 7.809665839873005 7.8102558923602095
 824 1048576 26059.151 26060.82 26065.111 66.29755952314954 66.30847563507211 66.3127224674357 8.287194940393693 8.288559454384014 8.289090308429463
 904 1048576 28026.819 28027.058 28028.011 67.64038332937717 67.64268329554962 67.64326012167133 8.455047916172147 8.455335411943702 8.455407515208917
 992 1048576 30981.064 30987.978 31169.891 66.74308819366742 67.13489934709519 67.1498817471214 8.342886024208427 8.391862418386898 8.393735218390175
 1088 524288 16716.957 16720.057 16722.202 68.22371168581745 68.23246404004485 68.24511709876386 8.527963960727181 8.529058005005606 8.530639637345482
 1192 524288 17455.101 17456.055 17489.91 71.4642094784936 71.60281014238325 71.6067235589184 8.9330261848117 8.950351267797906 8.9508404448648
 1304 524288 18846.989 18848.896 18999.815 71.96612724913373 72.54234433677176 72.549684408475 8.995765906141717 9.06779304209647 9.068710551059375
 1432 524288 20323.992 20338.058 20417.929 73.54128971650357 73.83009882261128 73.88119578082889 9.192661214562946 9.22876235282641 9.235149472603611
 1568 524288 22454.977 22454.977 22454.977 73.22061242814901 73.22061242814901 73.22061242814901 9.152576553518626 9.152576553518626 9.152576553518626
 1720 524288 23774.862 23787.022 23848.772 75.62446905023035 75.82078664576002 75.85956629317133 9.453058631278793 9.477598330720003 9.482445786646416
 1888 524288 26222.944 26255.131 26255.131 75.40284175310342 75.40284175310342 75.49539395729175 9.425355219137927 9.425355219137927 9.43692424466147
 2072 262144 14013.052 14014.959 14136.791 76.8437996996631 77.51180263888034 77.52235101960657 9.605474962457887 9.688975329860043 9.690293877450822
 2272 262144 15407.085 15407.085 15407.085 77.31393290813935 77.31393290813935 77.31393290813935 9.664241613517419 9.664241613517419 9.664241613517419
 2496 262144 16717.911 16718.149 16718.864 78.27223476427585 78.27558230280157 78.27669665187236 9.784029345534481 9.784447787850196 9.784587081484045
 2744 262144 18028.021 18028.021 18066.883 79.62891396374238 79.8005655751122 79.8005655751122 9.953614245467797 9.975070696889025 9.975070696889025
 3016 262144 19667.864 19667.864 19680.023 80.34810772324808 80.39778025717484 80.39778025717484 10.04351346540601 10.049722532146856 10.049722532146856
 3312 262144 21636.963 21637.917 21637.917 80.24995455893466 80.24995455893466 80.25349287698093 10.031244319866833 10.031244319866833 10.031686609622616
 3640 262144 23355.007 23355.961 23355.961 81.70968944502006 81.70968944502006 81.71302710378122 10.213711180627508 10.213711180627508 10.214128387972652
 4000 262144 25732.04 25733.948 25734.186 81.49284379929483 81.49359748453676 81.49964013735405 10.186605474911854 10.186699685567095 10.187455017169256
 4400 131072 14055.967 14055.967 14055.967 82.06006744324314 82.06006744324314 82.06006744324314 10.257508430405393 10.257508430405393 10.257508430405393
 4840 131072 15285.015 15289.068 15316.963 82.83476038951065 82.98589292689391 83.0078976042876 10.354345048688831 10.373236615861739 10.37598720053595
 5320 131072 16717.196 16719.103 16725.063 83.38420489058846 83.41392956308721 83.42344493657907 10.423025611323558 10.426741195385901 10.427930617072384
 5848 131072 18274.069 18276.93 18277.168 83.87612960607464 83.87722183101866 83.89035370283432 10.48451620075933 10.484652728877332 10.48629421285429
 6432 131072 20128.012 20130.873 20135.88 83.73660391301497 83.75743108607362 83.76933638553079 10.467075489126872 10.469678885759203 10.471167048191349
 7072 131072 22043.943 22045.851 22045.851 84.0921209165389 84.0921209165389 84.09939945861773 10.511515114567363 10.511515114567363 10.512424932327216
 7776 131072 24141.073 24142.027 24151.087 84.40331252999088 84.43498733557045 84.43832401318699 10.55041406624886 10.554373416946307 10.554790501648373
 8552 65536 13172.865 13172.865 13174.057 85.08599469396557 85.09369404453777 85.09369404453777 10.635749336745697 10.636711755567221 10.636711755567221
 9400 65536 14442.921 14443.874 14443.874 85.30099334846038 85.30099334846038 85.30662183916951 10.662624168557548 10.662624168557548 10.663327729896189
 10336 65536 15898.943 15898.943 15898.943 85.21070815839771 85.21070815839771 85.21070815839771 10.651338519799713 10.651338519799713 10.651338519799713
 11368 65536 17393.827 17394.066 17395.02 85.6582226407328 85.66292067651118 85.66409772846424 10.7072778300916 10.707865084563897 10.70801221605803
 12504 65536 19077.063 19078.016 19088.03 85.86136379710216 85.90643219923916 85.91072367900657 10.73267047463777 10.738304024904895 10.73884045987582
 13752 65536 20937.92 20938.158 20953.894 86.02229943513125 86.08694919581751 86.08792774067338 10.752787429391406 10.760868649477189 10.760990967584172
 15120 65536 23048.162 23048.878 23049.831 85.97931325396702 85.9828682333257 85.98553932413351 10.747414156745878 10.747858529165713 10.748192415516689
 16632 32768 12620.926 12621.164 12622.118 86.35593107274072 86.36245848639633 86.36408707253335 10.79449138409259 10.795307310799542 10.795510884066669
 18288 32768 13890.028 13890.982 13891.935 86.27468873126746 86.2806076633027 86.28653361965864 10.784336091408433 10.785075957912838 10.78581670245733
 20112 32768 15253.782 15254.021 15254.021 86.40738281401343 86.40738281401343 86.4087366660937 10.800922851751679 10.800922851751679 10.801092083261713
 22120 32768 16728.878 16729.832 16730.07 86.64974623537141 86.65097892196408 86.65592037911928 10.831218279421426 10.83137236524551 10.83199004738991
 24328 32768 18378.973 18378.973 18459.082 86.37264886737056 86.74912401253323 86.74912401253323 10.79658110842132 10.843640501566654 10.843640501566654
 26760 32768 20191.908 20194.054 20194.054 86.84454146750326 86.84454146750326 86.85377132265064 10.855567683437908 10.855567683437908 10.85672141533133
 29432 32768 22187.948 22188.902 22197.962 86.89336219243911 86.92884181470538 86.93257943456511 10.86167027405489 10.866105226838172 10.86657242932064
 32368 32768 24400.949 24401.903 24403.095 86.9262381677406 86.93048439705707 86.93388310430056 10.865779770967576 10.866310549632134 10.86673538803757
 35600 16384 13631.105 13636.827 13700.962 85.14298485026089 85.54341856797039 85.57932757469038 10.642873106282611 10.692927320996299 10.697415946836298
 39160 16384 15264.988 15372.992 15398.026 83.33502489215175 83.47073100669017 84.06130944878568 10.416878111518969 10.433841375836272 10.50766368109821
 43072 16384 16917.944 16940.832 17053.127 82.76389989941433 83.31251357666494 83.42522566571918 10.34548748742679 10.414064197083118 10.428153208214898
 47376 16384 18617.153 18655.062 18762.827 82.73895868676931 83.2169181748096 83.38636782971061 10.342369835846164 10.4021147718512 10.423295978713826
 52112 16384 20481.825 20498.991 20525.932 83.1926178065873 83.30195452059078 83.37177063079095 10.399077225823412 10.412744315073848 10.421471328848869
 57320 16384 22517.92 22526.979 22550.821 83.29017200748478 83.37832427508367 83.41186752595267 10.411271500935598 10.422290534385459 10.426483440744084
 63048 16384 24783.85 24787.903 24907.112 82.94646380519748 83.34536664920788 83.35899644324832 10.368307975649685 10.418170831150984 10.41987455540604
 69352 8192 13607.025 13628.006 13632.059 83.35227774468993 83.37706690179033 83.50562801200115 10.419034718086241 10.422133362723791 10.438203501500144
 76280 8192 14955.997 14989.853 14996.052 83.34003643092196 83.37450140438335 83.56323687414486 10.417504553865244 10.421812675547919 10.445404609268108
 83904 8192 16489.029 16489.029 16565.084 82.98678932144263 83.36956263464636 83.36956263464636 10.373348665180329 10.421195329330795 10.421195329330795
 92288 8192 18136.024 18160.82 18168.926 83.22157248039868 83.25871805347995 83.37255133760299 10.402696560049835 10.407339756684994 10.421568917200373
 101512 8192 19911.051 19937.038 19979.954 83.24206392066768 83.4212488334526 83.53012646092866 10.40525799008346 10.427656104181574 10.441265807616082
 111656 8192 21934.986 21955.967 21970.034 83.26668515852093 83.32003341050749 83.39972972857151 10.408335644815116 10.415004176313436 10.42496621607144
 122816 8192 24122.953 24152.04 24196.863 83.16025693082611 83.3145913968344 83.41505055371952 10.395032116353264 10.4143239246043 10.42688131921494
 135096 4096 13259.888 13278.008 13322.115 83.07287784259482 83.34883003534868 83.46272849363433 10.384109730324353 10.418603754418585 10.432841061704291
 148600 4096 14596.939 14596.939 14729.977 82.64311614335854 83.39633398481696 83.39633398481696 10.330389517919818 10.42454174810212 10.42454174810212
 163456 4096 16057.014 16083.002 16218.901 82.55994361146911 83.25756298482088 83.39231391340881 10.319992951433639 10.40719537310261 10.424039239176102
 179800 4096 17689.943 17791.986 18016.815 81.75260721720238 82.78567665239845 83.26321910703726 10.219075902150298 10.348209581549806 10.407902388379657
 197776 4096 19668.818 20335.913 20452.976 79.214926571077 79.67092463465988 82.3730735624276 9.901865821384625 9.958865579332485 10.29663419530345
 217552 4096 21641.016 22479.057 22938.967 77.69251265761008 79.2820616985846 82.35223263085246 9.71156408220126 9.910257712323075 10.294029078856557
 239304 4096 24470.091 25174.141 25566.101 76.67881653131231 77.87270151541615 80.11324387800602 9.584852066414038 9.73408768942702 10.014155484750752
 263232 2048 13987.064 14152.05 14213.085 75.85955279940985 76.18672008648925 77.08538918532153 9.482444099926232 9.523340010811156 9.635673648165191
 289552 2048 15666.008 15704.155 15815.973 74.98779822145625 75.52173243323183 75.70562915581303 9.37347477768203 9.440216554153979 9.463203644476629
 318504 2048 17475.128 17524.004 17620.087 74.04006484190458 74.44602181099708 74.65423909913564 9.255008105238073 9.305752726374635 9.331779887391955
 350352 2048 19513.13 19720.078 19934.893 71.98643062694143 72.77059411225451 73.54236824128164 8.998303828367678 9.096324264031814 9.192796030160205
 385384 2048 21962.881 22080.898 22447.824 70.32008376402095 71.48861717489932 71.87275949817331 8.790010470502619 8.936077146862415 8.984094937271664
 423920 2048 24194.002 24649.858 24801.016 70.01230594746603 70.44163580982901 71.76887560809493 8.751538243433254 8.805204476228626 8.971109451011866
 466312 2048 27343.988 27421.951 27463.913 69.54631526833047 69.6527374000486 69.85133083001645 8.69328940854131 8.706592175006074 8.731416353752056
 512936 2048 30185.938 30216.932 30220.032 69.52295272222081 69.53008518535236 69.60147655507673 8.690369090277601 8.691260648169045 8.700184569384591
 564224 1024 16628.027 16638.041 16686.201 69.2506791689732 69.45113021418807 69.49295619979449 8.65633489612165 8.681391276773509 8.686619524974311
 620640 1024 18281.937 18291.95 18296.957 69.46896798194366 69.4879835118727 69.52604201622617 8.683620997742958 8.685997938984087 8.690755252028271
 682704 1024 20109.892 20112.991 20124.912 69.47497668561233 69.51615460873025 69.5268672750704 8.684372085701542 8.68951932609128 8.6908584093838
 750968 1024 22116.899 22132.874 22136.927 69.4758791046291 69.48860161585883 69.53879311923428 8.684484888078638 8.686075201982353 8.692349139904286
 826064 1024 24343.967 24345.875 24371.862 69.41525731599826 69.48935176903686 69.49479811568919 8.676907164499783 8.686168971129607 8.686849764461149
 908664 1024 26763.916 26779.89 26783.943 69.47983245036028 69.49034786924068 69.5318230710334 8.684979056295035 8.686293483655085 8.691477883879175
 999528 1024 29438.972 29455.9 29460.907 69.4830387944268 69.49484972450341 69.53481065847 8.68537984930335 8.686856215562926 8.69185133230875
 1099480 512 16216.993 16220.093 16232.967 69.35685386411491 69.41190287873194 69.42517148524391 8.669606733014364 8.676487859841492 8.678146435655488
 1209424 512 17841.101 17848.969 17853.975 69.36551529841394 69.38496985456135 69.41556891584214 8.670689412301742 8.673121231820168 8.676946114480268
 1330360 512 19623.995 19639.015 19640.207 69.36223431860978 69.36644429468586 69.41953664378737 8.670279289826222 8.670805536835733 8.677442080473421
 1463392 512 21582.127 21594.048 21596.909 69.38554994142912 69.39474284765878 69.43307339448053 8.67319374267864 8.674342855957347 8.679134174310066
 1609728 512 23750.067 23759.127 23759.127 69.37803194536566 69.37803194536566 69.40449776415367 8.672253993170708 8.672253993170708 8.67556222051921
 1770696 512 26124.954 26132.107 26133.776 69.38119864500254 69.38562986903429 69.40462762154527 8.672649830625318 8.673203733629286 8.67557845269316
 1947760 512 28734.922 28743.029 28748.989 69.3765697291129 69.3909552817137 69.41053259166668 8.672071216139113 8.673869410214213 8.676316573958335
 2142536 256 15861.988 15875.101 15933.037 68.84929922650653 69.1005639586167 69.15768893533395 8.606162403313316 8.637570494827088 8.644711116916744
 2356784 256 17440.081 17446.041 17477.036 69.04336685007685 69.16603073442276 69.18966763973171 8.630420856259606 8.645753841802845 8.648708454966464
 2592456 256 19185.066 19191.98 19206.047 69.11039382544467 69.16104914657059 69.18597371518034 8.638799228180584 8.645131143321324 8.648246714397542
 2851696 256 21106.005 21107.912 21108.15 69.17083458285069 69.17161451118425 69.17786440399308 8.646354322856336 8.64645181389803 8.647233050499135
 3136864 256 23216.009 23222.923 23223.162 69.15829842637278 69.15901017283656 69.17960653788514 8.644787303296598 8.64487627160457 8.647450817235642
 3450544 256 25532.007 25532.961 25540.829 69.17075902273963 69.19207404107968 69.19465939359957 8.646344877842454 8.64900925513496 8.649332424199946
 3795592 256 28091.192 28093.1 28096.914 69.16571350148988 69.175103637548 69.1798021244524 8.645714187686234 8.6468879546935 8.64747526555655
 4175144 256 30889.034 30898.094 30903.101 69.17343757831941 69.1846470529865 69.20493946168729 8.646679697289926 8.648080881623313 8.650617432710911
 4592656 128 17106.056 17107.01 17109.156 68.7187571379909 68.72737760719144 68.73121051398404 8.589844642248863 8.59092220089893 8.591401314248005
 5051920 128 18810.034 18815.041 18815.041 68.73710878440285 68.73710878440285 68.75540575843722 8.592138598050356 8.592138598050356 8.594425719804653
 5557112 128 20689.011 20698.071 20701.17 68.72175205556016 68.73204135786375 68.7621400558973 8.59021900694502 8.591505169732969 8.595267506987163
 6112816 128 22762.06 22771.12 22897.959 68.34150135389797 68.72217510601148 68.74952864547409 8.542687669237246 8.590271888251435 8.59369108068426
 6724096 128 25043.011 25079.012 25186.777 68.34413851363357 68.6378145997139 68.73648603995743 8.543017314204196 8.579726824964238 8.592060754994678
 7396504 128 27534.008 27551.174 27553.797 68.72029375842466 68.72683625024473 68.76968380338961 8.590036719803082 8.590854531280591 8.596210475423701
 8136152 128 30293.941 30304.909 30344.963 68.63923057016086 68.72995104522506 68.7548349024645 8.579903821270108 8.591243880653133 8.594354362808062
 8949760 64 16875.029 16880.989 16885.042 67.84521353278242 67.86150266432848 67.88547030052511 8.480651691597803 8.48268783304106 8.48568378756564
 9844736 64 18561.125 18568.993 18576.86 67.83311108551176 67.86184948209093 67.89061589747388 8.47913888568897 8.482731185261366 8.486326987184235
 10829208 64 20416.975 20422.935 20431.042 67.84473469341407 67.87166604604089 67.89147873277017 8.480591836676759 8.48395825575511 8.486434841596271
 11912128 64 22458.076 22467.852 22516.012 67.71858107021794 67.86373632868865 67.8932774116536 8.464822633777242 8.48296704108608 8.4866596764567
 13103336 64 24708.033 24713.039 24718.046 67.85435256492363 67.86810023647841 67.88185073251277 8.481794070615454 8.483512529559802 8.485231341564097
 14413664 64 27179.956 27189.016 27220.964 67.77676911074862 67.85640907342876 67.87902791306948 8.472096138843577 8.482051134178596 8.484878489133685
 15855024 64 29903.889 29906.988 29973.03 67.70897276651709 67.85849086507808 67.86552317660087 8.463621595814637 8.48231135813476 8.48319039707511
 17440520 32 16891.003 16919.851 16925.097 65.94900342373222 65.96945091301336 66.08211957572917 8.243625427966528 8.24618136412667 8.260264946966146
 19184568 32 19012.928 19088.984 19176.96 64.02539046856228 64.32046629616327 64.57776266759123 8.003173808570285 8.04005828702041 8.072220333448904
 21103024 32 23818.016 23949.862 24022.818 56.221278286335945 56.39253938081146 56.70470353198184 7.027659785791993 7.049067422601433 7.08808794149773
 23213320 32 32355.07 32407.999 33956.051 43.75221606305162 45.84215396945674 45.917146215415386 5.4690270078814525 5.730269246182092 5.739643276926923
 25534648 32 38878.918 39087.057 39423.943 41.45241058206685 41.80968324118135 42.03351214660861 5.181551322758356 5.226210405147668 5.254189018326076
 28088112 32 43621.063 44613.123 44679.165 40.23439489077291 40.29395494236079 41.21034757910415 5.029299361346614 5.036744367795099 5.151293447388019
 30896920 32 48974.991 49108.982 49243.927 40.15526381557669 40.265605179924115 40.37576811397474 5.019407976947086 5.033200647490514 5.046971014246843
 33986608 16 28738.022 28744.936 28933.048 37.589245903162364 37.83523664829172 37.84433932161372 4.698655737895296 4.729404581036465 4.730542415201715
 37385264 16 31780.005 31785.011 31882.048 37.52357590077025 37.638132263034294 37.64406103774999 4.690446987596281 4.704766532879287 4.705507629718749
 41123784 16 35085.917 35103.083 35116.911 37.473714245538275 37.488476097669256 37.506817564437604 4.684214280692284 4.686059512208657 4.6883521955547005
 45236160 16 38331.032 38639.069 38774.967 37.3322592382864 37.46356103973415 37.76462684333675 4.6665324047858 4.682945129966769 4.720578355417094
 49759776 16 42269.945 42321.92 42502.88 37.463645569429644 37.623832567142514 37.67009472096545 4.6829556961787056 4.702979070892814 4.708761840120681
 54735752 16 46426.058 46501.16 46571.97 37.60940462686032 37.666674637793975 37.72760685389227 4.70117557835754 4.708334329724247 4.715950856736534
 60209320 16 51200.867 51251.173 51398.993 37.4851359442003 37.59325157299326 37.6301877856873 4.685641993025038 4.6991564466241575 4.703773473210912
 66230248 16 56576.014 56757.927 56766.033 37.33514258429861 37.340474679422314 37.46053824152405 4.666892823037326 4.667559334927789 4.682567280190506
 72853272 8 34410.0 34440.041 34477.949 33.80863380243413 33.84584681533916 33.87539529206626 4.226079225304266 4.230730851917395 4.234424411508282
 80138592 8 37590.027 37649.155 37901.878 33.82991924569014 34.05700531658679 34.110575978038 4.228739905711268 4.257125664573349 4.26382199725475
 88152448 8 41265.965 41353.226 41810.989 33.73369541677189 34.10711338457609 34.17923627861362 4.216711927096486 4.263389173072011 4.272404534826703
 96967688 8 45556.068 45717.955 45720.816 33.93384335047738 33.935966908406115 34.05656098327011 4.241730418809673 4.241995863550764 4.257070122908764
 106664456 8 50248.861 50262.928 50266.027 33.9519830361767 33.95407637215246 33.963581701881765 4.243997879522087 4.244259546519057 4.245447712735221
 117330896 8 55190.086 55384.159 55387.974 33.89353681721595 33.89587148917437 34.01506451720332 4.236692102151994 4.236983936146796 4.251883064650415
 129063984 8 60753.107 60782.194 60983.181 33.862184788294336 33.97415604971416 33.99042198780056 4.232773098536792 4.24676950621427 4.24880274847507
 141970376 4 39754.868 39788.961 40042.877 28.363671471457963 28.54467619800376 28.5691555559938 3.5454589339322453 3.56808452475047 3.571144444499225
 156167408 4 43801.069 43874.979 43877.125 28.473589917297453 28.474982609108487 28.52303134428066 3.5591987396621816 3.559372826138561 3.5653789180350826
 171784144 4 48274.04 48315.048 48356.056 28.419876757525472 28.44399848262595 28.4681611897409 3.552484594690684 3.555499810328244 3.5585201487176126
 188962552 4 53018.093 53050.041 53067.923 28.486142485734742 28.49574453674786 28.512915694647862 3.560767810716843 3.5619680670934826 3.564114461830983
 207858800 4 58416.128 58434.01 58473.11 28.438206895443052 28.457235777589112 28.465946938489317 3.5547758619303815 3.557154472198639 3.5582433673111646
 228644680 4 64060.926 64156.055 64213.991 28.48534114629318 28.511064777907553 28.55340305258778 3.5606676432866475 3.563883097238444 3.5691753815734724
 251509144 4 70567.131 70632.935 70645.809 28.48113965260134 28.486330803045355 28.51289436720901 3.5601424565751674 3.5607913503806694 3.5641117959011264
 276660056 2 51404.953 51441.908 51546.097 21.468943109310487 21.512425705516208 21.527890979688276 2.683617888663811 2.689053213189526 2.6909863724610346
 304326056 2 56627.989 56651.115 56708.813 21.465873814004887 21.487736366706994 21.496511627845376 2.683234226750611 2.685967045838374 2.687063953480672
 334758656 2 62319.04 62330.961 62331.915 21.482327696814703 21.482656492332918 21.486765906535144 2.685290962101838 2.6853320615416147 2.685845738316893
 368234520 2 68564.892 68593.979 68602.085 21.470748010064124 21.473285286453493 21.482394809285196 2.6838435012580155 2.6841606608066866 2.6852993511606496
 405057968 2 75424.91 75436.831 75596.094 21.4327458770555 21.477994906758475 21.481389530328904 2.6790932346319374 2.6847493633448094 2.685173691291113
 445563760 2 82885.981 82921.982 82992.077 21.47500224629876 21.4931553372663 21.502490752929617 2.684375280787345 2.6866444171582873 2.687811344116202
 490120136 2 91233.015 91264.963 91388.226 21.45222234645413 21.48119584511309 21.488718135644206 2.681527793306766 2.685149480639136 2.6860897669555257
 539132144 1 50202.131 50211.906 50215.006 21.472949500394364 21.474275204769164 21.478456522094646 2.6841186875492955 2.6842844005961455 2.6848070652618308
 593045352 1 55154.085 55187.941 55190.086 21.49101025137014 21.491845546475453 21.505038185294886 2.6863762814212677 2.6864806933094316 2.6881297731618607
 652349880 1 60703.993 60704.947 60721.874 21.48648706065956 21.492478364242704 21.492816131551674 2.685810882582445 2.686559795530338 2.6866020164439592
 717584864 1 66764.116 66802.025 66910.028 21.449247159185163 21.483925494773548 21.496124175447783 2.6811558948981453 2.6854906868466935 2.687015521930973
 789343344 1 73409.796 73465.109 73544.025 21.465872829233916 21.488931405519317 21.50512294026808 2.6832341036542395 2.6861164256899146 2.68814036753351
 868277672 1 80735.922 80838.919 80866.814 21.474264387366613 21.481674488992116 21.50907924232289 2.6842830484208267 2.6852093111240145 2.6886349052903613
 955105432 1 88844.061 88871.002 88882.208 21.491487520202018 21.494197443616088 21.500715326373925 2.686435940025252 2.686774680452011 2.6875894157967406
 1050615968 1 97760.201 97793.102 97850.084 21.473992153139083 21.486504600293795 21.493735840416285 2.6842490191423853 2.6858130750367244 2.6867169800520356
 
META_DATA
 FLOPS          2
 ERT_VERSION  1.1.0
 HOSTNAME  ('graoully-1.nancy.grid5000.fr', [], ['172.16.70.1'])
 UNAME  uname_result(system='Linux', node='graoully-1.nancy.grid5000.fr', release='4.19.0-14-amd64', version='#1 SMP Debian 4.19.171-2 (2021-01-30)', machine='x86_64', processor='')
 TIMESTAMP_DATA  1615913797.2506747
 CONFIG  {'ERT_RESULTS': ['Results.graoully.01'], 'ERT_DRIVER': ['driver1'], 'ERT_KERNEL': ['kernel1'], 'ERT_OPENMP': ['False'], 'ERT_FLOPS': ['1,2,4,8,16,32'], 'ERT_ALIGN': ['64'], 'ERT_CC': ['g++'], 'ERT_CFLAGS': ['-O3', '-DERT_INTEL'], 'ERT_LD': ['g++'], 'ERT_LDFLAGS': [], 'ERT_LDLIBS': [], 'ERT_PRECISION': ['FP64'], 'ERT_RUN': ['ERT_CODE'], 'ERT_NUM_EXPERIMENTS': ['3'], 'ERT_MEMORY_MAX': ['1073741824'], 'ERT_WORKING_SET_MIN': ['1'], 'ERT_TRIALS_MIN': ['1'], 'ERT_GNUPLOT': ['gnuplo'], 'ERT_MPI': [False], 'ERT_GPU': [False], 'ERT_HIP': [False], 'ERT_OCL': [False], 'ERT_SYCL': [False], 'ERT_WSS_MULT': [1.1]}
 TIMESTAMP_DATA  1615913828.8884842
 TIMESTAMP_DATA  1615913860.5127509
 