fp64
 8 134217728 272724.152 272774.935 272973.061 7.867016767636278 7.872730857767412 7.874196811142712 0.9833770959545347 0.9840913572209266 0.984274601392839
 16 67108864 136363.029 136364.937 136471.033 15.735820274768495 15.748063213639737 15.748283561521651 1.9669775343460618 1.9685079017049671 1.9685354451902064
 24 33554432 68182.945 68183.899 68300.009 23.58144251489044 23.621599228287018 23.621929736241224 2.947680314361305 2.952699903535877 2.952741217030153
 32 33554432 73427.916 73428.154 73507.071 29.214654029678318 29.246052515496988 29.2461473099686 3.6518317537097897 3.6557565644371235 3.655768413746075
 40 16777216 36712.885 36713.123 36717.176 36.554480115791044 36.558515602173095 36.5587526014368 4.5693100144738805 4.569814450271637 4.5698440751796
 48 16777216 36715.031 36715.984 36715.984 43.86680024699869 43.86680024699869 43.86793888312391 5.483350030874837 5.483350030874837 5.483492360390489
 56 16777216 36714.077 36715.031 36715.031 51.179262030311236 51.179262030311236 51.18059190211972 6.3974077537889045 6.3974077537889045 6.397573987764965
 64 16777216 36743.879 36746.979 36748.886 58.43670058461092 58.43973318187599 58.44466361322385 7.304587573076365 7.304966647734498 7.3055829516529815
 72 8388608 18355.846 18356.8 18357.038 65.80361995219491 65.80447311078183 65.80789313660617 8.225452494024363 8.225559138847728 8.225986642075771
 80 8388608 18356.8 18357.038 18358.946 73.10753460465541 73.11513328021657 73.11608123420204 9.138441825581927 9.139391660027071 9.139510154275255
 88 8388608 18533.945 18536.091 18542.051 79.62414772777832 79.64974966944216 79.65897211845616 9.95301846597229 9.95621870868027 9.95737151480702
 96 8388608 18356.085 18357.038 18357.038 87.73815993625988 87.73815993625988 87.74271507241333 10.967269992032485 10.967269992032485 10.967839384051667
 104 8388608 18405.914 18417.12 18422.842 94.71016817057867 94.73959359552417 94.79727352849741 11.838771021322334 11.842449199440521 11.849659191062177
 112 8388608 21722.078 21742.105 21783.113 86.26169234856377 86.42439138252712 86.50407166386198 10.782711543570471 10.80304892281589 10.813008957982747
 120 8388608 23987.055 23991.823 24053.097 83.70090221645884 83.91467042750357 83.93135047216091 10.462612777057355 10.489333803437946 10.491418809020114
 128 8388608 18826.008 18833.876 18878.937 113.75024176414169 114.02239496532738 114.07004862634712 14.218780220517711 14.252799370665922 14.25875607829339
 136 4194304 10704.041 10707.14 10707.855 106.54334486225301 106.55045959985581 106.58130775096994 13.317918107781626 13.318807449981977 13.322663468871243
 144 4194304 11930.943 11938.095 11985.064 100.78874439051806 101.18528559204798 101.24594107942683 12.598593048814758 12.648160699005997 12.655742634928353
 152 4194304 14447.927 14514.923 14585.972 87.41744574855898 87.84534482201525 88.25268953809083 10.927180718569872 10.980668102751906 11.031586192261354
 160 4194304 11766.911 11768.103 11768.818 114.04520657894447 114.05213567556302 114.06368927240123 14.25565082236806 14.256516959445378 14.257961159050154
 176 4194304 13561.964 13564.825 13599.873 108.55947022446459 108.83995982255576 108.86292044426604 13.569933778058074 13.60499497781947 13.607865055533255
 192 4194304 12485.981 12487.888 12527.943 128.5616270763684 128.97398951688226 128.9936878808321 16.07020338454605 16.121748689610282 16.124210985104014
 208 4194304 14752.15 14775.038 14776.945 118.07788849454337 118.09312869449134 118.276350498063 14.759736061817922 14.761641086811418 14.784543812257875
 224 4194304 13721.943 13725.042 13726.95 136.88752359409773 136.9065531457026 136.93747248476402 17.110940449262216 17.113319143212824 17.117184060595502
 240 4194304 16299.963 16301.155 16340.971 123.20356727883551 123.50449523361993 123.51352699389561 15.400445909854438 15.438061904202492 15.439190874236951
 264 2097152 8242.846 8249.998 8254.051 134.15185537380373 134.21776053763892 134.3342161190443 16.768981921725466 16.777220067204865 16.791777014880537
 288 2097152 8312.941 8313.894 8315.086 145.27324816604423 145.29407663845603 145.31073322907017 18.15915602075553 18.161759579807004 18.16384165363377
 312 2097152 10423.899 10426.044 10426.998 125.50331821296983 125.51480197091053 125.54063004639627 15.687914776621229 15.689350246363816 15.692578755799534
 336 2097152 10444.164 10456.085 10552.883 133.54513112672623 134.78143530776578 134.93527524079477 16.69314139084078 16.847679413470722 16.866909405099346
 368 2097152 11252.165 11253.834 11254.787 137.14198873777 137.15360223013775 137.17394581398335 17.14274859222125 17.14420027876722 17.14674322674792
 400 2097152 11931.896 11976.957 11997.938 139.83416150341833 140.0791202640203 140.60813134811096 17.47927018792729 17.509890033002538 17.57601641851387
 440 2097152 13549.089 13549.089 13550.997 136.1887807959813 136.2079590738536 136.2079590738536 17.023597599497663 17.0259948842317 17.0259948842317
 480 2097152 12923.002 12925.148 12957.811 155.37083539804678 155.7634713351058 155.78933749294472 19.421354424755847 19.470433916888226 19.47366718661809
 528 1048576 7601.023 7602.93 7616.997 145.37175950049604 145.6407274563885 145.6772668626315 18.171469937562005 18.205090932048563 18.20965835782894
 576 1048576 7574.081 7604.122 7639.17 158.1270677311802 158.85588789869493 159.485956382035 19.765883466397526 19.856985987336866 19.935744547754375
 632 1048576 9023.905 9025.097 9026.051 146.8416325145958 146.85715444388023 146.8765533325096 18.355204064324475 18.35714430548503 18.3595691665637
 688 1048576 9433.985 9434.223 9443.045 152.7939955808746 152.93687418667122 152.94073246883474 19.099249447609324 19.117109273333902 19.117591558604342
 752 1048576 10115.862 10116.816 10152.817 155.3320919701399 155.88484598316307 155.89954706776348 19.41651149626749 19.485605747895384 19.487443383470435
 824 1048576 11155.128 11157.036 11187.077 154.4687006266248 154.88461702552542 154.91110886401302 19.3085875783281 19.360577128190677 19.363888608001627
 904 1048576 11538.029 11542.797 11596.918 163.47665888471403 164.2431559699092 164.31102816607586 20.434582360589253 20.53039449623865 20.538878520759482
 992 1048576 12230.873 12241.84 12244.225 169.9066118108741 169.93971363781915 170.09209269035824 21.238326476359262 21.242464204727394 21.26151158629478
 1088 524288 8216.143 8216.858 8219.004 138.80644029373875 138.84269242574229 138.85477504468946 17.350805036717343 17.355336553217786 17.356846880586183
 1192 524288 8567.095 8675.098 8695.126 143.74749624099752 144.07936279221286 145.89573151692613 17.96843703012469 18.009920349026608 18.236966439615767
 1304 524288 9440.899 9479.046 9589.911 142.5814174917786 144.24902084028287 144.8318750152925 17.822677186472326 18.03112760503536 18.103984376911562
 1432 524288 10144.949 10163.069 10195.017 147.28379874207172 147.74679105297818 148.01068314882608 18.410474842758966 18.468348881622273 18.50133539360326
 1568 524288 10794.878 10797.977 10801.077 152.22252077269704 152.26622246000338 152.30993513775698 19.02781509658713 19.033277807500422 19.038741892219623
 1720 524288 11754.036 11757.135 11769.056 153.24514727434385 153.40052827495813 153.44097295601273 19.15564340929298 19.175066034369767 19.18012161950159
 1888 524288 12529.85 12619.972 12629.032 156.7587672594384 156.87130589513194 157.99961595709445 19.5948459074298 19.608913236891492 19.749951994636806
 2072 262144 6781.816 6819.01 6874.084 158.0319262901064 159.30827730125046 160.1819831148471 19.7539907862633 19.913534662656307 20.022747889355887
 2272 262144 7344.007 7358.074 7376.194 161.49010397503102 161.88778965800017 162.19787590071743 20.186262996878877 20.23597370725002 20.27473448758968
 2496 262144 7981.062 7986.069 7989.883 163.78498258359977 163.8632032856215 163.96600452420992 20.47312282294997 20.482900410702687 20.49575056552624
 2744 262144 8687.019 8695.841 8718.014 165.0199543152833 165.44072873457552 165.60874012132354 20.62749428941041 20.68009109182194 20.701092515165442
 3016 262144 9343.147 9346.008 9347.916 169.15562869841793 169.1901620456563 169.24197039819666 21.14445358730224 21.14877025570704 21.155246299774582
 3312 262144 10190.964 10205.03 10205.984 170.13958242536927 170.155487636979 170.3903434454287 21.26744780317116 21.269435954622374 21.298792930678587
 3640 262144 11075.974 11103.868 11107.922 171.80606057550636 171.86878662462485 172.3016251211857 21.475757571938296 21.483598328078106 21.537703140148214
 4000 262144 12077.093 12081.861 12086.868 173.50665201274637 173.57855714446637 173.64708543686794 21.688331501593296 21.697319643058297 21.705885679608492
 4400 131072 6580.114 6585.121 6590.128 175.02446082989587 175.15754076500644 175.2908232288985 21.878057603736984 21.894692595625806 21.91135290361231
 4840 131072 7320.881 7345.915 7829.189 162.05726544601237 172.71870965019335 173.3093271151382 20.257158180751546 21.58983870627417 21.663665889392274
 5320 131072 7969.856 7970.81 8145.809 171.2053498921961 174.9641604805534 174.9851038713874 21.400668736524512 21.870520060069175 21.873137983923424
 5848 131072 8728.027 8728.027 8770.943 174.78372758778616 175.64314500860274 175.64314500860274 21.84796594847327 21.955393126075343 21.955393126075343
 6432 131072 9527.922 9540.796 9573.936 176.11463122377256 176.72636622772356 176.96515651576493 22.01432890297157 22.090795778465445 22.120644564470616
 7072 131072 10371.208 10383.844 10385.99 178.49837791101282 178.53526767158675 178.7527902246296 22.312297238876603 22.316908458948344 22.3440987780787
 7776 131072 11406.183 11417.866 12670.04 160.88597541917784 178.53001112467075 178.71287388603182 20.11074692739723 22.316251390583844 22.339109235753977
 8552 65536 6207.943 6210.089 7640.123 146.71592904983336 180.5010755884497 180.56347231280958 18.33949113122917 22.562634448556214 22.570434039101197
 9400 65536 6865.978 6867.886 6905.079 178.43051469794915 179.3968041985554 179.44665712590398 22.303814337243644 22.424600524819425 22.430832140737998
 10336 65536 7469.893 7483.006 7497.072 180.70523959220347 181.04491590678933 181.3627306308136 22.588154949025434 22.630614488348666 22.6703413288517
 11368 65536 8215.904 8221.149 8834.839 168.65349736424173 181.24309582516997 181.35880068705765 21.081687170530216 22.655386978146247 22.669850085882207
 12504 65536 9010.077 9161.949 9928.942 165.0653501652039 178.88380387186174 181.89903238340804 20.63316877065049 22.360475483982718 22.737379047926005
 13752 65536 9917.021 9925.127 10122.061 178.07659368976337 181.60998282440113 181.7584276568538 22.25957421122042 22.70124785305014 22.719803457106725
 15120 65536 10859.013 10859.966 10859.966 182.4875547492506 182.4875547492506 182.5035700758439 22.810944343656324 22.810944343656324 22.812946259480487
 16632 32768 5947.113 6013.87 6025.076 180.9097100185956 181.24680979136562 183.28132524133977 22.61371375232445 22.655851223920703 22.91016565516747
 18288 32768 6561.041 6635.904 7200.956 166.4393405542264 180.61177015219025 182.67259235234164 20.8049175692783 22.57647126902378 22.834074044042705
 20112 32768 7184.029 7253.17 8483.887 155.36039459271439 181.72192737796027 183.47086739209988 19.420049324089298 22.715240922245034 22.933858424012485
 22120 32768 7980.108 8002.996 8089.066 179.21182989482347 181.13920336833857 181.65873444319303 22.401478736852933 22.64240042104232 22.70734180539913
 24328 32768 8736.849 8754.015 8756.876 182.06947409098862 182.12897830309868 182.48682196521884 22.758684261373578 22.766122287887335 22.810852745652355
 26760 32768 9576.082 9631.157 9644.985 181.82955805530025 182.09062109567938 183.13788039826727 22.72869475691253 22.761327636959923 22.89223504978341
 29432 32768 10561.943 10577.202 10819.912 178.26906096833318 182.35971592487314 182.6231737853537 22.283632621041647 22.794964490609143 22.827896723169214
 32368 32768 11584.044 11610.031 11744.022 180.6254491008276 182.71004168722718 183.1199232323358 22.57818113760345 22.838755210903397 22.889990404041974
 35600 16384 7137.775 7154.942 7714.033 151.22320581205705 163.03986810794552 163.43199386363398 18.90290072650713 20.37998351349319 20.428999232954247
 39160 16384 9206.057 9207.01 9209.871 139.32821426054718 139.3715093173571 139.38593688915896 17.416026782568398 17.421438664669637 17.42324211114487
 43072 16384 11324.883 11326.075 11336.088 124.5035585468285 124.61362793377226 124.62674413501666 15.562944818353563 15.576703491721533 15.578343016877083
 47376 16384 12463.093 12470.007 12471.914 124.47301737327567 124.49205265081247 124.56111560749807 15.559127171659458 15.561506581351559 15.570139450937258
 52112 16384 13723.135 13740.063 13742.924 124.253471531968 124.27934398845187 124.43264720488429 15.531683941496 15.534917998556484 15.554080900610536
 57320 16384 15071.154 15079.975 15091.181 124.46088612945533 124.55337359644163 124.62627347580683 15.557610766181917 15.569171699555204 15.578284184475853
 63048 16384 16594.887 16597.033 16615.868 124.33637917682061 124.47748124619622 124.49357829312125 15.542047397102577 15.559685155774527 15.561697286640156
 69352 8192 9125.948 9133.101 9137.869 124.34662479840759 124.41154083372119 124.5090557167321 15.543328099800949 15.551442604215149 15.563631964591513
 76280 8192 10031.939 10039.806 10049.105 124.36645054460074 124.48164038229423 124.5792583068936 15.545806318075092 15.560205047786779 15.5724072883617
 83904 8192 11034.966 11047.84 11175.156 123.01243365193291 124.4300366406465 124.57520358467801 15.376554206491614 15.553754580080813 15.571900448084751
 92288 8192 12146.95 12151.957 12164.831 124.29655553784511 124.42823752585694 124.47952712409287 15.537069442230639 15.553529690732118 15.559940890511609
 101512 8192 13377.905 13377.905 13381.004 124.29355883908262 124.32235151916537 124.32235151916537 15.536694854885328 15.54029393989567 15.54029393989567
 111656 8192 14705.896 14708.042 14716.864 124.30446486425369 124.3790236661005 124.3971740314225 15.538058108031711 15.547377958262562 15.549646753927812
 122816 8192 16177.177 16178.131 16180.992 124.35685920863196 124.37885093154459 124.38618579743549 15.544607401078995 15.547356366443074 15.548273224679436
 135096 4096 8894.92 8896.112 8897.066 124.3900440886917 124.40338341064052 124.42005459295866 15.548755511086462 15.550422926330064 15.552506824119833
 148600 4096 9793.043 9824.991 9853.84 123.53876255348169 123.90150789960012 124.3057137602684 15.442345319185211 15.487688487450015 15.53821422003355
 163456 4096 10771.99 10775.089 11236.906 119.16372282548238 124.2710433296653 124.30679493761134 14.895465353185298 15.533880416208163 15.538349367201418
 179800 4096 11852.026 11862.993 12875.08 114.40096682894398 124.16104435027484 124.27593392049596 14.300120853617997 15.520130543784354 15.534491740061995
 197776 4096 13041.973 13324.976 14041.901 115.38188397710539 121.5897868784154 124.2282124031387 14.422735497138174 15.198723359801924 15.528526550392337
 217552 4096 14966.011 15239.0 15727.997 113.31296566244258 116.94901135245095 119.0822313307133 14.164120707805322 14.618626419056369 14.885278916339162
 239304 4096 16440.153 18522.024 18523.932 105.82949494740102 105.8403967082647 119.24331653117828 13.228686868425127 13.230049588533088 14.905414566397285
 263232 2048 9394.884 10582.924 11017.084 97.86602988594805 101.88094254480141 114.76440496763985 12.233253735743506 12.735117818100177 14.345550620954981
 289552 2048 11029.005 11753.798 12908.936 91.87472863758873 100.90397946263836 107.53508516860768 11.484341079698591 12.612997432829795 13.44188564607596
 318504 2048 13274.908 13606.071 14206.886 91.82817290150706 95.88310865054284 98.27506028667015 11.478521612688382 11.985388581317855 12.28438253583377
 350352 2048 15488.863 16107.082 16228.914 88.42500440879778 89.09384033681582 92.64991187539074 11.053125551099722 11.136730042101977 11.581238984423843
 385384 2048 17502.069 17996.073 18435.955 85.62251665292088 87.71540680013912 90.19121476438015 10.70281458161511 10.96442585001739 11.273901845547519
 423920 2048 20009.995 20288.944 20447.016 84.92076887894058 85.58239009383632 86.77544996887805 10.615096109867572 10.69779876172954 10.846931246109756
 466312 2048 22291.183 22622.108 22645.95 84.34240789191885 84.4312984448664 85.68472799312623 10.542800986489857 10.5539123056083 10.710590999140779
 512936 2048 24513.006 24901.152 24957.895 84.18121223765064 84.37303848432394 85.70902548630714 10.52265152970633 10.546629810540493 10.713628185788393
 564224 1024 13478.041 13744.116 13761.997 83.96533962331193 84.07457795030251 85.73432533704268 10.495667452913992 10.509322243787814 10.716790667130335
 620640 1024 15089.035 15092.85 15124.798 84.03885592389399 84.21674634015444 84.2380390793712 10.504856990486749 10.527093292519305 10.5297548849214
 682704 1024 16592.026 16618.013 16630.888 84.0711447278101 84.13627983080771 84.26805695699849 10.508893090976262 10.517034978850964 10.533507119624812
 750968 1024 18245.935 18283.129 18291.95 84.07974349372265 84.12030916589823 84.29178685553795 10.50996793671533 10.51503864573728 10.536473356942244
 826064 1024 20099.163 20104.17 20108.938 84.13070207884674 84.15065491388107 84.17161809175836 10.516337759855842 10.518831864235134 10.521452261469795
 908664 1024 22085.19 22125.006 22128.105 84.09865517178268 84.110434681916 84.26207209446693 10.512331896472835 10.5138043352395 10.532759011808366
 999528 1024 24286.985 24326.801 24332.047 84.12910529064817 84.14724747409247 84.28519818330682 10.516138161331021 10.518405934261558 10.535649772913352
 1099480 512 13391.972 13406.992 13419.151 83.90005597224443 83.97614617805395 84.07033109089534 10.487506996530554 10.497018272256744 10.508791386361917
 1209424 512 14724.97 14743.09 14753.819 83.94099019379321 84.00207663386712 84.10544646270927 10.492623774224151 10.50025957923339 10.513180807838658
 1330360 512 16201.019 16230.106 16256.094 83.80172014261237 83.93590528613923 84.08660220693525 10.475215017826546 10.491988160767404 10.510825275866907
 1463392 512 17822.981 17847.061 17849.922 83.95069782377762 83.96415566686302 84.07759667139858 10.493837227972202 10.495519458357878 10.509699583924823
 1609728 512 19610.167 19629.002 19629.955 83.97173972125763 83.97581660035492 84.05647295099526 10.496467465157204 10.496977075044365 10.507059118874407
 1770696 512 21559.0 21584.988 21588.087 83.99042972172569 84.00248839610195 84.1037480402616 10.498803715215711 10.500311049512744 10.5129685050327
 1947760 512 23706.913 23745.06 23752.928 83.9688580708871 83.99668141499747 84.13184120598072 10.496107258860887 10.499585176874684 10.51648015074759
 2142536 256 13082.981 13108.015 13108.015 83.68760884085043 83.68760884085043 83.84774326279309 10.460951105106304 10.460951105106304 10.480967907849136
 2356784 256 14392.853 14418.125 14451.981 83.4953635767996 83.6914236767957 83.83837506017744 10.43692044709995 10.461427959599462 10.47979688252218
 2592456 256 15839.1 15860.081 15861.034 83.68543135334052 83.69045984065276 83.80131901433792 10.460678919167565 10.461307480081596 10.47516487679224
 2851696 256 17416.0 17441.988 17442.942 83.70539511052665 83.70997342734096 83.8348847037207 10.463174388815832 10.46374667841762 10.479360587965088
 3136864 256 19166.946 19194.841 19196.033 83.66699348766488 83.67218920959021 83.79396321145789 10.45837418595811 10.459023651198777 10.474245401432237
 3450544 256 21075.964 21101.952 21111.012 83.68516525877585 83.7210949963302 83.82432841506088 10.460645657346982 10.465136874541274 10.47804105188261
 3795592 256 23185.968 23216.009 23218.155 83.69929066284553 83.70702750847487 83.81548288171535 10.462411332855691 10.463378438559358 10.47693536021442
 4175144 256 25534.868 25536.06 25540.829 83.69633295771254 83.71196370935846 83.71587148991725 10.462041619714068 10.463995463669807 10.464483936239656
 4592656 128 14123.917 14142.99 14144.897 83.1197240955519 83.13093171953031 83.24319209748967 10.389965511943988 10.391366464941289 10.405399012186209
 5051920 128 15542.984 15558.004 15561.104 83.11052480595207 83.12708493968763 83.20741499830405 10.388815600744008 10.390885617460954 10.400926874788006
 5557112 128 17098.904 17120.123 17121.077 83.09177465880212 83.09640485643708 83.19952389930958 10.386471832350265 10.387050607054634 10.399940487413698
 6112816 128 18828.869 18838.882 18861.055 82.96889521821552 83.06654800428178 83.11072194511524 10.37111190227694 10.383318500535223 10.388840243139406
 6724096 128 20689.964 20714.998 20720.005 83.07761392914722 83.09769453031085 83.19823930094802 10.384701741143402 10.387211816288856 10.399779912618502
 7396504 128 22754.908 22783.041 22789.955 83.08507076911735 83.11028470694495 83.21303799602266 10.385633846139669 10.388785588368119 10.401629749502833
 8136152 128 25030.136 25063.038 25063.992 83.10148327528992 83.10464645187866 83.21388713189575 10.38768540941124 10.388080806484833 10.401735891486968
 8949760 64 13955.116 13977.051 13977.051 81.960728339619 81.960728339619 82.08955626022743 10.245091042452374 10.245091042452374 10.261194532528428
 9844736 64 15351.057 15373.945 15375.137 81.9586978639605 81.96505243124 82.08726004991055 10.244837232995062 10.245631553905 10.26090750623882
 10829208 64 16884.804 16911.03 16911.983 81.96192155585777 81.96654041770371 82.09385338438042 10.245240194482221 10.245817552212964 10.261731673047553
 11912128 64 18599.033 18604.994 18608.093 81.94028179029415 81.95393043394692 81.98019671237746 10.242535223786769 10.244241304243365 10.247524589047183
 13103336 64 20427.942 20457.983 20457.983 81.98398678892245 81.98398678892245 82.10455110945587 10.247998348615306 10.247998348615306 10.263068888681984
 14413664 64 22479.057 22513.151 22542.953 81.84149574370313 81.9498342102356 82.07412757572526 10.230186967962892 10.24372927627945 10.259265946965657
 15855024 64 24719.954 24755.955 24756.908 81.97481979575154 81.9779754810509 82.09736442066193 10.246852474468943 10.247246935131363 10.262170552582742
 17440520 32 13967.037 13988.018 13990.879 79.78006814296657 79.79638573527716 79.91625424920117 9.972508517870821 9.974548216909644 9.989531781150147
 19184568 32 15452.147 15607.119 15759.945 77.90714701098258 78.67001923929713 79.45901317143824 9.738393376372823 9.833752404912142 9.93237664642978
 21103024 32 20428.896 20834.923 21186.829 63.74684649599995 64.82354343234195 66.11191990012578 7.968355811999993 8.102942929042744 8.263989987515723
 23213320 32 34367.085 34532.07 34868.956 42.60673821149105 43.022398599331 43.2289348951184 5.325842276436381 5.377799824916375 5.4036168618898
 25534648 32 41487.932 41778.088 42186.022 38.738363906414314 39.11661711277931 39.39018874211421 4.842295488301789 4.889577139097414 4.9237735927642765
 28088112 32 46938.896 49299.002 49432.039 36.36587129250323 36.46400728355515 38.29743179302726 4.545733911562904 4.5580009104443935 4.787178974128407
 30896920 32 53488.97 54092.884 54188.967 36.49087608553232 36.55569335145821 36.96842320949534 4.56135951069154 4.569461668932276 4.621052901186918
 33986608 16 32148.123 32406.807 32702.923 33.25609322444969 33.55996954590435 33.830014150437336 4.157011653056212 4.194996193238044 4.228751768804667
 37385264 16 35282.85 35650.969 35718.918 33.492852387073995 33.55668812255847 33.90679743841555 4.186606548384249 4.194586015319809 4.238349679801944
 41123784 16 39468.05 39628.029 39634.943 33.202043156716535 33.20783599911063 33.34243997359889 4.150255394589567 4.1509794998888285 4.167804996699862
 45236160 16 42911.053 43342.829 43496.847 33.279587368712036 33.397845812048864 33.73389881623273 4.1599484210890045 4.174730726506108 4.216737352029091
 49759776 16 47312.021 47553.062 48111.916 33.09601787631987 33.484969527304045 33.65556571764288 4.137002234539984 4.185621190913006 4.20694571470536
 54735752 16 52530.05 52577.972 52590.847 33.305112275525815 33.313267845325036 33.343658801010086 4.163139034440727 4.1641584806656295 4.167957350126261
 60209320 16 57816.029 57971.001 58084.965 33.170343478729826 33.23555237557482 33.32463805149952 4.146292934841228 4.154444046946852 4.16557975643744
 66230248 16 63604.116 63799.858 64021.111 33.10420426787034 33.21900710186534 33.321238770145 4.138025533483792 4.152375887733167 4.165154846268125
 72853272 8 39281.13 39369.106 39386.034 29.595575731235087 29.608301290864972 29.674613535812234 3.699446966404386 3.7010376613581215 3.7093266919765293
 80138592 8 42827.845 42953.014 43147.087 29.71735894940022 29.851629783185874 29.938874393516645 3.7146698686750277 3.7314537228982343 3.7423592991895807
 88152448 8 47033.787 47164.917 47463.894 29.716044115554446 29.90441323155514 29.98778660965574 3.7145055144443058 3.7380516539443924 3.7484733262069674
 96967688 8 51991.94 52007.914 52060.843 29.80134240238868 29.831671541373492 29.84083702204611 3.725167800298585 3.7289589426716865 3.7301046277557637
 106664456 8 57291.985 57329.178 57347.059 29.759700423346906 29.768982489161104 29.78830801551037 3.7199625529183633 3.721122811145138 3.7235385019387963
 117330896 8 62741.041 62795.162 63035.965 29.781321440863167 29.89552500875784 29.92131316405796 3.722665180107896 3.73694062609473 3.740164145507245
 129063984 8 68971.872 69165.945 69327.831 29.786360170419865 29.856076483882344 29.94008548876272 3.723295021302483 3.732009560485293 3.74251068609534
 141970376 4 45999.05 46035.051 46205.044 24.580931207424022 24.671700874188236 24.691010096947657 3.072616400928003 3.0839626092735295 3.086376262118457
 156167408 4 50704.956 50709.009 50750.971 24.61705144518319 24.637422198489425 24.63939154192344 3.0771314306478987 3.079677774811178 3.07992394274043
 171784144 4 55739.88 55929.184 55999.994 24.540594629349425 24.57166462503726 24.655115009217816 3.067574328668678 3.0714580781296577 3.081889376152227
 188962552 4 61379.91 61397.791 61466.932 24.593718391541 24.621413757377688 24.628586389259937 3.074214798942625 3.077676719672211 3.078573298657492
 207858800 4 67398.071 67611.933 67763.09 24.539471266732377 24.59433307431101 24.672373783516747 3.067433908341547 3.074291634288876 3.0840467229395934
 228644680 4 74134.111 74179.888 74244.022 24.637100613972667 24.658401209772652 24.673627501920134 3.0796375767465833 3.0823001512215815 3.0842034377400167
 251509144 4 81464.052 81607.819 81768.036 24.607086710508742 24.65539670898447 24.698908323391528 3.075885838813593 3.0819245886230586 3.087363540423941
 276660056 2 60667.038 60717.106 60874.939 18.1789130663441 18.226168816412297 18.24121072138053 2.2723641332930127 2.278271102051537 2.280151340172566
 304326056 2 66657.066 66786.051 66825.867 18.216063309736036 18.22692322383307 18.26219329845691 2.2770079137170045 2.2783654029791336 2.282774162307114
 334758656 2 73323.011 73457.003 73631.048 18.185733605204152 18.22882188645785 18.262133615871285 2.273216700650519 2.2786027358072314 2.2827667019839106
 368234520 2 80678.94 80743.074 80852.985 18.21748547688128 18.242283914035774 18.256785227966553 2.27718568461016 2.2802854892544717 2.282098153495819
 405057968 2 88840.961 89002.848 89053.869 18.193840314787444 18.204269957743374 18.237441983546308 2.2742300393484305 2.275533744717922 2.2796802479432885
 445563760 2 97671.032 97742.796 97895.145 18.20575514751012 18.23413195587325 18.247529523390313 2.275719393438765 2.279266494484156 2.280941190423789
 490120136 2 107475.996 107498.884 107532.024 18.231597165882416 18.237217644045494 18.24110142696421 2.278949645735302 2.2796522055056867 2.2801376783705263
 539132144 1 59024.096 59073.925 59078.932 18.251248820814837 18.25279576395169 18.268205039514708 2.2814061026018546 2.281599470493961 2.2835256299393385
 593045352 1 64980.984 65054.893 65065.861 18.229078748377738 18.232152099612243 18.252889245259816 2.2786348435472172 2.2790190124515304 2.281611155657477
 652349880 1 71458.101 71465.015 71588.039 18.225108247482517 18.25648200031862 18.258248424485842 2.2781385309353146 2.2820602500398275 2.2822810530607303
 717584864 1 78737.02 78881.979 79049.11 18.155419181822538 18.193885931791847 18.22738183385655 2.269427397727817 2.274235741473981 2.278422729232069
 789343344 1 86385.965 86588.86 86735.964 18.201062341337437 18.231983744791187 18.274805264952473 2.2751327926671796 2.2789979680988983 2.284350658119059
 868277672 1 94889.879 95019.102 95127.821 18.25496816541188 18.275855143316342 18.300743580882845 2.281871020676485 2.2844818929145427 2.2875929476103556
 955105432 1 104628.086 104731.083 104737.043 18.23815919645545 18.23919708726778 18.25715194675357 2.279769899556931 2.2798996359084724 2.2821439933441963
 1050615968 1 114936.113 115103.006 115171.909 18.244309348037287 18.255230762609276 18.28173827315702 2.280538668504661 2.2819038453261595 2.2852172841446277
 
META_DATA
 FLOPS          2
 ERT_VERSION  1.1.0
 HOSTNAME  ('graoully-1.nancy.grid5000.fr', [], ['172.16.70.1'])
 UNAME  uname_result(system='Linux', node='graoully-1.nancy.grid5000.fr', release='4.19.0-14-amd64', version='#1 SMP Debian 4.19.171-2 (2021-01-30)', machine='x86_64', processor='')
 TIMESTAMP_DATA  1615912775.1475167
 CONFIG  {'ERT_RESULTS': ['Results.graoully.01'], 'ERT_DRIVER': ['driver1'], 'ERT_KERNEL': ['kernel1'], 'ERT_OPENMP': ['False'], 'ERT_FLOPS': ['1,2,4,8,16,32'], 'ERT_ALIGN': ['64'], 'ERT_CC': ['g++'], 'ERT_CFLAGS': ['-O3', '-march=native', '-DERT_INTEL', '-fpermissive'], 'ERT_LD': ['g++'], 'ERT_LDFLAGS': [], 'ERT_LDLIBS': [], 'ERT_PRECISION': ['FP64'], 'ERT_RUN': ['ERT_CODE'], 'ERT_NUM_EXPERIMENTS': ['3'], 'ERT_MEMORY_MAX': ['1073741824'], 'ERT_WORKING_SET_MIN': ['1'], 'ERT_TRIALS_MIN': ['1'], 'ERT_GNUPLOT': ['gnuplo'], 'ERT_MPI': [False], 'ERT_GPU': [False], 'ERT_HIP': [False], 'ERT_OCL': [False], 'ERT_SYCL': [False], 'ERT_WSS_MULT': [1.1]}
 TIMESTAMP_DATA  1615912806.1717892
 TIMESTAMP_DATA  1615912837.1418936
 