fp64
 8 134217728 272727.013 272737.98 272809.029 7.871746972128259 7.873797584040185 7.874114208114766 0.49198418575801617 0.49211234900251155 0.49213213800717287
 16 67108864 136363.983 136367.798 136473.894 15.735490393496063 15.747732818858012 15.748173386809919 0.9834681495935039 0.9842333011786257 0.9842608366756199
 24 33554432 68182.945 68189.144 68197.012 23.617057239985822 23.619782292618307 23.621929736241224 1.476066077499114 1.4762363932886442 1.4763706085150765
 32 33554432 68182.945 68183.184 68259.001 31.460812735891054 31.495795913549596 31.4959063149883 1.9663007959931909 1.9684872445968498 1.9684941446867688
 40 16777216 34131.05 34356.117 34801.96 38.56614052771741 39.06661745272319 39.32423057597114 2.410383782982338 2.4416635907951996 2.4577644109981964
 48 16777216 34425.02 34678.936 34834.146 46.23660749426726 46.4435453267655 46.786108940532216 2.889787968391704 2.902721582922844 2.9241318087832635
 56 16777216 34093.142 34095.049 34096.956 55.10897195632361 55.11205430442408 55.11513699734685 3.4443107472702255 3.444503394026505 3.4446960623341782
 64 16777216 39335.966 39338.112 39366.007 54.55172651877038 54.5904096261661 54.59338784256627 3.4094829074231487 3.4119006016353812 3.412086740160392
 72 8388608 17503.023 18039.942 18302.917 65.9981986477893 66.96027914058703 69.01433838029008 4.124887415486831 4.18501744628669 4.31339614876813
 80 8388608 22290.945 22290.945 22292.137 60.20855156237376 60.211771192293554 60.211771192293554 3.76303447264836 3.763235699518347 3.763235699518347
 88 8388608 23810.863 23813.963 24251.938 60.877403199694804 61.99703123751389 62.00510279698807 3.8048376999809252 3.874814452344618 3.8753189248117543
 96 8388608 25258.064 25284.052 25745.869 62.55810343787581 63.70073657497619 63.766278207229185 3.909881464867238 3.981296035936012 3.985392387951824
 104 8388608 27929.068 27953.863 27981.997 62.355466051976215 62.41822334179716 62.47363728714471 3.8972166282485134 3.9011389588623224 3.9046023304465445
 112 8388608 29667.854 29788.971 29794.931 63.06603603143098 63.07865390852205 63.33616823110967 3.9416272519644364 3.942415869282628 3.958510514444354
 120 8388608 31788.826 31790.018 31949.043 63.01490532908919 63.33012834406069 63.33250306255412 3.9384315830680743 3.958133021503793 3.9582814414096323
 128 8388608 33244.848 33612.013 33704.996 63.714104816983216 63.890361103930324 64.59598335357106 3.982131551061451 3.9931475689956453 4.037248959598191
 136 4194304 17701.864 17816.067 18018.961 63.31389961940647 64.03493475860863 64.44805405803592 3.9571187262129044 4.002183422413039 4.028003378627245
 144 4194304 18610.001 18733.978 18849.85 64.08324480035651 64.47960769463913 64.90916104733148 4.005202800022282 4.0299754809149455 4.0568225654582175
 152 4194304 20040.035 20060.062 20323.038 62.740049789800125 63.562536147694864 63.62605733972022 3.921253111862508 3.972658509230929 3.9766285837325137
 160 4194304 20626.783 20716.906 20869.97 64.31141395986673 64.78656996368088 65.06963688908736 4.01946337249167 4.049160622730055 4.06685230556796
 176 4194304 22614.956 22632.837 22846.937 64.62113534081176 65.23243232830245 65.28400975000791 4.038820958800735 4.077027020518903 4.080250609375494
 192 4194304 24507.999 24629.831 24755.001 65.06211557010238 65.3927644083307 65.71783914304876 4.066382223131399 4.087047775520669 4.107364946440548
 208 4194304 26679.039 26712.894 26818.037 65.06182626267538 65.3179121663119 65.40079888184879 4.066364141417211 4.082369510394494 4.087549930115549
 224 4194304 28661.013 28846.025 28851.032 65.12932334621514 65.14062828413967 65.5611227698058 4.0705827091384466 4.071289267758729 4.097570173112863
 240 4194304 30580.044 30707.121 30774.117 65.4207534208049 65.5634867234867 65.83593928118611 4.088797088800306 4.097717920217919 4.114746205074132
 264 2097152 16731.024 16911.983 16968.966 65.25419733883608 65.47406392260446 66.18221670114154 4.078387333677255 4.092128995162779 4.136388543821346
 288 2097152 18357.992 18358.946 18362.999 65.78225876938728 65.79678114418986 65.80020037049803 4.111391173086705 4.1122988215118665 4.112512523156127
 312 2097152 19737.959 19798.994 19996.881 65.4413479782172 66.095421211805 66.29980577019134 4.090084248638575 4.130963825737813 4.143737860636959
 336 2097152 21306.038 21310.091 21311.998 66.12642061997191 66.13233814909566 66.1449183560078 4.132901288748244 4.133271134318479 4.134057397250488
 368 2097152 23124.933 23273.945 23283.005 66.29315554414045 66.31896191212964 66.74630676767799 4.143322221508778 4.144935119508102 4.1716441729798746
 400 2097152 25164.843 25178.909 25179.863 66.62949675302046 66.63202126827656 66.66926553048631 4.164343547063779 4.164501329267285 4.166829095655395
 440 2097152 27776.957 27817.011 27837.992 66.29406891129217 66.34407125912989 66.43973852139383 4.143379306955761 4.146504453695618 4.152483657587115
 480 2097152 29922.009 30147.076 30185.938 66.69548980058198 66.78146563865762 67.28378164714809 4.168468112536374 4.173841602416101 4.205236352946756
 528 1048576 16485.929 16555.071 16608.953 66.66863684905363 66.88562410877005 67.16614247216519 4.166789803065852 4.180351506798128 4.1978839045103244
 576 1048576 18028.021 18031.12 18032.074 66.98949616111823 66.99304047668697 67.00455651787847 4.186843510069889 4.187065029792936 4.187784782367404
 632 1048576 21470.07 21471.024 21471.024 61.72970902552203 61.72970902552203 61.73245192027786 3.8581068140951267 3.8581068140951267 3.8582782450173663
 688 1048576 23602.962 23603.916 23660.898 60.97995841070783 61.12716957643807 61.12964025447315 3.8112474006692394 3.8204480985273794 3.820602515904572
 752 1048576 25239.944 25239.944 25344.133 62.2257744622789 62.48263878873899 62.48263878873899 3.889110903892431 3.905164924296187 3.905164924296187
 824 1048576 26059.866 26061.058 26076.078 66.26967629104345 66.30787007956468 66.31090305683075 4.141854768190216 4.1442418799727925 4.144431441051922
 904 1048576 28027.058 28028.011 28047.085 67.59438308829598 67.64038332937717 67.64268329554962 4.224648943018499 4.227523958086073 4.227667705971851
 992 1048576 30977.011 30980.11 30982.018 67.14781406427431 67.15194955731273 67.15866756802328 4.196738379017145 4.196996847332046 4.197416723001455
 1088 524288 16719.103 16719.103 16719.818 68.23343938313204 68.23635741702172 68.23635741702172 4.264589961445752 4.264772338563858 4.264772338563858
 1192 524288 17459.869 17462.969 17481.089 71.50027049230171 71.57446090638996 71.58716895298585 4.468766905768857 4.473403806649372 4.4741980595616155
 1304 524288 18850.088 18850.088 18858.91 72.50382466430986 72.5377570651129 72.5377570651129 4.531489041519366 4.533609816569556 4.533609816569556
 1432 524288 20351.887 20417.929 20418.882 73.53785736163223 73.54128971650357 73.77993165940829 4.596116085102015 4.596330607281473 4.611245728713018
 1568 524288 22454.977 22456.169 22462.13 73.19729553697712 73.21672579147405 73.22061242814901 4.57483097106107 4.576045361967128 4.576288276759313
 1720 524288 23765.087 23847.103 23864.031 75.5761136917732 75.62976182054483 75.89076867254893 4.723507105735825 4.726860113784052 4.743173042034308
 1888 524288 26228.189 26257.038 26814.222 73.83065180858128 75.3973653844733 75.48029671434806 4.61441573803633 4.7123353365295815 4.717518544646754
 2072 262144 14014.006 14017.82 14019.966 77.4841205749001 77.49598268489679 77.5170737046923 4.8427575359312565 4.843498917806049 4.844817106543268
 2272 262144 15406.847 15407.085 15409.946 77.29957885640871 77.31393290813935 77.31512722882236 4.831223678525545 4.832120806758709 4.832195451801398
 2496 262144 16717.911 16719.103 16722.918 78.25325986768577 78.27111586070139 78.27669665187236 4.890828741730361 4.891944741293837 4.892293540742022
 2744 262144 18028.021 18033.028 18158.197 79.2284758227923 79.77840837379058 79.8005655751122 4.951779738924519 4.9861505233619114 4.987535348444513
 3016 262144 19669.056 19705.057 19718.17 80.19266534369063 80.24603065091361 80.39290792603366 5.012041583980665 5.015376915682101 5.024556745377104
 3312 262144 21635.056 21636.009 21638.155 80.24907188251494 80.25703150705844 80.26056673946209 5.015566992657184 5.016064469191153 5.016285421216381
 3640 262144 23355.007 23355.961 23360.014 81.69551268248384 81.70968944502006 81.71302710378122 5.10596954265524 5.106855590313754 5.107064193986326
 4000 262144 25733.948 25735.14 25737.047 81.48378483359028 81.48982286476777 81.49359748453676 5.092736552099392 5.093113929047986 5.093349842783548
 4400 131072 14055.014 14055.967 14095.068 81.83242535616006 82.06006744324314 82.06563152480675 5.114526584760004 5.128754215202696 5.129101970300422
 4840 131072 15282.869 15284.061 15313.864 82.85152329941026 83.01307878841887 83.019553462115 5.178220206213141 5.188317424276179 5.188722091382187
 5320 131072 16719.103 16720.057 16720.057 83.40917019601069 83.40917019601069 83.41392956308721 5.213073137250668 5.213073137250668 5.2133705976929505
 5848 131072 18277.884 18379.927 18394.947 83.33908828332041 83.40719264010134 83.87284392438426 5.2086930177075255 5.212949540006334 5.242052745274016
 6432 131072 20117.998 20128.012 20136.833 83.73264097686067 83.76933638553079 83.81103368237736 5.233290061053792 5.2355835240956745 5.238189605148585
 7072 131072 22044.897 22044.897 22046.089 84.09121309453118 84.09576003008769 84.09576003008769 5.255700818408199 5.255985001880481 5.255985001880481
 7776 131072 24135.113 24140.835 24143.934 84.42831826826563 84.43915647491066 84.45917547599632 5.276769891766602 5.277447279681916 5.27869846724977
 8552 65536 13173.819 13174.057 13175.011 85.07983363353549 85.08599469396557 85.08753186908064 5.317489602095968 5.317874668372848 5.31797074181754
 9400 65536 14443.874 14445.066 14455.08 85.23486552824335 85.29395435091816 85.30099334846038 5.327179095515209 5.330872146932385 5.331312084278774
 10336 65536 15897.989 15898.943 15900.135 85.20432008910618 85.21070815839771 85.21582144760573 5.325270005569136 5.325669259899857 5.325988840475358
 11368 65536 17393.112 17395.02 17397.165 85.64766132872799 85.6582226407328 85.66761922765747 5.3529788330454995 5.3536389150458 5.354226201728592
 12504 65536 19074.917 19077.063 19084.93 85.87531041507619 85.91072367900657 85.92038895896637 5.367206900942262 5.36942022993791 5.370024309935398
 13752 65536 20939.112 20941.973 20941.973 86.07126673308191 86.07126673308191 86.08302701661847 5.37945417081762 5.37945417081762 5.380189188538655
 15120 65536 23047.924 23050.07 23053.169 85.96686381815879 85.97842175750442 85.98642723743797 5.372928988634924 5.373651359844026 5.374151702339873
 16632 32768 12619.972 12619.972 12624.025 86.34288604466484 86.37061571927417 86.37061571927417 5.396430377791552 5.398163482454636 5.398163482454636
 18288 32768 13890.982 13891.935 14083.862 85.09898549133753 86.27468873126746 86.2806076633027 5.318686593208596 5.392168045704216 5.392537978956419
 20112 32768 15254.021 15254.021 15950.918 82.63223671515333 86.40738281401343 86.40738281401343 5.164514794697083 5.400461425875839 5.400461425875839
 22120 32768 16728.878 16730.07 16746.998 86.5621599763731 86.64974623537141 86.65592037911928 5.4101349985233185 5.415609139710713 5.415995023694955
 24328 32768 18376.827 18378.973 18382.072 86.73449913589721 86.74912401253323 86.7592543587639 5.420906195993576 5.421820250783327 5.422453397422744
 26760 32768 20191.908 20195.007 20195.961 86.83634118723047 86.84044328382753 86.85377132265064 5.427271324201905 5.42752770523922 5.428360707665665
 29432 32768 22189.14 22189.856 22190.094 86.92417220044223 86.92510451622579 86.9279094187517 5.432760762527639 5.432819032264112 5.432994338671981
 32368 32768 24401.903 24405.003 24405.956 86.91604819741542 86.9194422143689 86.93048439705707 5.432253012338464 5.432465138398056 5.433155274816067
 35600 16384 13660.908 13669.014 13684.034 85.24831201091725 85.34198589598343 85.39262543895325 5.328019500682328 5.333874118498964 5.337039089934578
 39160 16384 15212.059 15224.934 15243.053 84.18227503374816 84.28245928685142 84.35379326362066 5.26139218960926 5.267653705428214 5.272112078976291
 43072 16384 16914.845 16924.143 16936.779 83.33245040275958 83.39466855131158 83.44051015542854 5.2082781501724735 5.212166784456974 5.215031884714284
 47376 16384 18594.027 18594.98 18607.855 83.42803445104232 83.48579928561364 83.49007818478484 5.214252153190145 5.217862455350852 5.218129886549052
 52112 16384 20449.162 20450.115 20454.168 83.48450134955378 83.50104710902603 83.50493853977977 5.217781334347111 5.218815444314127 5.219058658736236
 57320 16384 22465.944 22487.879 22490.025 83.51532557211475 83.52329537169778 83.60484473743904 5.219707848257172 5.2202059607311115 5.22530279608994
 63048 16384 24718.046 24729.013 24758.101 83.44569173540411 83.5438464123093 83.58091347511855 5.215355733462757 5.221490400769332 5.223807092194909
 69352 8192 13589.859 13614.893 13622.999 83.40771132699929 83.45737039578644 83.61110795925107 5.212981957937456 5.216085649736653 5.225694247453192
 76280 8192 14941.931 14948.13 14971.972 83.47407542573549 83.60721508309067 83.64190143830807 5.217129714108468 5.225450942693167 5.227618839894254
 83904 8192 16448.021 16448.021 16467.81 83.47698546436956 83.57741858427832 83.57741858427832 5.217311591523098 5.223588661517395 5.223588661517395
 92288 8192 18084.049 18105.03 18113.852 83.47460230987865 83.5152768042914 83.61217070358525 5.2171626443674155 5.219704800268213 5.225760668974078
 101512 8192 19891.024 19896.984 19930.84 83.44719078573708 83.5891815563605 83.61422760336522 5.215449424108567 5.224323847272531 5.225889225210326
 111656 8192 21896.124 21903.038 21907.806 83.50319990965777 83.52137744544844 83.54775046030979 5.21894999435361 5.220086090340527 5.221734403769362
 122816 8192 24073.839 24119.854 24149.895 83.32199142066663 83.42576800008824 83.58522892838155 5.207624463791665 5.214110500005515 5.224076808023847
 135096 4096 13244.867 13264.894 13276.1 83.3608086712212 83.43123073580534 83.55738355092579 5.210050541951325 5.214451920987834 5.222336471932862
 148600 4096 14582.872 14593.124 14598.131 83.38952431650327 83.41813582890134 83.47678015688543 5.211845269781454 5.213633489306334 5.217298759805339
 163456 4096 16052.008 16056.061 16101.122 83.1638659715764 83.39726362524408 83.41832074840731 5.197741623223525 5.212328976577755 5.213645046775457
 179800 4096 17646.074 17667.055 17689.943 83.26321910703726 83.37108816381678 83.47021552782789 5.203951194189829 5.210693010238549 5.216888470489243
 197776 4096 19438.028 19440.174 19605.16 82.64053912337364 83.34189765996952 83.35109878430056 5.165033695210853 5.208868603748095 5.209443674018785
 217552 4096 21371.841 21374.226 21889.925 81.41581042420201 83.38014129728019 83.38944614083552 5.0884881515126255 5.211258831080012 5.21184038380222
 239304 4096 23506.165 23521.185 24658.203 79.50207758448578 83.34522125479647 83.3984772930846 4.968879849030361 5.209076328424779 5.212404830817787
 263232 2048 13041.973 14029.98 14297.962 75.40922769272993 76.84959436863062 82.67140807606334 4.7130767307956205 4.803099648039414 5.166963004753959
 289552 2048 15489.101 15509.844 15793.085 75.09647367819524 76.46788658867234 76.57029236235208 4.693529604887202 4.779242911792021 4.785643272647005
 318504 2048 17832.994 17960.787 18312.931 71.23886307440354 72.63559130231877 73.15610513859872 4.452428942150221 4.539724456394923 4.57225657116242
 350352 2048 19717.932 20499.945 20638.943 69.53077936210202 70.00222644499779 72.77851409569726 4.3456737101313765 4.375139152812362 4.548657130981079
 385384 2048 22530.079 22704.84 22724.867 69.46279879217775 69.5240690531182 70.06335237439691 4.341424924511109 4.345254315819887 4.378959523399807
 423920 2048 24827.003 24961.948 24979.115 69.51312406384292 69.56093010048734 69.93902244262024 4.344570253990183 4.347558131280459 4.371188902663765
 466312 2048 27342.081 27469.873 27495.861 69.46550799045718 69.53122615455848 69.8562026789402 4.341594249403574 4.345701634659905 4.366012667433763
 512936 2048 30199.051 30239.105 30246.019 69.46321947361072 69.47910184511082 69.57125427550686 4.34145121710067 4.342443865319426 4.348203392219179
 564224 1024 16618.967 16644.955 16656.16 69.37557948530754 69.42228152614409 69.53084099631462 4.335973717831721 4.338892595384006 4.345677562269664
 620640 1024 18277.884 18306.017 18312.931 69.4083716036499 69.4345864531864 69.5414589566276 4.338023225228119 4.33966165332415 4.346341184789225
 682704 1024 20117.998 20133.972 20153.999 69.3747078185327 69.44371393781614 69.49885331532492 4.335919238658294 4.340232121113509 4.343678332207808
 750968 1024 22123.098 22150.04 22166.014 69.38471048515986 69.43474883115336 69.51930801011684 4.336544405322491 4.339671801947085 4.344956750632303
 826064 1024 24350.166 24358.988 24384.975 69.37792931918118 69.4519440627008 69.4771063162362 4.336120582448824 4.3407465039188 4.342319144764763
 908664 1024 26778.936 26818.037 26820.898 69.38410011476871 69.39150214462006 69.49282346393449 4.336506257173045 4.336968884038754 4.343301466495905
 999528 1024 29455.185 29473.066 29491.186 69.41169961764169 69.4543738340626 69.4965366539032 4.3382312261026055 4.340898364628912 4.34353354086895
 1099480 512 16220.808 16240.12 16242.027 69.31816576834899 69.32630547064923 69.40884325860955 4.332385360521812 4.332894091915577 4.338052703663097
 1209424 512 17835.14 17859.936 17896.891 69.1991796787498 69.34236360085501 69.43876953026441 4.3249487299218625 4.333897725053438 4.339923095641526
 1330360 512 19647.121 19657.135 19662.857 69.28233470853193 69.30250211945943 69.33782511951752 4.330145919283246 4.331406382466215 4.333614069969845
 1463392 512 21578.074 21616.936 21619.081 69.3143898207329 69.32126773193019 69.44611497763887 4.332149363795806 4.332579233245637 4.340382186102429
 1609728 512 23741.961 23770.094 23782.015 69.31126197675007 69.34602244315903 69.42819390529704 4.33195387354688 4.334126402697439 4.339262119081065
 1770696 512 26110.888 26160.955 26234.865 69.11385684660469 69.3091174997243 69.44201606624792 4.319616052912793 4.331819843732768 4.340126004140495
 1947760 512 28730.154 28754.95 28773.069 69.3185089154028 69.36218772767819 69.42205182749804 4.332406807212675 4.335136732979887 4.338878239218627
 2142536 256 15854.836 15867.949 15873.194 69.10886567630938 69.13170895621104 69.18888546056232 4.319304104769336 4.32073180976319 4.324305341285145
 2356784 256 17437.935 17457.962 17461.061 69.10653413329236 69.11880138128379 69.19818246827963 4.319158383330772 4.319925086330237 4.324886404267477
 2592456 256 19178.867 19201.994 19206.047 69.11039382544467 69.12498108269381 69.20833602944325 4.319399614090292 4.320311317668363 4.325521001840203
 2851696 256 21100.044 21130.085 21140.099 69.06629680400268 69.0990288018245 69.19740792957587 4.316643550250167 4.318689300114031 4.324837995598492
 3136864 256 23214.817 23240.805 23246.05 69.09020534671481 69.10579766922876 69.18315866974098 4.318137834169676 4.319112354326798 4.323947416858811
 3450544 256 25527.954 25568.008 25571.823 69.08692149167464 69.09722994454631 69.20564523110625 4.317932593229665 4.318576871534145 4.32535282694414
 3795592 256 28081.179 28122.902 28132.915 69.0772038375689 69.10179838481818 69.20446979808077 4.317325239848056 4.318862399051136 4.325279362380048
 4175144 256 30900.002 30920.029 30932.903 69.1067931128223 69.13556672278672 69.1803750692314 4.319174569551394 4.32097292017417 4.323773441826963
 4592656 128 17091.99 17116.785 17127.037 68.64701325745952 68.6881289915133 68.78777345411504 4.29043832859122 4.293008061969581 4.29923584088219
 5051920 128 18827.915 18829.107 18836.021 68.66054778766704 68.68575976545249 68.69010827805415 4.29128423672919 4.2928599853407805 4.293131767378385
 5557112 128 20687.103 20711.899 20713.091 68.68220064306192 68.68615340389599 68.768482082774 4.29263754019137 4.292884587743499 4.298030130173375
 6112816 128 22753.954 22783.041 22871.971 68.41915355698903 68.68621691020088 68.77402037465664 4.276197097311814 4.292888556887555 4.29837627341604
 6724096 128 25030.136 25053.024 25063.038 68.68156111002983 68.70901396973076 68.77184270992375 4.2925975693768645 4.294313373108173 4.298240169370234
 7396504 128 27532.101 27564.764 27570.963 68.67750770983226 68.69295249543947 68.77444710812298 4.292344231864516 4.293309530964967 4.2984029442576865
 8136152 128 30296.087 30321.836 30328.035 68.67754247843621 68.69158292393641 68.74996470666328 4.292346404902263 4.2932239327460255 4.296872794166455
 8949760 64 16870.975 16885.996 16895.056 67.80500046877617 67.84138051436231 67.90178279560013 4.237812529298511 4.240086282147645 4.243861424725008
 9844736 64 18553.972 18584.013 18593.788 67.77135503534836 67.8070020721574 67.91678935378364 4.235709689709273 4.237937629509838 4.244799334611478
 10829208 64 20407.915 20436.049 20449.877 67.78224749224653 67.82811217569503 67.92161884249322 4.236390468265408 4.239257010980939 4.245101177655826
 11912128 64 22450.924 22475.958 22487.164 67.80545488083779 67.83926113405266 67.91490559586768 4.237840930052362 4.239953820878291 4.24468159974173
 13103336 64 24698.019 24726.152 24729.013 67.82426003011119 67.83210780229776 67.90937394614524 4.239016251881949 4.23950673764361 4.244335871634077
 14413664 64 27168.036 27191.877 27201.891 67.82429177442113 67.84926954472469 67.90880989704225 4.23901823590132 4.240579346545293 4.24430061856514
 15855024 64 29885.054 29913.902 29927.015 67.81308032224396 67.8428067324684 67.90829529704044 4.238317520140248 4.240175420779275 4.2442684560650275
 17440520 32 16869.068 16874.075 16903.162 66.03458453513018 66.14841287596505 66.16804674686236 4.127161533445636 4.134275804747816 4.135502921678897
 19184568 32 18543.959 18574.953 18642.187 65.86203389119527 66.10042846407201 66.2109073903798 4.116377118199704 4.131276779004501 4.138181711898738
 21103024 32 21648.884 22697.21 23014.069 58.685560384823745 59.5048261878883 62.38628910386329 3.667847524051484 3.7190516367430186 3.8991430689914557
 23213320 32 33172.846 33473.969 33511.877 44.33211783392496 44.38232227555687 44.785198110526906 2.77075736462031 2.773895142222304 2.7990748819079316
 25534648 32 38984.06 39103.031 39179.087 41.71147408309948 41.79260354523412 41.92014561849125 2.6069671301937176 2.6120377215771327 2.620009101155703
 28088112 32 44419.05 44893.98 45014.143 39.93498594430643 40.04187572587683 40.47000482900917 2.495936621519152 2.5026172328673018 2.529375301813073
 30896920 32 48886.061 48924.923 49015.045 40.34277393808371 40.417087217490355 40.44921680231099 2.521423371130232 2.526067951093147 2.528076050144437
 33986608 16 28240.919 28367.996 28534.889 38.11374405556651 38.33797269288955 38.51048388333255 2.3821090034729067 2.396123293305597 2.406905242708284
 37385264 16 31484.842 31552.076 31577.11 37.885938516856044 37.91599792039041 37.99696526982731 2.3678711573035027 2.3697498700244006 2.3748103293642067
 41123784 16 34198.046 34496.069 35217.047 37.3671616475964 38.14814632936871 38.48059295551564 2.335447602974775 2.384259145585544 2.4050370597197275
 45236160 16 37859.917 38213.015 38470.984 37.62724447079388 37.88125904223993 38.234556087378635 2.3517027794246177 2.367578690139996 2.3896597554611647
 49759776 16 41593.075 41616.917 42109.966 37.81320630845439 38.26119152459083 38.2831236209393 2.3633253942783994 2.3913244702869267 2.3926952263087062
 54735752 16 46344.995 46441.793 46460.867 37.6993409098457 37.71482431782942 37.79359700006441 2.3562088068653564 2.3571765198643386 2.3620998125040256
 60209320 16 50984.859 51226.854 51295.996 37.56040218031833 37.611098272792624 37.789615932839986 2.3475251362698955 2.350693642049539 2.361850995802499
 66230248 16 56499.004 56628.942 56658.03 37.406311797286286 37.425525908642264 37.51159818675742 2.337894487330393 2.3390953692901415 2.3444748866723386
 72853272 8 33936.977 34055.948 34374.952 33.90993395423504 34.22757023237175 34.347559949137484 2.11937087213969 2.139223139523234 2.1467224968210927
 80138592 8 37203.074 37443.876 37617.922 34.08528179733054 34.24371643576643 34.46536358796587 2.1303301123331586 2.140232277235402 2.1540852242478667
 88152448 8 40982.962 41330.099 41369.915 34.093354264808134 34.126198633107556 34.41525695482918 2.1308346415505084 2.1328874145692223 2.150953559676824
 96967688 8 45247.078 45456.171 45586.109 34.03411789323805 34.13140556867405 34.28913151032648 2.127132368327378 2.133212848042128 2.143070719395405
 106664456 8 50064.802 50125.837 50185.204 34.006662521487414 34.04693862767818 34.08844593053619 2.1254164075929634 2.1279336642298863 2.130527870658512
 117330896 8 55089.951 55095.911 55118.084 34.05949916546446 34.07320619492071 34.07689246265621 2.1287186978415287 2.1295753871825442 2.129805778916013
 129063984 8 60582.161 60936.928 61043.024 33.82898828865359 33.887887226609124 34.08633350005458 2.1143117680408494 2.1179929516630702 2.130395843753411
 141970376 4 39591.074 39666.891 39804.935 28.533221018951547 28.632518943821434 28.68735028506678 1.7833263136844717 1.7895324339888397 1.7929593928166738
 156167408 4 43523.073 43676.853 43738.127 28.56407783534032 28.604150212012758 28.705217207433865 1.78525486470877 1.7877593882507974 1.7940760754646166
 171784144 4 48238.039 48239.946 48280.954 28.46408445036111 28.488281309435955 28.48940753997069 1.7790052781475694 1.7805175818397472 1.780587971248168
 188962552 4 52931.07 52985.907 53030.968 28.505993252848036 28.530235709657667 28.559793255643616 1.7816245783030022 1.7831397318536042 1.784987078477726
 207858800 4 58270.931 58330.059 58464.05 28.44261387981161 28.507949906239595 28.536877160929524 1.7776633674882256 1.7817468691399747 1.7835548225580953
 228644680 4 63920.021 63977.003 64080.954 28.544478910223464 28.590858499576797 28.616346042814968 1.7840299318889665 1.7869286562235498 1.7885216276759355
 251509144 4 70484.161 70502.043 70507.05 28.53719099012085 28.53921767912456 28.54645814681685 1.783574436882553 1.783701104945285 1.784153634176053
 276660056 2 51225.901 51329.851 51351.786 21.55017985158296 21.559388980108277 21.603138303023698 1.346886240723935 1.3474618112567673 1.3501961439389811
 304326056 2 56415.081 56556.94 56592.941 21.50982441432051 21.523516371288828 21.577638504143955 1.3443640258950318 1.3452197732055517 1.3486024065089972
 334758656 2 62170.029 62232.971 62376.976 21.466808907183957 21.516482380376793 21.538266034908876 1.3416755566989973 1.3447801487735496 1.3461416271818047
 368234520 2 68428.04 68501.949 68619.967 21.465152846838297 21.502133902788668 21.525358318022846 1.3415720529273936 1.3438833689242917 1.3453348948764279
 405057968 2 75203.18 75373.888 75422.049 21.482204388268475 21.49593068623447 21.54472552889386 1.3426377742667797 1.3434956678896544 1.3465453455558662
 445563760 2 82489.967 82890.987 83622.932 21.31299390459067 21.501192162182843 21.605718911246502 1.3320621190369168 1.3438245101364277 1.3503574319529064
 490120136 2 91202.021 91350.079 91943.026 21.322775954752675 21.461180608283875 21.496020839275044 1.3326734971720422 1.3413237880177422 1.3435013024546902
 539132144 1 50219.059 50240.04 50271.988 21.448610466727516 21.462249791202396 21.471216495713307 1.3405381541704697 1.3413906119501497 1.3419510309820817
 593045352 1 55197.954 55214.882 55222.034 21.47857690283556 21.481359029255916 21.487946890205386 1.3424110564272225 1.3425849393284948 1.3429966806378366
 652349880 1 60716.867 60775.042 60798.883 21.45927187510994 21.467689977079736 21.488258937998236 1.3412044921943713 1.3417306235674835 1.3430161836248897
 717584864 1 66711.903 66726.923 66799.164 21.484845648667097 21.508105925999317 21.51294841641678 1.3428028530416936 1.3442566203749573 1.3445592760260487
 789343344 1 73319.912 73388.1 73444.843 21.49486095300115 21.51148058063909 21.531486398947123 1.343428809562572 1.3444675362899432 1.3457178999341952
 868277672 1 80727.1 80734.968 80801.964 21.49149919177707 21.50933340309245 21.511429792473653 1.3432186994860669 1.3443333376932782 1.3444643620296033
 955105432 1 88841.915 88857.889 88922.977 21.48163420124812 21.497369400706784 21.50123468185034 1.3426021375780075 1.343585587544174 1.3438271676156464
 1050615968 1 97676.992 97724.199 97748.041 21.49640969275282 21.50165422179618 21.512045907392398 1.3435256057970513 1.3438533888622612 1.3445028692120249
 
META_DATA
 FLOPS          1
 ERT_VERSION  1.1.0
 HOSTNAME  ('graoully-2.nancy.grid5000.fr', [], ['172.16.70.2'])
 UNAME  uname_result(system='Linux', node='graoully-2.nancy.grid5000.fr', release='4.19.0-14-amd64', version='#1 SMP Debian 4.19.171-2 (2021-01-30)', machine='x86_64', processor='')
 TIMESTAMP_DATA  1615568693.1721716
 CONFIG  {'ERT_RESULTS': ['Results.graoully.01'], 'ERT_SPEC_GBYTES_DRAM': ['59.00'], 'ERT_SPEC_GFLOPS': ['51.2'], 'ERT_DRIVER': ['driver1'], 'ERT_KERNEL': ['kernel1'], 'ERT_OPENMP': ['False'], 'ERT_FLOPS': ['1,2,4,8,16'], 'ERT_ALIGN': ['32'], 'ERT_CC': ['g++'], 'ERT_CFLAGS': ['-O3'], 'ERT_LD': ['g++'], 'ERT_LDFLAGS': [], 'ERT_LDLIBS': [], 'ERT_PRECISION': ['FP64'], 'ERT_RUN': ['ERT_CODE'], 'ERT_NUM_EXPERIMENTS': ['3'], 'ERT_MEMORY_MAX': ['1073741824'], 'ERT_WORKING_SET_MIN': ['1'], 'ERT_TRIALS_MIN': ['1'], 'ERT_GNUPLOT': ['gnuplo'], 'ERT_MPI': [False], 'ERT_GPU': [False], 'ERT_HIP': [False], 'ERT_OCL': [False], 'ERT_SYCL': [False], 'ERT_WSS_MULT': [1.1]}
 TIMESTAMP_DATA  1615568724.8125496
 TIMESTAMP_DATA  1615568756.5272996
 