fp64
 8 134217728 608399.868 608623.981 608628.988 3.528395279128572 3.52842430636988 3.5297240531288216 0.882098819782143 0.88210607659247 0.8824310132822054
 16 67108864 304234.028 304250.002 304418.802 7.054372574529742 7.0582863890991865 7.05865698888883 1.7635931436324355 1.7645715972747966 1.7646642472222076
 24 33554432 157342.911 157345.057 157348.871 10.235934492342178 10.236182608520075 10.236322219817072 2.5589836230855445 2.5590456521300187 2.559080554954268
 32 33554432 152135.134 152138.948 152144.194 14.114791971621345 14.115278672756434 14.115632540212575 3.5286979929053364 3.5288196681891084 3.5289081350531437
 40 16777216 76452.017 76894.045 76946.974 17.442885798212156 17.45489237820692 17.55581255625996 4.360721449553039 4.36372309455173 4.38895313906499
 48 16777216 76050.043 76235.056 76488.972 21.05679673665898 21.126930581647372 21.178327749268988 5.264199184164745 5.281732645411843 5.294581937317247
 56 16777216 78119.04 78229.904 78269.005 24.00756457808554 24.019564078718545 24.0536518625933 6.001891144521385 6.004891019679636 6.013412965648325
 64 16777216 76427.937 76622.009 77049.971 27.87131026953923 28.026981751418187 28.098150130625665 6.967827567384807 7.006745437854547 7.024537532656416
 72 8388608 40306.091 40431.023 40432.93 29.875637308500767 29.877046445250713 29.96965277530882 7.468909327125192 7.469261611312678 7.492413193827205
 80 8388608 39835.93 39865.017 40054.083 33.50912514961334 33.668047350889125 33.69263074817131 8.377281287403335 8.417011837722281 8.423157687042828
 88 8388608 41162.968 41167.974 41308.165 35.74099716121498 35.862707453128486 35.867068866365514 8.935249290303744 8.965676863282122 8.966767216591379
 96 8388608 40934.086 40935.993 40935.993 39.34466023579787 39.34466023579787 39.34649318907475 9.836165058949467 9.836165058949467 9.836623297268687
 104 8388608 43186.903 43187.141 43190.002 40.39894381111629 40.401620102613414 40.401842753114295 10.099735952779072 10.100405025653354 10.100460688278574
 112 8388608 42776.823 42897.94 43004.036 43.694693958492635 43.80276050551611 43.92678231387123 10.923673489623159 10.950690126379028 10.981695578467807
 120 8388608 47338.009 47363.043 47430.038 42.44706529646887 42.507106648531845 42.52958589787753 10.611766324117218 10.626776662132961 10.632396474469383
 128 8388608 47634.125 47639.132 47682.047 45.03757248509067 45.07814390908718 45.08288224041063 11.259393121272668 11.269535977271795 11.270720560102658
 136 4194304 26531.935 26550.055 26573.896 42.93125434072595 42.969805071966896 42.999151324620684 10.732813585181487 10.742451267991724 10.749787831155171
 144 4194304 26584.148 26623.964 26764.87 45.13227794493304 45.371138272272304 45.43909219885474 11.28306948623326 11.342784568068076 11.359773049713684
 152 4194304 29155.016 29239.178 29372.931 43.40964189103226 43.60821689310144 43.73410105485794 10.852410472758065 10.90205422327536 10.933525263714484
 160 4194304 29576.063 29591.084 29611.111 45.32681262786796 45.357489438372724 45.38052546074168 11.33170315696699 11.339372359593181 11.34513136518542
 176 4194304 32258.987 32383.919 32456.16 45.48889973428773 45.590374901814684 45.76693645091831 11.372224933571932 11.397593725453671 11.441734112729577
 192 4194304 35251.141 35279.036 35310.03 45.61346269034606 45.653535884597304 45.68966252751931 11.403365672586515 11.413383971149326 11.422415631879828
 208 4194304 37950.039 38027.048 38299.084 45.55802076101872 45.88393145847135 45.977040076296106 11.38950519025468 11.470982864617838 11.494260019074027
 224 4194304 41036.844 41069.984 41135.073 45.67995277412052 45.75234779735975 45.78929588250013 11.41998819353013 11.438086949339937 11.447323970625032
 240 4194304 43950.081 44167.995 44253.826 45.493601389403025 45.58200842035052 45.80801386918946 11.373400347350756 11.39550210508763 11.452003467297365
 264 2097152 24754.047 24765.015 24785.042 44.675988687047614 44.71211731549527 44.73192831863008 11.168997171761903 11.178029328873818 11.18298207965752
 288 2097152 26264.906 26265.144 26281.834 45.96176781270287 45.99097389300435 45.99139064118486 11.490441953175717 11.497743473251088 11.497847660296214
 312 2097152 29037.952 29041.052 29043.913 45.05669907494902 45.06113786787062 45.06594845256304 11.264174768737256 11.265284466967655 11.26648711314076
 336 2097152 30661.821 30669.928 30742.884 45.84105199759398 45.95009626367561 45.96224549089893 11.460262999398495 11.487524065918903 11.490561372724732
 368 2097152 33679.008 33727.169 33828.974 45.626682973004144 45.76440649376768 45.82984962027385 11.406670743251036 11.44110162344192 11.457462405068462
 400 2097152 36476.135 36501.884 36521.912 45.93739780107898 45.96260291660562 45.99504854338323 11.484349450269745 11.490650729151405 11.498762135845807
 440 2097152 40474.892 40503.979 40508.032 45.55871191175123 45.56327070977397 45.596014437790224 11.389677977937808 11.390817677443492 11.399003609447556
 480 2097152 43543.1 43571.949 43581.963 46.19493435850973 46.2055511907443 46.236164168375694 11.548733589627432 11.551387797686075 11.559041042093924
 528 1048576 23864.985 23885.012 24091.959 45.96123777232063 46.35945989895254 46.39836379532608 11.490309443080157 11.589864974738134 11.59959094883152
 576 1048576 26031.017 26059.866 26089.907 46.299879566454564 46.35325262225062 46.404623837785515 11.574969891613641 11.588313155562656 11.601155959446379
 632 1048576 31075.001 31080.961 31090.021 42.63104434699482 42.64347115908031 42.651649922714405 10.657761086748705 10.660867789770078 10.662912480678601
 688 1048576 33068.18 33076.048 33121.109 43.56256839105237 43.621915653284816 43.63229473167256 10.890642097763093 10.905478913321204 10.90807368291814
 752 1048576 36260.128 36288.023 36300.898 43.4440576098145 43.459471572755554 43.49290504435064 10.861014402453625 10.864867893188888 10.87322626108766
 824 1048576 39736.986 39774.179 39827.108 43.38887091676352 43.446610123618136 43.48727525535027 10.84721772919088 10.861652530904534 10.871818813837567
 904 1048576 43424.845 43479.919 43563.128 43.51903765955466 43.602321522264106 43.65762060866308 10.879759414888666 10.900580380566026 10.91440515216577
 992 1048576 46295.881 46306.849 46526.909 44.71336756972186 44.92585500689109 44.93649843276554 11.178341892430465 11.231463751722773 11.234124608191385
 1088 524288 25277.853 25279.999 25474.072 44.784779127577245 45.12858912692204 45.1324203839622 11.196194781894311 11.28214728173051 11.28310509599055
 1192 524288 28152.943 28162.003 28172.016 44.36681393337275 44.38258855380421 44.39687147450268 11.091703483343187 11.095647138451053 11.09921786862567
 1304 524288 30793.905 30798.912 30803.919 44.38860860528817 44.39582489147668 44.40304352435977 11.097152151322042 11.09895622286917 11.100760881089942
 1432 524288 33634.901 33660.173 33683.062 44.57910720824609 44.60942111022424 44.642938952012976 11.144776802061523 11.15235527755606 11.160734738003244
 1568 524288 35502.911 35551.071 35712.004 46.03962208337567 46.24803477791147 46.310770629484445 11.509905520843917 11.562008694477868 11.577692657371111
 1720 524288 40070.057 40132.999 40155.888 44.91373021062316 44.93934579870296 45.0099364720145 11.22843255265579 11.23483644967574 11.252484118003625
 1888 524288 42519.093 42670.012 42706.966 46.35570431296852 46.395850275364346 46.56052959549255 11.58892607824213 11.598962568841086 11.640132398873137
 2072 262144 24034.977 24068.117 24114.132 45.049298726572445 45.13542692184851 45.19766072586631 11.262324681643111 11.283856730462128 11.299415181466577
 2272 262144 25460.958 25476.933 25654.078 46.432475024048806 46.75532710314856 46.784662855184 11.608118756012201 11.68883177578714 11.696165713796
 2496 262144 27930.975 27953.863 27955.055 46.81167137750221 46.81366750634786 46.85202890339488 11.702917844375552 11.703416876586966 11.71300722584872
 2744 262144 31547.07 31596.899 31637.192 45.473260458766376 45.53124887350495 45.60316606264861 11.368315114691594 11.382812218376237 11.400791515662153
 3016 262144 34690.142 34698.963 34708.023 45.558705778200036 45.57060128857452 45.58218896884308 11.389676444550009 11.39265032214363 11.39554724221077
 3312 262144 37014.008 37178.04 37202.12 46.675884492604176 46.70611619117091 46.91309992692496 11.668971123151044 11.676529047792728 11.72827498173124
 3640 262144 41595.936 41644.812 41666.985 45.80144975692385 45.82583588082953 45.879682092019756 11.450362439230963 11.456458970207382 11.469920523004939
 4000 262144 44138.908 44227.839 44451.952 47.17795070056766 47.4170126195856 47.51254833943784 11.794487675141916 11.8542531548964 11.87813708485946
 4400 131072 24405.956 24485.111 24569.035 46.94663831933163 47.10755038031071 47.260332682727125 11.736659579832908 11.776887595077678 11.815083170681781
 4840 131072 27617.931 27624.846 27635.098 45.911795210568826 45.92883377521815 45.940333473930394 11.477948802642207 11.482208443804538 11.485083368482599
 5320 131072 30408.859 30416.012 30454.159 45.79361656317615 45.851049769443804 45.86183519743375 11.448404140794038 11.462762442360951 11.465458799358437
 5848 131072 33293.962 33364.773 33388.138 45.91505258544217 45.947206414382016 46.0449288672823 11.478763146360542 11.486801603595504 11.511232216820575
 6432 131072 35233.021 35454.988 35512.924 47.47877724740435 47.5563609836788 47.85596466451174 11.869694311851088 11.8890902459197 11.963991166127935
 7072 131072 38697.958 38701.057 38715.839 47.88433922354104 47.902628809337166 47.90646493543665 11.97108480588526 11.975657202334292 11.976616233859163
 7776 131072 42515.993 42706.013 42980.909 47.42644563426986 47.73172677112237 47.94505785152425 11.856611408567465 11.932931692780592 11.986264462881062
 8552 65536 24263.859 24287.939 24303.913 46.121286889070085 46.15162052243297 46.197422429795694 11.530321722267521 11.537905130608243 11.549355607448923
 9400 65536 26561.022 26594.877 26602.03 46.315142115094226 46.3275991086554 46.386648826991674 11.578785528773556 11.58189977716385 11.596662206747919
 10336 65536 28070.927 28071.165 28071.88 48.26040122713548 48.26163046670845 48.26203965405204 12.06510030678387 12.065407616677113 12.06550991351301
 11368 65536 32128.096 32154.799 32177.925 46.30586018209689 46.33916374348974 46.377678154348146 11.576465045524223 11.584790935872435 11.594419538587037
 12504 65536 35271.883 35279.036 35432.816 46.25441816422381 46.45603944506873 46.46546054827863 11.563604541055952 11.614009861267183 11.616365137069657
 13752 65536 38701.057 38724.899 38729.191 46.54117727375199 46.54633557598174 46.575010703196035 11.635294318437998 11.636583893995436 11.643752675799009
 15120 65536 41590.929 41590.929 41800.976 47.41058294906798 47.65002099376044 47.65002099376044 11.852645737266995 11.91250524844011 11.91250524844011
 16632 32768 23416.996 23428.917 23428.917 46.5234800225721 46.5234800225721 46.54716394878319 11.630870005643025 11.630870005643025 11.636790987195797
 18288 32768 24804.115 24852.037 25148.153 47.65846493776302 48.22632317825697 48.31949730921663 11.914616234440755 12.056580794564242 12.079874327304157
 20112 32768 27526.855 27583.122 27610.064 47.73839104465676 47.78501983930608 47.88269607988272 11.93459776116419 11.94625495982652 11.97067401997068
 22120 32768 31105.995 31124.83 31128.168 46.570563355993194 46.57555784240428 46.60375982186071 11.642640838998298 11.64388946060107 11.650939955465178
 24328 32768 34176.826 34178.019 34344.196 46.42297662172671 46.64868984946144 46.65031820099386 11.605744155431678 11.66217246236536 11.662579550248465
 26760 32768 37595.034 37611.961 37625.074 46.61102752914187 46.62727795554185 46.64827168396762 11.652756882285468 11.656819488885462 11.662067920991905
 29432 32768 41232.109 41329.145 41532.04 46.44259111760462 46.67058928995507 46.780424256251365 11.610647779401155 11.667647322488767 11.695106064062841
 32368 32768 44126.987 44159.174 44259.071 47.92846302625737 48.036886921843234 48.07192587157605 11.982115756564342 12.009221730460808 12.017981467894012
 35600 16384 24137.02 24152.994 24349.928 47.90736136878926 48.29797912424439 48.32994296727599 11.976840342197315 12.074494781061098 12.082485741818997
 39160 16384 27409.077 27410.984 27421.951 46.794441431246085 46.81316365731343 46.816420706177006 11.698610357811521 11.703290914328358 11.704105176544251
 43072 16384 29191.017 29202.938 29584.885 47.70622890709225 48.33018157282668 48.34991860680976 11.926557226773063 12.08254539320667 12.08747965170244
 47376 16384 32182.932 32233.953 32280.922 48.090843501929726 48.16091802330294 48.23726961856676 12.022710875482431 12.040229505825735 12.05931740464169
 52112 16384 35439.014 35474.062 35513.878 48.082780934259 48.136748929400866 48.18435456471785 12.02069523356475 12.034187232350217 12.046088641179463
 57320 16384 40096.045 40105.104 40111.065 46.82652430196007 46.83348433655726 46.844065543122774 11.706631075490018 11.708371084139316 11.711016385780693
 63048 16384 44101.0 44101.954 44111.013 46.83539831651565 46.84501879440534 46.846032153465906 11.708849579128913 11.711254698601335 11.711508038366476
 69352 8192 24250.031 24252.892 24265.051 46.82714938452015 46.850625814026635 46.85615321481445 11.706787346130037 11.712656453506659 11.714038303703612
 76280 8192 26663.065 26672.125 26674.986 46.85181540488905 46.85684099035978 46.87276275251926 11.712953851222263 11.714210247589945 11.718190688129814
 83904 8192 28398.991 28419.018 28675.079 47.93999472503633 48.37194360480718 48.40605555317088 11.984998681259082 12.092985901201795 12.10151388829272
 92288 8192 31240.94 31248.093 31431.913 48.105458678254806 48.38844380039447 48.399522933688935 12.026364669563701 12.097110950098617 12.099880733422234
 101512 8192 35481.93 35485.029 35490.99 46.86182628323414 46.8696984297237 46.873792040060955 11.715456570808534 11.717424607430925 11.718448010015239
 111656 8192 39031.982 39037.943 39175.034 46.69739160915598 46.86138058042659 46.868537293340616 11.674347902288995 11.715345145106648 11.717134323335154
 122816 8192 41553.974 41841.03 41882.992 48.04378216341374 48.09196484885769 48.42418547020317 12.010945540853434 12.022991212214423 12.106046367550793
 135096 4096 23605.824 23612.976 23615.837 46.86289255807448 46.86857056899563 46.882770624740736 11.71572313951862 11.717142642248907 11.720692656185184
 148600 4096 25969.028 25974.989 25979.042 46.85820208458803 46.865513590785355 46.87627122586183 11.714550521147007 11.716378397696339 11.719067806465457
 163456 4096 27647.018 27683.973 27800.798 48.16522000555524 48.36847485727572 48.43312765232041 12.04130500138881 12.09211871431893 12.108281913080102
 179800 4096 31412.84 31517.029 31538.01 46.70306084626139 46.7341512424918 46.889157427345005 11.675765211565347 11.68353781062295 11.722289356836251
 197776 4096 33493.042 33706.903 33811.092 47.91862362800942 48.06674146242389 48.37365898266273 11.979655907002355 12.016685365605973 12.093414745665683
 217552 4096 36856.89 37252.903 37498.951 47.5262890420588 47.84019070943277 48.35421501922708 11.8815722605147 11.960047677358192 12.08855375480677
 239304 4096 41819.096 42029.858 42092.8 46.57277178044701 46.64251704109968 46.87758836298135 11.643192945111753 11.66062926027492 11.719397090745337
 263232 2048 22505.045 22557.02 22695.065 47.508049525304294 47.798790443063844 47.909180896994435 11.877012381326074 11.949697610765961 11.977295224248609
 289552 2048 24825.811 24895.906 25012.97 47.41560046647798 47.63855519056025 47.7730613513492 11.853900116619496 11.909638797640062 11.9432653378373
 318504 2048 27971.983 27987.957 28018.951 46.56107161185299 46.612633569502776 46.639252712258546 11.640267902963247 11.653158392375694 11.659813178064637
 350352 2048 30043.125 30138.016 30235.052 47.462851792019414 47.615668927908196 47.76606268489047 11.865712948004854 11.903917231977049 11.941515671222618
 385384 2048 33886.909 33895.969 33955.812 46.48785498046698 46.56992883136045 46.582379762049115 11.621963745116744 11.642482207840112 11.645594940512279
 423920 2048 36590.815 36736.012 36758.9 47.23689555454597 47.26632602363043 47.453884806883906 11.809223888636492 11.816581505907607 11.863471201720976
 466312 2048 41079.044 41080.952 41088.104 46.48581380148376 46.493906762433355 46.496066266780694 11.62145345037094 11.623476690608339 11.624016566695174
 512936 2048 45178.175 45199.871 45212.03 46.46962005466244 46.482120623751335 46.504442820012095 11.61740501366561 11.620530155937834 11.626110705003024
 564224 1024 24196.148 24318.218 24682.999 46.81484417675502 47.51708172037935 47.75680624866404 11.703711044188754 11.879270430094838 11.93920156216601
 620640 1024 26607.99 26611.09 26953.936 47.15714691909931 47.76469960456336 47.77026449573981 11.789286729774828 11.94117490114084 11.942566123934952
 682704 1024 29268.026 29269.218 29696.941 47.08154257369472 47.76956432522386 47.771509838073804 11.77038564342368 11.942391081305965 11.942877459518451
 750968 1024 33092.022 33094.883 33105.135 46.457519777520915 46.47191120149903 46.475928971641565 11.614379944380229 11.617977800374758 11.618982242910391
 826064 1024 35415.173 35417.08 35456.896 47.7136823257174 47.76732220725142 47.7698943331436 11.92842058142935 11.941830551812854 11.9424735832859
 908664 1024 40040.016 40041.924 40042.877 46.473780392952285 46.474886471489235 46.4771011080515 11.618445098238071 11.618721617872309 11.619275277012875
 999528 1024 44036.15 44039.011 44194.937 46.318277227095045 46.48227327357556 46.485293196612325 11.579569306773761 11.62056831839389 11.621323299153081
 1099480 512 24238.11 24243.832 24250.031 46.427467247361456 46.43933846761518 46.45030161180058 11.606866811840364 11.609834616903795 11.612575402950146
 1209424 512 25949.001 25949.955 26103.973 47.44297643887388 47.7245596765004 47.726314242309364 11.86074410971847 11.9311399191251 11.931578560577341
 1330360 512 29346.943 29348.135 29353.857 46.40918704482345 46.418235434721836 46.42012082825799 11.602296761205862 11.604558858680459 11.605030207064498
 1463392 512 31388.044 31458.139 31547.07 47.5008743442735 47.63515756605946 47.741535216402774 11.875218586068375 11.908789391514865 11.935383804100693
 1609728 512 34536.123 34538.984 34615.993 47.618494491837914 47.72466590215856 47.72861945158117 11.904623622959479 11.93116647553964 11.932154862895292
 1770696 512 39039.135 39044.857 39052.01 46.43020177450533 46.43870776630069 46.44551432812228 11.607550443626332 11.609676941575172 11.61137858203057
 1947760 512 41800.022 41807.175 41962.862 47.53027188660296 47.70727129972307 47.71543517369441 11.88256797165074 11.926817824930767 11.928858793423602
 2142536 256 23671.865 23679.018 23686.886 46.31163556070646 46.327023865601184 46.3410226443924 11.577908890176616 11.581755966400296 11.5852556610981
 2356784 256 25337.934 25338.888 25352.001 47.59677186822452 47.6214034333314 47.62319642951157 11.89919296705613 11.90535085833285 11.905799107377893
 2592456 256 28679.132 28681.04 28686.047 46.271187940255416 46.27926574489628 46.282344667893014 11.567796985063854 11.56981643622407 11.570586166973253
 2851696 256 30683.994 30822.039 31064.987 47.00044947709136 47.370920269097056 47.58403850554787 11.75011236927284 11.842730067274264 11.896009626386968
 3136864 256 33719.063 33808.947 33939.123 47.32221183204999 47.50441851974863 47.63104977146014 11.830552958012497 11.876104629937158 11.907762442865035
 3450544 256 37100.077 37302.971 37320.137 47.338479170105934 47.36026328841207 47.619268499092335 11.834619792526484 11.840065822103018 11.904817124773084
 3795592 256 41919.947 41921.139 41943.073 46.332873702410886 46.35711601252056 46.35843418408902 11.583218425602722 11.58927900313014 11.589608546022255
 4175144 256 46145.201 46159.029 46161.175 46.308910637565006 46.311063605779054 46.32494130863142 11.577227659391252 11.577765901444764 11.581235327157856
 4592656 128 24785.995 24852.991 24991.035 47.045668016550735 47.3069795100316 47.43484923643372 11.761417004137684 11.8267448775079 11.85871230910843
 5051920 128 27276.993 27484.179 27511.835 47.00855177417282 47.055854206159836 47.41327315661224 11.752137943543206 11.763963551539959 11.85331828915306
 5557112 128 30777.931 30797.958 30871.153 46.08252474405475 46.19204532975856 46.222102193938895 11.520631186013688 11.54801133243964 11.555525548484724
 6112816 128 32994.986 33003.092 33096.075 47.28297527727987 47.41619045876065 47.427839369290844 11.820743819319967 11.854047614690163 11.856959842322711
 6724096 128 36291.122 36509.037 36522.15 47.132180772490116 47.14910930134915 47.432222569475805 11.783045193122529 11.787277325337287 11.858055642368951
 7396504 128 40982.962 40989.161 41016.817 46.16411419735471 46.195261815678535 46.2022492176139 11.541028549338677 11.548815453919634 11.550562304403474
 8136152 128 45166.016 45166.969 45193.911 46.08706938419204 46.11456022209505 46.11553323631644 11.52176734604801 11.528640055523763 11.52888330907911
 8949760 64 24394.989 24438.143 24698.973 46.38125156054058 46.876281884429595 46.9592046137016 11.595312890135146 11.719070471107399 11.7398011534254
 9844736 64 26910.067 27010.202 27114.153 46.4748505328564 46.653712845242694 46.82731588888277 11.6187126332141 11.663428211310674 11.706828972220693
 10829208 64 30237.198 30249.119 30268.908 45.79414044272757 45.824099009296766 45.84216513712679 11.448535110681892 11.456024752324192 11.460541284281698
 11912128 64 32420.874 32421.112 32429.934 47.01682044742983 47.02961403668078 47.029959278704204 11.754205111857457 11.757403509170196 11.757489819676051
 13103336 64 36659.956 36663.055 36683.083 45.72208415524944 45.74706084913 45.75092801529822 11.43052103881236 11.4367652122825 11.437732003824555
 14413664 64 39235.115 39238.93 39717.913 46.45130754982015 47.01833082604444 47.022902621796824 11.612826887455038 11.75458270651111 11.755725655449206
 15855024 64 43162.107 43390.036 43596.029 46.55109922970277 46.77209929026101 47.01909181588377 11.637774807425693 11.693024822565253 11.754772953970942
 17440520 32 24677.992 24679.899 24682.999 45.22113702633947 45.22681717619671 45.23031209346369 11.305284256584867 11.306704294049178 11.307578023365922
 19184568 32 27497.053 27549.028 27717.829 44.29684417203093 44.56826396924058 44.652507015933665 11.074211043007733 11.142065992310146 11.163126753983416
 21103024 32 32214.88 32527.924 32876.015 41.08142474080268 41.52104929905764 41.92452481586149 10.27035618520067 10.38026232476441 10.481131203965372
 23213320 32 40789.843 41140.079 41204.929 36.05521271496428 36.11204732980703 36.42211812386726 9.01380317874107 9.028011832451757 9.105529530966814
 25534648 32 46663.046 46882.868 46912.193 34.83566568717007 34.85745522223598 35.02166300931148 8.708916421792518 8.714363805558994 8.75541575232787
 28088112 32 52187.204 52494.049 52750.111 34.078395929820886 34.2446277672351 34.445975837295286 8.519598982455221 8.561156941808775 8.611493959323822
 30896920 32 57450.056 57608.128 57666.779 34.29015655616902 34.32506746270249 34.419511792991116 8.572539139042256 8.581266865675623 8.604877948247779
 33986608 16 33083.916 33214.092 33339.977 32.620642059831056 32.744277820390224 32.873117438697406 8.155160514957764 8.186069455097556 8.218279359674352
 37385264 16 36540.985 36545.038 36577.225 32.70692208061164 32.7357286644496 32.73935959854394 8.17673052015291 8.1839321661124 8.184839899635985
 41123784 16 40082.932 40102.959 40264.13 32.683211781801816 32.814563334341486 32.830958773175574 8.170802945450454 8.203640833585371 8.207739693293894
 45236160 16 44206.142 44246.197 44296.98 32.67846069867516 32.715966979037766 32.745610779606146 8.16961517466879 8.178991744759442 8.186402694901536
 49759776 16 48449.993 48450.947 48595.19 32.766881495884675 32.86443156621892 32.86507868019712 8.191720373971169 8.21610789155473 8.21626967004928
 54735752 16 53356.886 53406.954 53620.1 32.66581121631627 32.79617976340684 32.82695440659712 8.166452804079068 8.19904494085171 8.20673860164928
 60209320 16 58753.014 58763.027 59076.071 32.613852062030325 32.78759346416923 32.793181299601066 8.153463015507581 8.196898366042307 8.198295324900267
 66230248 16 64960.957 65214.872 65561.056 32.32662902806203 32.49823040364167 32.62525729108332 8.081657257015507 8.124557600910418 8.15631432277083
 72853272 8 38661.003 38822.889 38903.952 29.96231210649242 30.024874037581277 30.150597800062247 7.490578026623105 7.506218509395319 7.537649450015562
 80138592 8 42433.977 42500.973 42588.949 30.106811792890213 30.16913217492691 30.216764080350046 7.526702948222553 7.542283043731728 7.5541910200875115
 88152448 8 46658.039 46669.006 46768.904 30.15762712763164 30.22218146236069 30.229285204206718 7.53940678190791 7.555545365590173 7.5573213010516795
 96967688 8 51514.149 51534.891 51599.026 30.06806771895268 30.105487328963203 30.117609202861917 7.51701692973817 7.526371832240801 7.529402300715479
 106664456 8 56766.987 56790.113 56839.943 30.025211249772017 30.05155661514532 30.06379915847921 7.506302812443004 7.51288915378633 7.515949789619802
 117330896 8 62399.864 62497.139 62510.967 30.0314396992131 30.038084399351465 30.084910697882293 7.507859924803275 7.509521099837866 7.521227674470573
 129063984 8 68728.924 68762.064 68858.147 29.989534048890395 30.0314391958915 30.045919880835033 7.497383512222599 7.507859798972875 7.511479970208758
 141970376 4 43673.038 43823.957 43827.057 25.914653771983822 25.91648691148542 26.006045377470652 6.4786634429959555 6.479121727871355 6.501511344367663
 156167408 4 48046.827 48145.056 48167.944 25.93715156287343 25.949481998733162 26.0025342360277 6.484287890718358 6.487370499683291 6.500633559006925
 171784144 4 52955.151 53058.863 53114.891 25.873594506670454 25.900915969495994 25.951642589027838 6.4683986266676134 6.4752289923739985 6.487910647256959
 188962552 4 58254.004 58325.768 58366.06 25.900333447212304 25.918225645995783 25.95015470524567 6.475083361803076 6.479556411498946 6.487538676311417
 207858800 4 64152.002 64293.861 64318.895 25.853528733663726 25.863595281670833 25.920787320090184 6.4633821834159315 6.465898820417708 6.480196830022546
 228644680 4 70353.031 70552.826 70558.071 25.92414183205207 25.92606907057132 25.99969630306333 6.481035458013017 6.48151726764283 6.499924075765833
 251509144 4 77531.815 77576.16 77661.037 25.908399240149215 25.9367459281305 25.951580676913085 6.477099810037304 6.484186482032625 6.487895169228271
 276660056 2 54256.916 54404.974 54489.851 20.309107176674054 20.340791340144744 20.396297939234145 5.0772767941685135 5.085197835036186 5.099074484808536
 304326056 2 59847.116 59932.947 60121.059 20.247551261530507 20.311102405826965 20.34023200048604 5.061887815382627 5.077775601456741 5.08505800012151
 334758656 2 65913.2 65953.97 66141.129 20.24511290093037 20.30256289348465 20.315120855913538 5.061278225232592 5.075640723371163 5.078780213978384
 368234520 2 72453.022 72779.894 72828.054 20.224872135125292 20.238255362119656 20.32956030460676 5.056218033781323 5.059563840529914 5.08239007615169
 405057968 2 79730.034 79924.107 80120.087 20.222542594093788 20.272129809345255 20.321474740622836 5.055635648523447 5.068032452336314 5.080368685155709
 445563760 2 87654.114 87683.916 88048.935 20.241642218614 20.325906064688077 20.332816780282553 5.0604105546535 5.081476516172019 5.083204195070638
 490120136 2 96251.965 96597.91 98672.867 19.868486683375686 20.29526874856816 20.36821319959546 4.967121670843921 5.07381718714204 5.092053299898865
 539132144 1 53253.174 53273.916 53719.044 20.072291085448207 20.240004282771327 20.24788772214779 5.018072771362052 5.060001070692832 5.061971930536948
 593045352 1 58316.946 58561.087 58681.965 20.21218451018128 20.253905191343186 20.338697160170216 5.05304612754532 5.063476297835797 5.084674290042554
 652349880 1 64232.826 64454.079 64512.014 20.224136236081545 20.242314842478784 20.312040451092717 5.056034059020386 5.060578710619696 5.078010112773179
 717584864 1 70651.054 70917.13 70949.078 20.22816600943003 20.23727875056421 20.31349352551768 5.0570415023575075 5.059319687641053 5.07837338137942
 789343344 1 77713.966 77986.956 78084.946 20.21755496891808 20.242958168542952 20.314066689119944 5.05438874222952 5.060739542135738 5.078516672279986
 868277672 1 85448.98 85747.004 85886.002 20.219305865465714 20.252081856994092 20.32271589432665 5.054826466366428 5.063020464248523 5.080678973581662
 955105432 1 93966.961 94274.998 94589.949 20.19464947591842 20.262115136825564 20.328537218523007 5.048662368979605 5.065528784206391 5.082134304630752
 1050615968 1 103730.917 103746.891 103876.829 20.228110120689188 20.25344485744638 20.2565637783767 5.057027530172297 5.063361214361595 5.064140944594175
 
META_DATA
 FLOPS          4
 ERT_VERSION  1.1.0
 HOSTNAME  ('graoully-2.nancy.grid5000.fr', [], ['172.16.70.2'])
 UNAME  uname_result(system='Linux', node='graoully-2.nancy.grid5000.fr', release='4.19.0-14-amd64', version='#1 SMP Debian 4.19.171-2 (2021-01-30)', machine='x86_64', processor='')
 TIMESTAMP_DATA  1615568958.8349142
 CONFIG  {'ERT_RESULTS': ['Results.graoully.01'], 'ERT_SPEC_GBYTES_DRAM': ['59.00'], 'ERT_SPEC_GFLOPS': ['51.2'], 'ERT_DRIVER': ['driver1'], 'ERT_KERNEL': ['kernel1'], 'ERT_OPENMP': ['False'], 'ERT_FLOPS': ['1,2,4,8,16'], 'ERT_ALIGN': ['32'], 'ERT_CC': ['g++'], 'ERT_CFLAGS': ['-O3'], 'ERT_LD': ['g++'], 'ERT_LDFLAGS': [], 'ERT_LDLIBS': [], 'ERT_PRECISION': ['FP64'], 'ERT_RUN': ['ERT_CODE'], 'ERT_NUM_EXPERIMENTS': ['3'], 'ERT_MEMORY_MAX': ['1073741824'], 'ERT_WORKING_SET_MIN': ['1'], 'ERT_TRIALS_MIN': ['1'], 'ERT_GNUPLOT': ['gnuplo'], 'ERT_MPI': [False], 'ERT_GPU': [False], 'ERT_HIP': [False], 'ERT_OCL': [False], 'ERT_SYCL': [False], 'ERT_WSS_MULT': [1.1]}
 TIMESTAMP_DATA  1615568996.0040538
 TIMESTAMP_DATA  1615569033.1994767
 