fp64
 8 134217728 1280020.952 1280104.16 1280520.201 1.6770400391364075 1.6775850865135853 1.6776941382440747 0.8385200195682038 0.8387925432567926 0.8388470691220373
 16 67108864 639909.029 640065.908 640122.89 3.354799026168241 3.3550976878462335 3.3559202178408394 1.6773995130841206 1.6775488439231168 1.6779601089204197
 24 33554432 319973.946 319993.019 320167.065 5.030538465909977 5.033274604031284 5.033574627354191 2.5152692329549886 2.516637302015642 2.5167873136770953
 32 33554432 319944.143 320052.862 320065.022 6.7095230668473365 6.709777986612723 6.71205801070095 3.3547615334236682 3.3548889933063615 3.356029005350475
 40 16777216 160603.046 160836.935 161041.021 8.334381337535111 8.344956834697205 8.35710973999833 4.167190668767556 4.172478417348603 4.178554869999165
 48 16777216 160477.161 160971.88 161350.965 9.982045883642531 10.005553367457718 10.036398487882025 4.9910229418212655 5.002776683728859 5.018199243941012
 56 16777216 160048.962 160458.088 160613.06 11.69922416022707 11.710523386019656 11.740458472951547 5.849612080113535 5.855261693009828 5.870229236475773
 64 16777216 161403.179 162000.895 162179.947 13.241363607055565 13.2559986659333 13.305088916495258 6.620681803527782 6.62799933296665 6.652544458247629
 72 8388608 84403.038 84504.843 84510.088 14.293672868971571 14.294560040777782 14.311801809787935 7.1468364344857855 7.147280020388891 7.155900904893968
 80 8388608 84820.986 84846.02 84915.876 15.805964010781683 15.818977484153056 15.823646284894638 7.902982005390841 7.909488742076528 7.911823142447319
 88 8388608 93549.013 93621.016 93734.98 15.750736896727348 15.769910123598743 15.782047941008207 7.875368448363674 7.884955061799372 7.891023970504103
 96 8388608 92757.94 92936.993 93368.053 17.250148035110037 17.33015760473335 17.363610446717555 8.625074017555018 8.665078802366676 8.681805223358777
 104 8388608 108908.892 108930.111 109164.0 15.983570261258292 16.017889341910244 16.021010148556098 7.991785130629146 8.008944670955122 8.010505074278049
 112 8388608 108069.181 108184.099 108816.147 17.268100771845926 17.368986841587503 17.387456577467724 8.634050385922963 8.684493420793752 8.693728288733862
 120 8388608 124627.113 124630.213 124661.922 16.149806514293914 16.153915423381324 16.154317239138805 8.074903257146957 8.076957711690662 8.077158619569403
 128 8388608 123109.818 123322.01 123854.16 17.33880919300571 17.413628337715224 17.443642455876265 8.669404596502854 8.706814168857612 8.721821227938133
 136 4194304 69964.17 70049.047 70199.013 16.251662797595174 16.286455517374847 16.306213423242212 8.125831398797587 8.143227758687424 8.153106711621106
 144 4194304 69445.133 69652.796 69749.117 17.318635761367414 17.342585242378494 17.394445079398146 8.659317880683707 8.671292621189247 8.697222539699073
 152 4194304 77453.852 77495.813 77511.072 16.45014554823858 16.45338459769433 16.462298298604956 8.22507277411929 8.226692298847166 8.231149149302478
 160 4194304 77121.973 77378.035 77600.956 17.295885890890315 17.34571419395698 17.40330579976215 8.647942945445157 8.67285709697849 8.701652899881076
 176 4194304 84684.134 85216.999 85217.953 17.32492926695857 17.325123218666736 17.434139528426893 8.662464633479285 8.662561609333368 8.717069764213447
 192 4194304 92253.923 92574.835 92584.133 17.396206928891367 17.397954163245334 17.458474215779418 8.698103464445683 8.698977081622667 8.729237107889709
 208 4194304 100039.005 100103.14 100458.145 17.368730668877074 17.43032700073145 17.441501582307822 8.684365334438537 8.715163500365724 8.720750791153911
 224 4194304 107868.91 108346.939 108411.789 17.332507924945318 17.342882127939028 17.419738384303688 8.666253962472659 8.671441063969514 8.709869192151844
 240 4194304 115729.094 115919.113 116020.203 17.352718474385018 17.3678513223268 17.39636810774653 8.676359237192509 8.6839256611634 8.698184053873264
 264 2097152 65706.968 65716.028 65720.081 16.848674547433987 16.8497136801999 16.852037001616026 8.424337273716993 8.42485684009995 8.426018500808013
 288 2097152 69151.878 69269.18 69631.1 17.347988930233758 17.438629300938743 17.46821036443869 8.673994465116879 8.719314650469371 8.734105182219345
 312 2097152 77273.846 77274.084 77326.059 16.923439069874235 16.934821873786298 16.934874032282536 8.461719534937117 8.467410936893149 8.467437016141268
 336 2097152 80852.032 81028.938 81434.011 17.305866758791975 17.39238078129569 17.430435687751174 8.652933379395988 8.696190390647844 8.715217843875587
 368 2097152 88714.123 88912.01 89002.132 17.34232469846902 17.359903032222533 17.39862628186044 8.67116234923451 8.679951516111267 8.69931314093022
 400 2097152 96133.947 96146.107 96669.912 17.355158035108172 17.449709118227737 17.451916335027832 8.677579017554086 8.724854559113869 8.725958167513916
 440 2097152 108036.041 108039.141 108125.925 17.06800436620542 17.081714487159797 17.08220463206348 8.53400218310271 8.540857243579898 8.54110231603174
 480 2097152 115548.849 115628.004 115675.926 17.40436398149084 17.411577216190636 17.423504755118763 8.70218199074542 8.705788608095318 8.711752377559382
 528 1048576 63673.019 63801.05 64085.007 17.278554030586278 17.3554550591252 17.390352670414448 8.639277015293139 8.6777275295626 8.695176335207224
 576 1048576 70688.009 70762.157 71197.987 16.96620372146196 17.07069997880364 17.088606244377313 8.48310186073098 8.53534998940182 8.544303122188657
 632 1048576 78124.046 78140.974 78244.925 16.939118594592557 16.961652717561467 16.965327986213104 8.469559297296279 8.480826358780734 8.482663993106552
 688 1048576 84233.046 84237.099 84239.006 17.127939235180435 17.128326985714455 17.129151140990437 8.563969617590217 8.564163492857228 8.564575570495219
 752 1048576 91857.91 91893.911 91920.137 17.156831522128822 17.161727984349255 17.168454017732387 8.578415761064411 8.580863992174628 8.584227008866193
 824 1048576 100611.925 100860.119 101019.144 17.106195712765096 17.13316685656498 17.17543171945075 8.553097856382548 8.56658342828249 8.587715859725375
 904 1048576 109926.939 109940.052 109950.781 17.242491510815192 17.244174197770985 17.246231226360266 8.621245755407596 8.622087098885492 8.623115613180133
 992 1048576 120109.081 120157.003 120162.01 17.313082429296912 17.313803873753407 17.32071186191159 8.656541214648456 8.656901936876704 8.660355930955795
 1088 524288 65653.086 65675.974 65877.914 17.317650464767294 17.370898648568197 17.376954496853354 8.658825232383647 8.685449324284098 8.688477248426677
 1192 524288 71938.038 71938.992 72036.982 17.350846152882973 17.374480198443706 17.374710608593467 8.675423076441486 8.687240099221853 8.687355304296734
 1304 524288 78130.007 78176.975 78897.953 17.330526990985433 17.490355747328415 17.500870107435162 8.665263495492717 8.745177873664208 8.750435053717581
 1432 524288 85901.976 86086.988 86449.862 17.369152445841962 17.442366923094113 17.479933546581048 8.684576222920981 8.721183461547056 8.739966773290524
 1568 524288 94013.929 94145.06 94239.95 17.446604842213944 17.464189496506773 17.48854861708843 8.723302421106972 8.732094748253386 8.744274308544215
 1720 524288 102759.123 103106.022 103679.895 17.395375641535903 17.492195751670064 17.55124671509701 8.697687820767952 8.746097875835032 8.775623357548506
 1888 524288 112703.085 112960.1 113476.038 17.44607516170066 17.52575898923602 17.565725800673512 8.72303758085033 8.76287949461801 8.782862900336756
 2072 262144 62052.965 62082.052 62291.145 17.439472913846743 17.498209240893 17.50641143416757 8.719736456923371 8.7491046204465 8.753205717083786
 2272 262144 67629.099 67686.081 68321.943 17.43484280006498 17.598630595853226 17.61345860899315 8.71742140003249 8.799315297926613 8.806729304496574
 2496 262144 73664.904 74474.096 74646.95 17.53082809143575 17.57151705473538 17.76453612157019 8.765414045717876 8.78575852736769 8.882268060785094
 2744 262144 81264.973 81285.0 81866.98 17.572973523635536 17.69879156055853 17.703153263829915 8.786486761817768 8.849395780279265 8.851576631914957
 3016 262144 89689.016 89711.905 89761.972 17.616063604306735 17.625894890984647 17.630393090721387 8.808031802153367 8.812947445492323 8.815196545360694
 3312 262144 98287.106 98287.106 98398.924 17.646959798056326 17.66703616240364 17.66703616240364 8.823479899028163 8.83351808120182 8.83351808120182
 3640 262144 109051.943 109149.933 109164.953 17.481877356737378 17.484283018295574 17.499993741514537 8.740938678368689 8.742141509147787 8.749996870757268
 4000 262144 117964.029 118152.142 118324.995 17.723660161574482 17.74958933880352 17.77789397139021 8.861830080787241 8.87479466940176 8.888946985695105
 4400 131072 65166.95 65172.195 65176.01 17.69721098299819 17.698246928770775 17.69967138250294 8.848605491499095 8.849123464385388 8.84983569125147
 4840 131072 71696.997 71702.003 71706.057 17.694139283101286 17.695139702024782 17.69637520522652 8.847069641550643 8.847569851012391 8.84818760261326
 5320 131072 78793.049 78802.824 78899.86 17.67564707972866 17.697412468365346 17.699607994608762 8.83782353986433 8.848706234182673 8.849803997304381
 5848 131072 86251.02 86530.924 87874.889 17.445462855719796 17.71641906886375 17.773912841842336 8.722731427859898 8.858209534431875 8.886956420921168
 6432 131072 95417.976 95995.188 96386.909 17.493145339892582 17.564528421987156 17.670781530725407 8.746572669946291 8.782264210993578 8.835390765362703
 7072 131072 103681.803 104789.019 104815.96 17.687023693719926 17.69157098416963 17.88049893383895 8.843511846859963 8.845785492084815 8.940249466919475
 7776 131072 115272.999 115614.891 116111.04 17.55588223135371 17.63122143150228 17.68351445423919 8.777941115676855 8.81561071575114 8.841757227119595
 8552 65536 63218.117 63225.985 63337.088 17.697809915100613 17.728909150248906 17.731115654710184 8.848904957550307 8.864454575124453 8.865557827355092
 9400 65536 69036.007 69084.167 70050.955 17.588294121043745 17.834430861705258 17.846872285067125 8.794147060521873 8.917215430852629 8.923436142533562
 10336 65536 76521.158 76761.961 77516.794 17.476989463728337 17.64884813195432 17.704386961838715 8.738494731864169 8.82442406597716 8.852193480919357
 11368 65536 83905.935 83908.081 84011.078 17.736071616650367 17.75784260874706 17.75829678794474 8.868035808325184 8.87892130437353 8.87914839397237
 12504 65536 91748.953 92020.988 92218.161 17.772250825951733 17.81033135614671 17.863138863284902 8.886125412975867 8.905165678073354 8.931569431642451
 13752 65536 101541.996 101756.096 101902.962 17.688417575143696 17.713947516225463 17.751297148029273 8.844208787571848 8.856973758112732 8.875648574014637
 15120 65536 111474.991 111481.905 111484.051 17.776611293035987 17.77695348855045 17.778056066405064 8.888305646517994 8.888476744275225 8.889028033202532
 16632 32768 61353.922 61503.887 61995.029 17.58197019312629 17.72237179090811 17.76568989346761 8.790985096563144 8.861185895454055 8.882844946733805
 18288 32768 67393.78 67394.972 67404.985 17.78091587736426 17.78355762207305 17.78387216149621 8.89045793868213 8.891778811036525 8.891936080748104
 20112 32768 74105.024 74105.978 74112.892 17.784490611970718 17.78614988388656 17.78637885604085 8.892245305985359 8.89307494194328 8.893189428020426
 22120 32768 81532.001 81543.922 81722.975 17.73866308709393 17.777613394656196 17.78021270445699 8.869331543546965 8.888806697328098 8.890106352228495
 24328 32768 89657.068 89766.026 89804.888 17.753597198406396 17.761283183016257 17.782868027761072 8.876798599203198 8.880641591508128 8.891434013880536
 26760 32768 98596.096 98598.957 98733.187 17.762450633746887 17.786631962039923 17.787148083429184 8.881225316873444 8.893315981019962 8.893574041714592
 29432 32768 107619.047 107686.043 109052.896 17.687339105602476 17.91184352460606 17.922994170353505 8.843669552801238 8.95592176230303 8.961497085176752
 32368 32768 119210.005 119220.018 119231.939 17.7911159190324 17.792894881126422 17.794389388709444 8.8955579595162 8.896447440563211 8.897194694354722
 35600 16384 65622.091 65624.952 65629.959 17.774516665475897 17.775872811305064 17.776647805995697 8.887258332737948 8.887936405652532 8.888323902997849
 39160 16384 71382.999 71831.942 72033.167 17.813945067832435 17.86384781299662 17.976197385598773 8.906972533916218 8.93192390649831 8.988098692799387
 43072 16384 78467.846 79714.06 80152.988 17.608617360590475 17.7055753527044 17.98677251826181 8.804308680295238 8.8527876763522 8.993386259130904
 47376 16384 87234.974 87263.107 87374.926 17.767302807214968 17.79006984016739 17.79580708077015 8.883651403607484 8.895034920083695 8.897903540385075
 52112 16384 95966.816 95988.989 95991.85 17.789072884833452 17.789603097080228 17.793713360251523 8.894536442416726 8.894801548540114 8.896856680125762
 57320 16384 105579.138 105581.999 105592.966 17.787754536604268 17.789602183985927 17.790084249409198 8.893877268302134 8.894801091992964 8.895042124704599
 63048 16384 116126.06 116130.114 116218.09 17.776551516205437 17.790018392645337 17.790639448199652 8.888275758102719 8.895009196322668 8.895319724099826
 69352 8192 63850.88 63858.986 63871.861 17.78973009726458 17.793316793348396 17.79557569136087 8.89486504863229 8.896658396674198 8.897787845680435
 76280 8192 69374.8 69836.14 70590.973 17.70440988254971 17.895770298873906 18.01477654710356 8.852204941274856 8.947885149436953 9.00738827355178
 83904 8192 77173.948 77373.981 77469.11 17.74491969767047 17.7667365467469 17.81278749663034 8.872459848835234 8.88336827337345 8.90639374831517
 92288 8192 84064.007 84497.929 85186.958 17.749742771657605 17.894481082489015 17.986848901932547 8.874871385828802 8.947240541244508 8.993424450966273
 101512 8192 93452.93 93457.937 93477.011 17.792316958016556 17.795948224279762 17.796901691578853 8.896158479008278 8.897974112139881 8.898450845789426
 111656 8192 102794.886 102800.846 102960.825 17.76765001640187 17.79530008926191 17.796331852539822 8.883825008200935 8.897650044630955 8.898165926269911
 122816 8192 112076.044 113291.979 113458.872 17.735213725727856 17.761339873849323 17.954036136393253 8.867606862863928 8.880669936924662 8.977018068196626
 135096 4096 62068.939 62072.992 62780.857 17.62808736427411 17.829113698917556 17.830277910824286 8.814043682137054 8.914556849458778 8.915138955412143
 148600 4096 68006.039 68670.988 69137.096 17.607496849448232 17.727008675046296 17.900339703654847 8.803748424724116 8.863504337523148 8.950169851827424
 163456 4096 74733.973 75015.783 75501.204 17.735234420897445 17.849997673156327 17.917307193075366 8.867617210448723 8.924998836578164 8.958653596537683
 179800 4096 82123.995 83813.906 84219.933 17.48899040325762 17.573713841710227 17.935337899721027 8.74449520162881 8.786856920855113 8.967668949860514
 197776 4096 91014.862 91017.008 91023.922 17.799507606363083 17.800859725030733 17.801279443790182 8.899753803181541 8.900429862515367 8.900639721895091
 217552 4096 100100.994 100105.047 100141.048 17.796757868960988 17.803158156451392 17.803878990452382 8.898378934480494 8.901579078225696 8.901939495226191
 239304 4096 110127.926 110154.867 110228.062 17.78474856974261 17.796566065483063 17.800919704962027 8.892374284871305 8.898283032741531 8.900459852481013
 263232 2048 60822.01 61299.086 61721.087 17.468880157603188 17.589141084420085 17.727106881209615 8.734440078801594 8.794570542210042 8.863553440604807
 289552 2048 66603.899 66612.959 66614.151 17.804099792550087 17.804418386518456 17.806840287233033 8.902049896275043 8.902209193259228 8.903420143616517
 318504 2048 73265.076 73281.05 73395.014 17.774945638677856 17.80258858190487 17.806470084054784 8.887472819338928 8.901294290952436 8.903235042027392
 350352 2048 80582.857 80587.864 80606.937 17.802956487479484 17.80716997288823 17.80827641789866 8.901478243739742 8.903584986444114 8.90413820894933
 385384 2048 88663.101 88670.969 88672.876 17.801755567283056 17.80213842029853 17.803718189373956 8.900877783641528 8.901069210149265 8.901859094686978
 423920 2048 97476.006 97505.093 97517.967 17.80570671658895 17.80805767756152 17.813371631168394 8.902853358294475 8.90402883878076 8.906685815584197
 466312 2048 107263.803 107280.97 107287.169 17.80281807976497 17.803846777298897 17.806696188088726 8.901409039882486 8.901923388649449 8.903348094044363
 512936 2048 117980.957 117996.931 118131.876 17.78508838715132 17.805427973376695 17.80783873451713 8.89254419357566 8.902713986688347 8.903919367258565
 564224 1024 64163.923 64800.978 65129.042 17.742173330294033 17.831995560313917 18.00904149828869 8.871086665147017 8.915997780156959 9.004520749144344
 620640 1024 71530.819 72178.125 72826.147 17.453494004014797 17.61019311598909 17.769553568231895 8.726747002007398 8.805096557994545 8.884776784115948
 682704 1024 78475.952 78497.887 78634.977 17.780609155643297 17.811661503703913 17.816640083576175 8.890304577821649 8.905830751851957 8.908320041788087
 750968 1024 86323.977 86561.203 87100.983 17.65746391174483 17.767572661854064 17.816399538682052 8.828731955872415 8.883786330927032 8.908199769341026
 826064 1024 94901.085 94974.995 95093.966 17.790603790781006 17.812889297862036 17.8267621703166 8.895301895390503 8.906444648931018 8.9133810851583
 908664 1024 104647.875 104996.92 105607.986 17.621241939032906 17.72379486941141 17.78291123446128 8.810620969516453 8.861897434705705 8.89145561723064
 999528 1024 114786.863 114843.13 114876.032 17.819499057906178 17.824604257999585 17.83334164293696 8.909749528953089 8.912302128999793 8.91667082146848
 1099480 512 62170.029 62936.068 63465.118 17.739942120646493 17.88906672720641 18.109490024526124 8.869971060323246 8.944533363603204 9.054745012263062
 1209424 512 69414.854 69459.2 69486.856 17.82279768133415 17.829894038514695 17.84128474865048 8.911398840667076 8.914947019257347 8.92064237432524
 1330360 512 75530.052 77010.155 77775.955 17.51555014657165 17.68972728336932 18.03637895019588 8.757775073285824 8.84486364168466 9.01818947509794
 1463392 512 84447.861 84466.934 84769.011 17.677608719535492 17.7408287129257 17.744835573751242 8.838804359767746 8.87041435646285 8.872417786875621
 1609728 512 92025.995 92432.976 93063.116 17.712296158233084 17.833045557247882 17.91191143328578 8.856148079116542 8.916522778623941 8.95595571664289
 1770696 512 101578.951 101650.953 101696.014 17.829535619753987 17.837439300741234 17.850082976344183 8.914767809876993 8.918719650370617 8.925041488172091
 1947760 512 111751.08 111788.988 111832.857 17.83470702174764 17.841705839576974 17.847758070883966 8.91735351087382 8.920852919788487 8.923879035441983
 2142536 256 61397.076 61408.043 61457.872 17.849274572995302 17.863758205093756 17.866949103569688 8.924637286497651 8.931879102546878 8.933474551784844
 2356784 256 67496.061 67699.194 67714.93 17.819901873929428 17.82404393174902 17.87768634380012 8.909950936964714 8.91202196587451 8.93884317190006
 2592456 256 74301.958 74358.94 74393.034 17.84222796989299 17.85040873363714 17.864098170871888 8.921113984946494 8.92520436681857 8.932049085435944
 2851696 256 81682.92 81701.994 81725.121 17.865600370294956 17.870657501945423 17.87483052760602 8.932800185147478 8.935328750972712 8.93741526380301
 3136864 256 90138.912 90234.995 90449.81 17.75652561348664 17.79879710748585 17.817769622069545 8.87826280674332 8.899398553742925 8.908884811034772
 3450544 256 98695.04 98784.208 98888.159 17.865420348254233 17.884220198434956 17.90037805344625 8.932710174127116 8.942110099217478 8.950189026723125
 3795592 256 108715.057 108880.043 108942.032 17.838322531013556 17.848478476445862 17.875565332224404 8.919161265506778 8.924239238222931 8.937782666112202
 4175144 256 119444.132 119525.909 119528.055 17.884284388296958 17.88460548750146 17.896850119016314 8.942142194148479 8.94230274375073 8.948425059508157
 4592656 128 65596.819 65693.14 65706.015 17.89364240092783 17.897149321831776 17.923429122378632 8.946821200463916 8.948574660915888 8.961714561189316
 5051920 128 72075.129 72079.182 72232.008 17.904687351347064 17.942649793112246 17.943658761956566 8.952343675673532 8.971324896556123 8.971829380978283
 5557112 128 78902.006 79630.136 79979.897 17.787228108083212 17.865355297145292 18.03022184252198 8.893614054041606 8.932677648572646 9.01511092126099
 6112816 128 87018.013 87055.922 87164.164 17.95325996587313 17.975582361875393 17.983413342246735 8.976629982936565 8.987791180937696 8.991706671123367
 6724096 128 95287.085 96196.175 96496.82 17.838604173691937 17.894355737117404 18.06507750761816 8.919302086845969 8.947177868558702 9.03253875380908
 7396504 128 105341.911 105422.974 105977.058 17.86712199540395 17.961028342835405 17.974849763262792 8.933560997701974 8.980514171417703 8.987424881631396
 8136152 128 116352.797 116471.052 117008.924 17.80082100404581 17.88302652233278 17.901201910943318 8.900410502022906 8.94151326116639 8.950600955471659
 8949760 64 63685.179 63967.943 64251.9 17.829344813149493 17.9084901948465 17.988004398951286 8.914672406574747 8.95424509742325 8.994002199475643
 9844736 64 68746.09 69813.967 70091.009 17.978428702602923 18.04977230415799 18.33015096567674 8.989214351301461 9.024886152078995 9.16507548283837
 10829208 64 77114.105 77119.112 77254.057 17.942599752398763 17.973996173607397 17.975163220788207 8.971299876199382 8.986998086803698 8.987581610394104
 11912128 64 83960.056 85337.162 92344.999 16.511477616670938 17.86739034044746 18.16044982151989 8.255738808335469 8.93369517022373 9.080224910759945
 13103336 64 92219.114 92808.008 96739.054 17.337641197111562 18.07200740694704 18.187411863445142 8.668820598555781 9.03600370347352 9.093705931722571
 14413664 64 102118.969 102450.848 105262.995 17.52704254709834 18.008137834056775 18.06666293311285 8.76352127354917 9.004068917028388 9.033331466556424
 15855024 64 111661.911 111925.125 115067.959 17.636908568092355 18.132149256031653 18.174891096033633 8.818454284046178 9.066074628015826 9.087445548016817
 17440520 32 61479.092 61917.067 66267.014 16.84387469156223 18.027231167135227 18.155656560444974 8.421937345781116 9.013615583567613 9.077828280222487
 19184568 32 68608.046 70039.988 72531.939 16.927885410591323 17.53016222675538 17.896040239945034 8.463942705295661 8.76508111337769 8.948020119972517
 21103024 32 77191.114 77487.946 77555.895 17.414453614389984 17.42972430834597 17.496748861533465 8.707226807194992 8.714862154172986 8.748374430766733
 23213320 32 86319.923 86530.209 96958.876 15.322501057046082 17.169177067398508 17.211003304532607 7.661250528523041 8.584588533699254 8.605501652266303
 25534648 32 95416.069 95725.06 95725.06 17.07199214082498 17.07199214082498 17.12727729330371 8.53599607041249 8.53599607041249 8.563638646651855
 28088112 32 105672.121 105707.169 109018.803 16.4892579860742 17.0058396701552 17.011479953165697 8.2446289930371 8.5029198350776 8.505739976582849
 30896920 32 115761.995 116074.8 116086.96 17.033807070148104 17.035591532356722 17.081624068417273 8.516903535074052 8.517795766178361 8.540812034208637
 33986608 16 63708.067 63745.022 63861.847 17.030065791864743 17.06127665937585 17.071173357056963 8.515032895932372 8.530638329687925 8.535586678528482
 37385264 16 69869.041 69875.002 70003.033 17.0896659291891 17.12097908777162 17.122439794185812 8.54483296459455 8.56048954388581 8.561219897092906
 41123784 16 76738.119 76811.075 77148.914 17.057415584618596 17.132439404083332 17.148727453170956 8.528707792309298 8.566219702041666 8.574363726585478
 45236160 16 84298.849 84466.934 84655.046 17.099478275636397 17.13755965144893 17.171730541659 8.549739137818198 8.568779825724466 8.5858652708295
 49759776 16 92964.172 93029.976 93325.853 17.06186207588159 17.116126440793664 17.128241964011682 8.530931037940794 8.558063220396832 8.564120982005841
 54735752 16 102360.01 102406.979 102963.924 17.01124040299785 17.103756805480998 17.111605049667347 8.505620201498925 8.551878402740499 8.555802524833673
 60209320 16 112372.875 112455.13 112581.968 17.113737432623314 17.133039995596466 17.14558108440315 8.556868716311657 8.566519997798233 8.572790542201576
 66230248 16 123409.986 123504.877 123790.979 17.120536190282493 17.160196321639997 17.1733909442304 8.560268095141247 8.580098160819999 8.5866954721152
 72853272 8 67680.836 67825.079 67867.994 17.17528813360831 17.18615546323212 17.222783004630735 8.587644066804154 8.59307773161606 8.611391502315367
 80138592 8 74536.085 74799.061 74963.093 17.104650044255777 17.142160006527355 17.20264046602394 8.552325022127889 8.571080003263678 8.60132023301197
 88152448 8 82129.955 82282.066 82529.068 17.090210784883695 17.141513777741068 17.17326118101489 8.545105392441847 8.570756888870534 8.586630590507445
 96967688 8 90363.979 90404.987 90461.969 17.15066591132899 17.16147592610129 17.169263960808983 8.575332955664495 8.580737963050645 8.584631980404492
 106664456 8 99096.06 99268.198 99313.021 17.184365945327556 17.19212527661679 17.22198941108254 8.592182972663778 8.596062638308394 8.61099470554127
 117330896 8 109169.96 109244.108 109372.854 17.164170699980087 17.18439896090323 17.196070567397843 8.582085349990043 8.592199480451615 8.598035283698922
 129063984 8 119594.812 120069.981 121155.977 17.04434065188546 17.198501463908784 17.266833815500288 8.52217032594273 8.599250731954392 8.633416907750144
 141970376 4 65768.003 65855.026 66136.122 17.17311166203546 17.246413477993315 17.2692336119739 8.58655583101773 8.623206738996657 8.63461680598695
 156167408 4 72354.078 72583.914 72589.874 17.210930328932655 17.212343550390518 17.2670193378734 8.605465164466327 8.606171775195259 8.6335096689367
 171784144 4 79437.971 79639.196 79692.841 17.24462492182955 17.25624090931305 17.299952839933436 8.622312460914776 8.628120454656525 8.649976419966718
 188962552 4 87487.221 87502.956 87845.087 17.208707596817565 17.275992550468807 17.279099721318158 8.604353798408782 8.637996275234403 8.639549860659079
 207858800 4 96151.829 96282.005 96421.003 17.245935514692793 17.27083269609934 17.294214964959224 8.622967757346396 8.63541634804967 8.647107482479612
 228644680 4 105969.191 106150.866 106260.061 17.213969414152697 17.23167703596502 17.26121925381123 8.606984707076348 8.61583851798251 8.630609626905615
 251509144 4 116161.108 116604.09 116662.979 17.246886452299492 17.25559671191637 17.32140116983044 8.623443226149746 8.627798355958184 8.66070058491522
 276660056 2 63406.229 63508.987 63529.968 17.419184344622995 17.4249389932798 17.45317836201866 8.709592172311497 8.7124694966399 8.72658918100933
 304326056 2 69726.944 69812.059 69919.109 17.4101792973363 17.436876113337384 17.458161137823566 8.70508964866815 8.718438056668692 8.729080568911783
 334758656 2 76709.986 76822.996 77073.812 17.373405950129985 17.43012761439296 17.455805871219944 8.686702975064993 8.71506380719648 8.727902935609972
 368234520 2 84474.087 84491.968 84685.087 17.39312235695052 17.432876933343536 17.43656702676171 8.69656117847526 8.716438466671768 8.718283513380856
 405057968 2 92836.857 92851.162 93370.914 17.3526401594398 17.44977485580633 17.45246364813923 8.6763200797199 8.724887427903164 8.726231824069615
 445563760 2 102002.859 102292.061 102968.931 17.308667990347494 17.42320002722401 17.47259888078235 8.654333995173747 8.711600013612005 8.736299440391175
 490120136 2 112298.965 112427.95 112859.011 17.37105904640614 17.43766157792613 17.45769022893488 8.68552952320307 8.718830788963064 8.72884511446744
 539132144 1 61735.153 61831.951 61948.061 17.405940889739874 17.43862631796949 17.46596931573167 8.702970444869937 8.719313158984745 8.732984657865835
 593045352 1 68069.935 68144.083 68202.972 17.390601453555426 17.4056301263897 17.424589930929123 8.695300726777713 8.70281506319485 8.712294965464562
 652349880 1 74743.986 74904.919 75001.001 17.395764624528148 17.418078510972023 17.455581777509163 8.697882312264074 8.709039255486012 8.727790888754582
 717584864 1 82160.95 82362.89 82484.961 17.399168413257783 17.424955923717587 17.46778400201069 8.699584206628892 8.712477961858793 8.733892001005344
 789343344 1 90535.879 90661.049 90814.114 17.383715134852274 17.413064435201935 17.437138794444135 8.691857567426137 8.706532217600968 8.718569397222067
 868277672 1 99405.05 99833.012 100247.145 17.322741151381415 17.394600335207755 17.46948815980677 8.661370575690707 8.697300167603878 8.734744079903384
 955105432 1 109349.012 109679.937 109745.979 17.405748086679328 17.416228676353086 17.468935741275832 8.702874043339664 8.708114338176543 8.734467870637916
 1050615968 1 120314.837 120590.925 120767.832 17.39893729316926 17.42446155048566 17.464445685946448 8.69946864658463 8.71223077524283 8.732222842973224
 
META_DATA
 FLOPS          8
 ERT_VERSION  1.1.0
 HOSTNAME  ('graoully-2.nancy.grid5000.fr', [], ['172.16.70.2'])
 UNAME  uname_result(system='Linux', node='graoully-2.nancy.grid5000.fr', release='4.19.0-14-amd64', version='#1 SMP Debian 4.19.171-2 (2021-01-30)', machine='x86_64', processor='')
 TIMESTAMP_DATA  1615575487.6754498
 CONFIG  {'ERT_RESULTS': ['Results.graoully.01'], 'ERT_DRIVER': ['driver1'], 'ERT_KERNEL': ['kernel1'], 'ERT_OPENMP': ['False'], 'ERT_FLOPS': ['1,2,4,8,16,32'], 'ERT_ALIGN': ['64'], 'ERT_CC': ['g++'], 'ERT_CFLAGS': ['-O3'], 'ERT_LD': ['g++'], 'ERT_LDFLAGS': [], 'ERT_LDLIBS': [], 'ERT_PRECISION': ['FP64'], 'ERT_RUN': ['ERT_CODE'], 'ERT_NUM_EXPERIMENTS': ['3'], 'ERT_MEMORY_MAX': ['1073741824'], 'ERT_WORKING_SET_MIN': ['1'], 'ERT_TRIALS_MIN': ['1'], 'ERT_GNUPLOT': ['gnuplo'], 'ERT_MPI': [False], 'ERT_GPU': [False], 'ERT_HIP': [False], 'ERT_OCL': [False], 'ERT_SYCL': [False], 'ERT_WSS_MULT': [1.1]}
 TIMESTAMP_DATA  1615575545.3022761
 TIMESTAMP_DATA  1615575602.8146145
 