fp64
 8 134217728 272861.958 272863.865 272866.964 7.87007564609397 7.870165028997153 7.8702200326510905 0.49187972788087314 0.4918853143123221 0.49188875204069316
 16 67108864 136364.222 136434.078 136474.133 15.735462836756033 15.740082532752558 15.7481457856299 0.9834664272972521 0.9837551582970349 0.9842591116018687
 24 33554432 68189.144 68219.9 68372.965 23.556280409954432 23.609133639891 23.619782292618307 1.472267525622152 1.4755708524931874 1.4762363932886442
 32 33554432 73429.108 73430.061 73464.87 29.231436031942888 29.245292987023394 29.245672547186604 1.8269647519964305 1.827830811688962 1.8278545341991628
 40 16777216 36712.885 36715.984 36731.005 36.5407175763364 36.55566687249891 36.5587526014368 2.283794848521025 2.284729179531182 2.2849220375898
 48 16777216 36712.17 36715.031 36731.005 43.84886109160367 43.86793888312391 43.871357536206666 2.7405538182252296 2.7417461801952445 2.7419598460129166
 56 16777216 36716.938 36718.13 36813.974 51.04171019406924 51.174942514774045 51.176603887829636 3.1901068871293274 3.198433907173378 3.1985377429893522
 64 16777216 39340.019 39348.125 39964.914 53.73422417473488 54.57651788998841 54.5877633663573 3.35838901092093 3.4110323681242756 3.4117352103973313
 72 8388608 19670.963 19679.07 19789.934 61.03908946841358 61.382959255696534 61.40825703347619 3.8149430917758487 3.8364349534810334 3.838016064592262
 80 8388608 19666.91 19670.01 19680.977 68.19667946362623 68.23470247346087 68.2454579799267 4.262292466476639 4.264668904591304 4.265341123745419
 88 8388608 19668.102 19676.924 21041.155 70.1670135503493 75.03179907591247 75.0654541043157 4.385438346896831 4.68948744224453 4.691590881519732
 96 8388608 19670.963 19675.97 19681.931 81.83204869481557 81.85684039973633 81.87767604463492 5.114503043425973 5.1160525249835205 5.117354752789683
 104 8388608 19670.963 19680.977 19709.826 88.52591920395442 88.6556833027141 88.70081571502118 5.532869950247151 5.540980206419631 5.543800982188824
 112 8388608 19668.102 19684.076 19699.097 95.38752928624088 95.4603199052879 95.53785067822 5.961720580390055 5.966269994080494 5.97111566738875
 120 8388608 20791.054 20793.2 20920.992 96.23185745685481 96.82328453532884 96.83327838983054 6.014491091053426 6.051455283458052 6.052079899364409
 128 8388608 19670.963 19671.202 19677.877 109.13187677715437 109.16890833615555 109.17023472617991 6.820742298572148 6.823056771009722 6.823139670386245
 136 4194304 9907.961 9910.822 9912.014 115.0977680217159 115.11161112569674 115.14485048941957 7.193610501357243 7.194475695356046 7.196553155588723
 144 4194304 10319.948 10509.014 10542.154 114.58375129029608 114.9450892348226 117.05093397757429 7.161484455643505 7.184068077176413 7.315683373598393
 152 4194304 13419.151 13464.928 13468.027 94.673734764565 94.69552425382447 95.01856086126462 5.917108422785312 5.91847026586403 5.938660053829039
 160 4194304 13358.116 13362.169 13368.13 100.40127377576371 100.44606380895198 100.47654025462873 6.275079610985232 6.2778789880594985 6.279783765914296
 176 4194304 20556.927 20566.94 20684.958 71.37529638687204 71.7848648364803 71.8198302693783 4.460956024179502 4.4865540522800185 4.488739391836144
 192 4194304 19618.034 19619.942 19690.037 81.79836005386886 82.09059619034552 82.09858011256378 5.112397503366804 5.130662261896595 5.131161257035236
 208 4194304 21994.114 21995.068 22018.909 79.24236682208006 79.32825958983169 79.33170047222634 4.952647926380004 4.9580162243644805 4.9582312795141466
 224 4194304 22032.022 22033.93 22049.904 85.21797609640387 85.27975681142674 85.28714214246881 5.326123506025242 5.329984800714171 5.330446383904301
 240 4194304 23210.049 23214.102 23231.983 86.65923696655597 86.72598750535342 86.74113182613272 5.416202310409748 5.4203742190845885 5.421320739133295
 264 2097152 12373.924 12376.07 12378.931 89.45007093100364 89.4707492766282 89.48626611897728 5.590629433187727 5.591921829789262 5.59289163243608
 288 2097152 12954.95 12954.95 12990.952 92.98468287774445 93.24308870354574 93.24308870354574 5.811542679859028 5.827693043971609 5.827693043971609
 312 2097152 14070.988 14073.133 14075.994 92.96841473504463 92.98731476494963 93.00148987405859 5.8105259209402895 5.811707172809352 5.812593117128662
 336 2097152 15027.046 15029.907 15038.013 93.7149172566881 93.76546002580056 93.78331203617796 5.857182328543006 5.860341251612535 5.8614570022611225
 368 2097152 16414.165 16417.027 16421.795 93.99117891801718 94.01847679241804 94.03487000404833 5.874448682376074 5.876154799526128 5.877179375253021
 400 2097152 17393.112 17438.889 17488.003 95.93557366155528 96.20576173172499 96.45896605506822 5.995973353847205 6.012860108232812 6.0286853784417636
 440 2097152 18920.898 18944.979 19106.865 96.58799389643461 97.41334419003579 97.53732407415335 6.036749618527163 6.088334011877237 6.096082754634584
 480 2097152 19051.79 19066.095 19144.058 105.16401068153887 105.59403590509748 105.67332098453738 6.572750667596179 6.599627244068593 6.6045825615335865
 528 1048576 10751.009 10773.897 10822.058 102.31845514041783 102.77583459355513 102.99463575930406 6.394903446276114 6.423489662097196 6.437164734956504
 576 1048576 11047.125 11112.928 11113.167 108.69624761330411 108.69858528733381 109.34605628161172 6.793515475831507 6.793661580458363 6.834128517600733
 632 1048576 12622.118 12633.085 12639.999 104.85760829569688 104.91499613910618 105.0061538008122 6.553600518481055 6.557187258694136 6.5628846125507625
 688 1048576 13256.073 13276.1 13287.067 108.58984725522947 108.67955016910086 108.84374097819166 6.786865453451842 6.792471885568804 6.802733811136979
 752 1048576 14098.167 14106.035 14150.858 111.44612602288849 111.80025457189068 111.8626488110121 6.965382876430531 6.987515910743167 6.991415550688256
 824 1048576 15158.892 15165.091 15172.005 113.8974873788929 113.94941500845593 113.99601290120675 7.1185929611808065 7.121838438028496 7.124750806325422
 904 1048576 15806.198 15807.867 15808.105 119.92743013789446 119.92923574066002 119.9418992473712 7.495464383618404 7.495577233791251 7.4963687029607
 992 1048576 16597.033 16600.132 16608.0 125.26341425818882 125.322785626042 125.34618591166264 7.828963391136801 7.832674101627625 7.834136619478915
 1088 524288 10102.034 10271.072 10277.987 110.99942897378642 111.07415934772922 112.93277056877854 6.937464310861651 6.942134959233076 7.0582981605486586
 1192 524288 10590.076 10904.074 10963.917 114.00146425771008 114.62711936841221 118.02583777491306 7.12509151610688 7.164194960525763 7.376614860932066
 1304 524288 11816.025 11836.052 11847.973 115.40734469938444 115.52358032898131 115.71938143326543 7.212959043711527 7.220223770561332 7.232461339579089
 1432 524288 12603.045 12603.045 12611.151 119.0661210860135 119.14270178357691 119.14270178357691 7.4416325678758435 7.446418861473557 7.446418861473557
 1568 524288 13251.781 13252.02 13259.172 124.00225051760397 124.06917345431113 124.07141108051816 7.750140657350248 7.754323340894445 7.754463192532385
 1720 524288 14433.861 14438.152 14443.159 124.87231636790817 124.91562078027715 124.95275657705169 7.804519772994261 7.807226298767322 7.8095472860657305
 1888 524288 15290.022 15293.121 15300.989 129.38454422782738 129.45110994675318 129.47734725299938 8.086534014239211 8.090694371672074 8.092334203312461
 2072 262144 8352.995 8357.048 8362.055 129.91121632182518 129.98905067913932 130.05212334019114 8.119451020114074 8.124315667446208 8.128257708761947
 2272 262144 8891.106 8892.059 8895.874 133.9027886411161 133.96023755577872 133.97459618634622 8.368924290069756 8.37251484723617 8.373412261646639
 2496 262144 9588.003 9595.156 9657.86 135.49822093093084 136.3836969404145 136.48544415349053 8.468638808183178 8.523981058775906 8.530340259593158
 2744 262144 10437.965 10488.987 10495.901 137.06743918411578 137.1577895939808 137.82823299369176 8.566714949007237 8.5723618496238 8.614264562105735
 3016 262144 11216.164 11271.0 11280.06 140.18122314952225 140.29390542099193 140.9798045035718 8.76132644684514 8.768369088811996 8.811237781473238
 3312 262144 12217.045 12226.105 12228.012 142.005246314773 142.02739596952586 142.13272161967154 8.875327894673312 8.876712248095366 8.883295101229471
 3640 262144 13324.976 13332.129 13504.982 141.3114301077928 143.14355344146458 143.22039454329973 8.83196438173705 8.946472090091536 8.951274658956233
 4000 262144 14437.914 14463.902 14465.094 144.98018471224592 144.99213282833358 145.2531162050141 9.06126154451537 9.062008301770849 9.078319762813381
 4400 131072 8544.922 8547.783 8549.929 134.90563488889794 134.93950419658526 134.9846844710812 8.431602180556121 8.433719012286579 8.436542779442576
 4840 131072 9505.987 9516.001 9516.954 133.31754676969123 133.33089813672782 133.47135442116638 8.332346673105702 8.333181133545489 8.341959651322899
 5320 131072 10581.017 10583.878 10587.931 131.71658183265455 131.7670215019485 131.80264997211515 8.23228636454091 8.235438843871782 8.237665623257197
 5848 131072 11349.916 11402.13 11406.898 134.39395285203744 134.45015203299735 135.06867469327526 8.39962205325234 8.403134502062334 8.441792168329703
 6432 131072 12273.073 12320.042 12327.909 136.77179219930971 136.8591282399849 137.38288756206373 8.548237012456857 8.553695514999056 8.586430472628983
 7072 131072 13267.04 13332.129 13370.991 138.64958610771632 139.0537376288513 139.73594471713358 8.66559913173227 8.690858601803207 8.733496544820849
 7776 131072 14429.808 14430.046 14497.042 140.6101840637559 141.26301080398497 141.26534074465854 8.788136503984743 8.82893817524906 8.829083796541159
 8552 65536 8172.989 8176.088 8176.804 137.08629239492595 137.09829737644702 137.15028173903085 8.567893274682872 8.568643586027939 8.571892608689428
 9400 65536 9168.148 9171.963 9178.162 134.24003629484858 134.3307643085782 134.38666129735253 8.390002268428036 8.395672769286138 8.399166331084533
 10336 65536 9824.991 9829.044 9891.033 136.96852411674294 137.83234585174307 137.88920437687935 8.560532757296434 8.614521615733942 8.61807527355496
 11368 65536 10704.994 10708.094 10716.915 139.0350204326525 139.14955322581218 139.18984877525386 8.68968877704078 8.696847076613262 8.699365548453367
 12504 65536 11919.975 11926.174 11934.996 137.32089126799875 137.42246993880852 137.49393669030343 8.582555704249922 8.588904371175532 8.593371043143964
 13752 65536 13239.145 13239.145 13326.168 135.2603497119352 136.14943744478967 136.14943744478967 8.45377185699595 8.509339840299354 8.509339840299354
 15120 65536 14270.067 14276.028 14297.009 138.61701003335733 138.82073080831728 138.8787200508589 8.663563127084833 8.67629567551983 8.679920003178681
 16632 32768 7936.001 7942.915 7953.167 137.0516615582195 137.22855551142118 137.34811172528833 8.56572884738872 8.576784719463824 8.58425698283052
 18288 32768 8708.954 8711.1 8713.007 137.5555382889053 137.58565141026963 137.61955431157403 8.597221143056581 8.599103213141852 8.601222144473377
 20112 32768 9424.925 9462.833 9469.032 139.19691389785146 139.28810029723655 139.848331100778 8.699807118615716 8.705506268577285 8.740520693798626
 22120 32768 10567.904 10573.149 10594.13 136.8358062436463 137.10733859893588 137.17538690737538 8.552237890227893 8.569208662433493 8.573461681710961
 24328 32768 11454.105 11455.059 11456.966 139.16073487518423 139.18390188998592 139.1954943664302 8.697545929699015 8.69899386812412 8.699718397901888
 26760 32768 12722.969 12738.943 12747.049 137.58034192855146 137.6678865742629 137.84073198637836 8.598771370534466 8.604242910891431 8.615045749148647
 29432 32768 14057.159 14064.074 14099.836 136.79985724656655 137.14771068468494 137.21517640940107 8.54999107791041 8.571731917792809 8.575948525587567
 32368 32768 15290.022 15300.035 15384.912 137.87984279663087 138.64473172773788 138.73552621441615 8.61749017478943 8.665295732983617 8.67097038840101
 35600 16384 9898.901 9904.861 11035.919 105.70400163321241 117.77457553417456 117.84548607971733 6.606500102075776 7.36091097088591 7.365342879982333
 39160 16384 12643.099 12650.013 12653.112 101.41338194113827 101.43822618996516 101.49369865726749 6.338336371321142 6.339889136872823 6.343356166079218
 43072 16384 14918.089 14940.023 14990.807 94.14992108163355 94.46995469819558 94.60885345301264 5.884370067602097 5.904372168637224 5.91305334081329
 47376 16384 16403.913 16429.186 16441.107 94.42288575824 94.49139890436446 94.63697887205328 5.90143035989 5.905712431522779 5.91481117950333
 52112 16384 18054.008 18076.897 18082.142 94.43604723378458 94.46344779195233 94.5832092242343 5.902252952111536 5.903965486997021 5.9114505765146435
 57320 16384 19829.988 19845.963 19918.919 94.2953661290555 94.64200653805511 94.71824995557233 5.893460383065968 5.915125408628445 5.919890622223271
 63048 16384 21871.805 21879.911 21879.911 94.42254422332888 94.42254422332888 94.457538552488 5.901409013958055 5.901409013958055 5.9035961595305
 69352 8192 12018.919 12032.986 12059.927 94.21808009285628 94.4290276744276 94.53954785783979 5.888630005803518 5.901814229651725 5.908721741114987
 76280 8192 13234.138 13239.145 13244.867 94.35893316256025 94.39971538947567 94.43543055089798 5.8974333226600155 5.89998221184223 5.9022144094311235
 83904 8192 14563.084 14568.09 14575.958 94.31168338986707 94.36261967080104 94.39505643172834 5.894480211866692 5.897663729425065 5.899691026983021
 92288 8192 16021.967 16029.119 16034.126 94.30177809504553 94.33123504791497 94.37334329798581 5.893861130940346 5.895702190494686 5.898333956124113
 101512 8192 17612.934 17642.975 17649.889 94.23133527921904 94.26826303387043 94.42904901591069 5.88945845495119 5.891766439616902 5.901815563494418
 111656 8192 19403.934 19409.895 19433.975 94.13266735189276 94.24944874766196 94.27840271977837 5.883291709493298 5.890590546728872 5.892400169986148
 122816 8192 21327.019 21352.053 21373.987 94.14328473204368 94.23999387787208 94.35061430760672 5.88395529575273 5.889999617367005 5.89691339422542
 135096 4096 11744.022 11753.798 11811.018 93.70118917776605 94.1573465870351 94.23572537585504 5.856324323610378 5.884834161689693 5.88973283599094
 148600 4096 12969.017 12969.971 12995.958 93.6699856986303 93.85766552600619 93.86456968943753 5.854374106164394 5.866104095375387 5.866535605589846
 163456 4096 14219.046 14257.193 14423.132 92.8391664168365 93.9197184186256 94.1716871863274 5.802447901052282 5.8699824011641 5.885730449145463
 179800 4096 15648.127 15679.121 16196.012 90.9434742330396 93.94159277168663 94.12766141276843 5.683967139564975 5.871349548230414 5.882978838298027
 197776 4096 17250.061 17383.814 17789.841 91.07338238717254 93.20054805004243 93.9232036338886 5.692086399198284 5.825034253127652 5.870200227118038
 217552 4096 18971.92 19744.158 19769.907 90.14640200381318 90.26396486494893 93.93809292891811 5.634150125238324 5.641497804059308 5.871130808057382
 239304 4096 21296.024 21789.074 21832.943 89.78992745045869 89.97070586845498 92.05372646086424 5.611870465653668 5.623169116778437 5.753357903804015
 263232 2048 11993.885 12233.973 12618.065 85.44878093431916 88.13149023624624 89.8956653327925 5.3405488083949475 5.50821813976539 5.6184790832995315
 289552 2048 14024.019 14118.91 14436.96 82.15060455940863 84.00117232845878 84.56955113937025 5.13441278496304 5.250073270528674 5.2855969462106405
 318504 2048 16062.021 16077.995 16266.823 80.19958070484938 81.14148461919535 81.22218144279603 5.012473794053086 5.07134278869971 5.076386340174752
 350352 2048 17982.96 18151.045 18204.927 78.82711048498025 79.06111146768686 79.80008808338562 4.926694405311266 4.9413194667304285 4.987505505211601
 385384 2048 19984.007 20063.162 20267.01 77.8868152727018 78.67816967235774 78.98980739948699 4.867925954543862 4.917385604522359 4.936862962467937
 423920 2048 22095.919 22346.02 22369.146 77.62371974325707 77.70405289174538 78.58357554623548 4.851482483953567 4.856503305734086 4.9114734716397175
 466312 2048 24626.97 24657.965 24759.054 77.14406018905245 77.46032375339976 77.55781373023152 4.821503761815778 4.841270234587485 4.84736335813947
 512936 2048 27134.895 27179.003 27227.879 77.16303778197339 77.30180006970822 77.42745479575285 4.822689861373337 4.831362504356764 4.839215924734553
 564224 1024 14935.97 14951.944 14998.913 77.04096636869617 77.28297751783983 77.36563155924925 4.815060398043511 4.830186094864989 4.835351972453078
 620640 1024 16436.1 16443.968 16586.065 76.63485703209292 77.2970806073084 77.33408290287842 4.789678564505808 4.831067537956775 4.833380181429901
 682704 1024 18076.181 18104.076 18139.839 77.07773988512245 77.23000013919517 77.34918078105105 4.817358742820153 4.826875008699698 4.83432379881569
 750968 1024 19897.938 19900.084 19963.026 77.04154991332476 77.28522472568457 77.2935599658618 4.815096869582797 4.830326545355286 4.830847497866363
 826064 1024 21871.09 21945.0 22059.202 76.69266875565127 77.0917781727045 77.35229803361425 4.793291797228204 4.818236135794031 4.83451862710089
 908664 1024 24054.05 24078.131 24134.874 77.1060114919183 77.28772104446146 77.36509535816214 4.819125718244893 4.8304825652788415 4.8353184598851335
 999528 1024 26440.859 26457.787 26544.094 77.11822238121971 77.36978697424694 77.4193207565609 4.819888898826232 4.835611685890433 4.838707547285056
 1099480 512 14571.905 14580.011 14623.88 76.98829038531498 77.21993625382038 77.26289184564405 4.811768149082186 4.826246015863774 4.828930740352753
 1209424 512 16023.874 16036.987 16086.102 76.98883023370111 77.22461681860814 77.28781292214354 4.811801889606319 4.826538551163009 4.8304883076339715
 1330360 512 17639.875 17640.829 17696.857 76.97912911880341 77.22361800570711 77.22779441464297 4.811195569925213 4.826476125356694 4.826737150915186
 1463392 512 19407.988 19410.133 19473.076 76.95309195116374 77.20263472692329 77.2111672781331 4.809568246947734 4.825164670432706 4.825697954883319
 1609728 512 21335.125 21339.893 21414.042 76.97572798260131 77.24319292510042 77.26045532894697 4.810982998912582 4.827699557818776 4.828778458059186
 1770696 512 23471.117 23478.985 23563.862 76.9480276195812 77.22619627722408 77.25208408274732 4.809251726223825 4.826637267326505 4.828255255171707
 1947760 512 25804.996 25810.957 25891.066 77.0345353876121 77.27362608058276 77.2914764257278 4.814658461725756 4.829601630036422 4.830717276607987
 2142536 256 14220.953 14236.927 14283.18 76.80211493518951 77.0516300322394 77.13817997992118 4.800132183449344 4.815726877014963 4.8211362487450735
 2356784 256 15655.041 15667.915 15712.976 76.79470827168576 77.01557022743611 77.07890436058264 4.79966926698036 4.813473139214757 4.817431522536415
 2592456 256 17226.934 17229.08 17282.963 76.80034216355148 77.04053100920072 77.05012813075152 4.800021385221967 4.815033188075045 4.81563300817197
 2851696 256 18947.124 18948.793 19006.014 76.82138674632147 77.05336967900804 77.0601570982488 4.801336671645092 4.815835604938003 4.81625981864055
 3136864 256 20836.115 20837.069 20900.965 76.84211556739126 77.07774869872533 77.0812777717919 4.802632222961954 4.817359293670333 4.817579860736994
 3450544 256 22919.178 22927.046 22998.095 76.81847248652551 77.0565265145802 77.08297950301709 4.801154530407844 4.816032907161262 4.817686218938568
 3795592 256 25211.096 25216.818 25292.873 76.8336243968805 77.0653578893261 77.08284891700066 4.802101524805031 4.816584868082881 4.817678057312541
 4175144 256 27725.935 27729.988 27809.858 76.86748087674522 77.08888038465794 77.10014930064577 4.804217554796576 4.818055024041121 4.8187593312903605
 4592656 128 15345.097 15353.203 15399.933 76.34578254333962 76.57815349670032 76.61860566928966 4.7716114089587265 4.78613459354377 4.788662854330604
 5051920 128 16885.042 16933.918 16958.952 76.26010852557397 76.3728464965993 76.59391785936924 4.766256782848373 4.773302906037456 4.787119866210578
 5557112 128 18569.946 18576.145 18631.935 76.35388766652524 76.5832023813337 76.60876730605463 4.772117979157827 4.786450148833357 4.788047956628414
 6112816 128 20425.081 20434.856 20488.024 76.38027444715996 76.57900285668761 76.61565190365708 4.773767152947498 4.7861876785429756 4.788478243978568
 6724096 128 22477.865 22535.086 22652.149 75.99140267000716 76.38615517154005 76.58060834514309 4.749462666875448 4.774134698221253 4.786288021571443
 7396504 128 24717.093 24719.0 24785.995 76.3941501642359 76.60119843035721 76.60710844920152 4.7746343852647435 4.787574901897326 4.787944278075095
 8136152 128 27190.924 27192.116 27269.125 76.38143548793737 76.59775031851144 76.60110822272904 4.773839717996085 4.787359394906965 4.787569263920565
 8949760 64 15149.117 15153.885 15267.134 75.03499216028365 75.59574854896945 75.61954138977208 4.689687010017728 4.724734284310591 4.726221336860755
 9844736 64 16660.929 16664.982 16710.043 75.41130851668065 75.61521566599953 75.6336101066153 4.7132067822925405 4.7259509791249705 4.727100631663456
 10829208 64 18328.19 18334.15 18370.152 75.4560236627329 75.60419348592653 75.62877861916535 4.7160014789208065 4.725262092870408 4.726798663697834
 11912128 64 20153.046 20156.145 20211.935 75.43821925016086 75.64702397209386 75.65865646314707 4.7148887031350535 4.727938998255866 4.728666028946692
 13103336 64 22168.875 22176.027 22229.91 75.44911373910196 75.63243893958102 75.65683905926664 4.7155696086938725 4.727027433723814 4.728552441204165
 14413664 64 24389.982 24391.174 24454.117 75.44533266116295 75.64002421531657 75.6437209342754 4.715333291322684 4.727501513457286 4.727732558392212
 15855024 64 26829.958 26838.064 26890.993 75.46924994551149 75.61808750437439 75.640933616072 4.716828121594468 4.726130469023399 4.7275583510045
 17440520 32 15132.904 15287.876 15331.984 72.80162045564359 73.01166492977835 73.75935775446669 4.550101278477724 4.563229058111147 4.609959859654168
 19184568 32 16817.093 16824.007 17503.977 70.14476492970711 72.97978133271104 73.00978546054301 4.384047808106694 4.56123633329444 4.563111591283938
 21103024 32 21610.022 21795.988 24351.835 55.46167407918131 61.96523580394704 62.49848038100101 3.4663546299488317 3.87282723774669 3.906155023812563
 23213320 32 31451.941 32437.086 32550.097 45.64202926952875 45.80104637019491 47.23563738085354 2.852626829345547 2.862565398137182 2.952227336303346
 25534648 32 38515.091 38697.004 38784.027 42.13635350449813 42.23111101831036 42.43057538147839 2.6335220940311332 2.6394444386443974 2.6519109613423995
 28088112 32 43951.035 44083.118 44336.796 40.54508512523096 40.77840337881725 40.90095188884629 2.534067820326935 2.5486502111760783 2.5563094930528933
 30896920 32 48039.198 48871.04 48905.849 40.43285047561489 40.46164927122484 41.162279187092174 2.5270531547259307 2.5288530794515527 2.572642449193261
 33986608 16 28800.011 28809.071 28891.802 37.642908393183646 37.75100752120748 37.76288335445428 2.352681774573978 2.3594379700754673 2.3601802096533926
 37385264 16 31975.031 31990.051 32050.133 37.32678575780013 37.39689092711981 37.41445779990018 2.332924109862508 2.3373056829449883 2.338403612493761
 41123784 16 35277.128 35397.053 35573.959 36.99225852258951 37.177136978041645 37.30352108028749 2.3120161576618443 2.323571061127603 2.331470067517968
 45236160 16 39133.787 39271.116 39323.807 36.811215150150645 36.86060564207037 36.98995755253638 2.3007009468844153 2.303787852629398 2.311872347033524
 49759776 16 42634.01 42836.905 42937.994 37.08400611355994 37.17151909084001 37.34841812909459 2.317750382097496 2.3232199431775005 2.334276133068412
 54735752 16 47285.08 47291.04 47866.106 36.59257479603626 37.037545886070596 37.04221424601587 2.2870359247522662 2.3148466178794123 2.3151383903759917
 60209320 16 51819.086 51958.084 52160.978 36.93754054994904 37.08177999789214 37.18124707950271 2.308596284371815 2.317611249868259 2.3238279424689194
 66230248 16 57414.055 57560.921 58266.163 36.373906000983794 36.81956263347489 36.913747618070175 2.273369125061487 2.3012226645921805 2.307109226129386
 72853272 8 35696.983 35696.983 35923.004 32.448632413926184 32.65408597695777 32.65408597695777 2.0280395258703865 2.0408803735598604 2.0408803735598604
 80138592 8 39077.044 39077.044 39347.172 32.587284087405315 32.812550304470314 32.812550304470314 2.036705255462832 2.0507843940293946 2.0507843940293946
 88152448 8 43107.033 43168.068 43205.976 32.644538986921624 32.673205759405306 32.719467563448404 2.0402836866826015 2.0420753599628316 2.0449667227155253
 96967688 8 47536.135 47558.069 47563.076 32.619484240253925 32.62291847888105 32.63797126123106 2.0387177650158703 2.0389324049300654 2.039873203826941
 106664456 8 52218.914 52289.009 52444.935 32.54139405454502 32.6384326006255 32.682244138589326 2.033837128409064 2.0399020375390937 2.042640258661833
 117330896 8 57461.023 57519.197 57528.973 32.63215451456087 32.63770069669088 32.67074336633373 2.039509657160054 2.03985629354318 2.041921460395858
 129063984 8 63113.213 63529.015 63603.878 32.46694712545672 32.505206384830615 32.7193569435294 2.029184195341045 2.0315753990519134 2.0449598089705874
 141970376 4 42924.166 43062.925 43076.038 26.366468708194567 26.374497505684996 26.45975714472822 1.6479042942621605 1.6484060941053122 1.6537348215455137
 156167408 4 47243.118 47332.048 47548.056 26.27529638646005 26.39520825297904 26.44489434418787 1.642206024153753 1.64970051581119 1.6528058965117418
 171784144 4 52062.035 52150.965 53424.835 25.723488935436116 26.351825934572833 26.396838924947897 1.6077180584647572 1.646989120910802 1.6498024328092435
 188962552 4 57248.116 57322.025 57323.933 26.371191523093852 26.372069304948667 26.406116421368345 1.6481994701933658 1.6482543315592917 1.6503822763355216
 207858800 4 62990.904 63039.064 63231.945 26.297947975505107 26.378411963730937 26.39857970604772 1.6436217484690692 1.6486507477331835 1.6499112316279825
 228644680 4 69149.971 69227.219 69386.005 26.36205154050878 26.42251799830353 26.45203480996398 1.6476282212817988 1.6514073748939706 1.6532521756227487
 251509144 4 76145.172 76308.012 76360.941 26.349507033969108 26.367783660777324 26.42417239532928 1.6468441896230692 1.6479864787985827 1.65151077470808
 276660056 2 57897.091 57932.854 58535.814 18.90535295195519 19.102118186685573 19.113917554165198 1.1815845594971994 1.1938823866678483 1.1946198471353249
 304326056 2 63789.129 63805.103 63828.945 19.071351155811836 19.07847753180494 19.0832551421105 1.1919594472382398 1.1924048457378087 1.1927034463819062
 334758656 2 70263.147 70270.061 70320.845 19.041788021745184 19.055549475045996 19.057424569952722 1.190111751359074 1.1909718421903748 1.1910890356220452
 368234520 2 77138.901 77252.15 77345.133 19.043707378459096 19.0666289546634 19.094621013592093 1.1902317111536935 1.1916643096664625 1.1934138133495058
 405057968 2 84926.128 85013.151 85024.118 19.056144422456697 19.05860273312302 19.07813190305815 1.1910090264035436 1.1911626708201888 1.1923832439411344
 445563760 2 93304.157 93462.944 93486.071 19.064391314509304 19.069108715428435 19.10156093045243 1.1915244571568315 1.1918192947142772 1.1938475581532768
 490120136 2 102381.945 102458.954 102602.005 19.10762410539638 19.134301761464403 19.14869407882415 1.1942265065872737 1.1958938600915252 1.1967933799265094
 539132144 1 56416.035 56505.203 56667.089 19.028051502698506 19.082566396584753 19.112727223740553 1.1892532189186567 1.192660399786547 1.1945454514837845
 593045352 1 62183.142 62189.817 62229.156 19.060048058501707 19.07210474666616 19.07415202660554 1.1912530036563567 1.192006546666635 1.1921345016628462
 652349880 1 68202.972 68403.959 68459.988 19.057843831348613 19.07345392099308 19.129661387776476 1.1911152394592883 1.1920908700620676 1.1956038367360298
 717584864 1 75078.964 75196.981 75445.89 19.02250378383766 19.085470040346433 19.115470586408193 1.1889064864898538 1.192841877521652 1.194716911650512
 789343344 1 82682.133 82809.21 82818.031 19.062113273376422 19.06414380719246 19.0934441422792 1.1913820795860264 1.1915089879495286 1.19334025889245
 868277672 1 91224.194 91533.899 91907.978 18.89450058405158 18.97171827018971 19.03612701691834 1.1809062865032238 1.185732391886857 1.1897579385573962
 955105432 1 100018.978 100068.092 100113.869 19.080381999820624 19.08911048288999 19.098484129681868 1.192523874988789 1.1930694051806243 1.1936552581051167
 1050615968 1 110102.892 110233.068 110694.885 18.98219539231646 19.061720535620037 19.084257441666473 1.1863872120197787 1.1913575334762523 1.1927660901041546
 
META_DATA
 FLOPS          1
 ERT_VERSION  1.1.0
 HOSTNAME  ('graoully-2.nancy.grid5000.fr', [], ['172.16.70.2'])
 UNAME  uname_result(system='Linux', node='graoully-2.nancy.grid5000.fr', release='4.19.0-14-amd64', version='#1 SMP Debian 4.19.171-2 (2021-01-30)', machine='x86_64', processor='')
 TIMESTAMP_DATA  1615579874.469395
 CONFIG  {'ERT_RESULTS': ['Results.graoully.01'], 'ERT_DRIVER': ['driver1'], 'ERT_KERNEL': ['kernel1'], 'ERT_OPENMP': ['False'], 'ERT_FLOPS': ['1,2,4,8,16,32'], 'ERT_ALIGN': ['64'], 'ERT_CC': ['g++'], 'ERT_CFLAGS': ['-O3', '-march=native'], 'ERT_LD': ['g++'], 'ERT_LDFLAGS': [], 'ERT_LDLIBS': [], 'ERT_PRECISION': ['FP64'], 'ERT_RUN': ['ERT_CODE'], 'ERT_NUM_EXPERIMENTS': ['3'], 'ERT_MEMORY_MAX': ['1073741824'], 'ERT_WORKING_SET_MIN': ['1'], 'ERT_TRIALS_MIN': ['1'], 'ERT_GNUPLOT': ['gnuplo'], 'ERT_MPI': [False], 'ERT_GPU': [False], 'ERT_HIP': [False], 'ERT_OCL': [False], 'ERT_SYCL': [False], 'ERT_WSS_MULT': [1.1]}
 TIMESTAMP_DATA  1615579907.2378292
 TIMESTAMP_DATA  1615579939.9441884
 