fp64
 8 134217728 273138.046 273509.979 274878.979 7.812469530454711 7.851573298537675 7.862264812423826 0.9765586913068389 0.9814466623172093 0.9827831015529782
 16 67108864 136363.029 136364.937 136383.057 15.745970908981752 15.748063213639737 15.748283561521651 1.968246363622719 1.9685079017049671 1.9685354451902064
 24 33554432 68186.045 68187.952 68233.013 23.6045964436599 23.620195192253313 23.62085579241324 2.9505745554574876 2.952524399031664 2.952606974051655
 32 33554432 68185.091 68186.045 68201.065 31.487538325098 31.494474389884324 31.49491503941822 3.93594229063725 3.9368092987355405 3.9368643799272776
 40 16777216 34090.996 34090.996 34103.155 39.3563962043981 39.37043317830902 39.37043317830902 4.919549525549763 4.921304147288628 4.921304147288628
 48 16777216 34328.938 34377.098 34726.858 46.37945465725693 46.85132921923777 46.91705685739535 5.797431832157116 5.856416152404721 5.864632107174419
 56 16777216 34092.188 34123.898 34235.954 54.88522948710587 55.06546151321868 55.11667928148231 6.860653685888233 6.883182689152335 6.889584910185289
 64 16777216 39335.012 39335.966 39340.019 54.5877633663573 54.59338784256627 54.59471190704098 6.823470420794663 6.824173480320784 6.824338988380123
 72 8388608 17797.947 18244.028 18346.071 65.8429563474381 66.21123098473649 67.87072419082942 8.230369543429763 8.276403873092061 8.483840523853678
 80 8388608 22289.991 22292.852 22293.806 60.204044118801434 60.20662048983235 60.21434822472561 7.525505514850179 7.525827561229044 7.5267935280907015
 88 8388608 23813.963 23817.062 24028.063 61.44461199390063 61.988964381920816 61.99703123751389 7.680576499237579 7.748620547740102 7.749628904689236
 96 8388608 25112.152 25318.146 25413.99 63.37504406037777 63.6149556922533 64.13678668399268 7.921880507547221 7.951869461531662 8.017098335499085
 104 8388608 27586.937 28012.991 28119.087 62.05146219719012 62.286475014396 63.24843037122969 7.756432774648765 7.7858093767995 7.906053796403711
 112 8388608 29186.01 29438.019 29672.146 63.32700681642642 63.830660344366244 64.3818114226645 7.915875852053302 7.9788325430457805 8.047726427833062
 120 8388608 31471.014 31950.951 32115.936 62.687443392588634 63.01114229745462 63.97207029935546 7.835930424073579 7.876392787181827 7.996508787419432
 128 8388608 33179.045 33555.031 34158.945 62.86738797114489 63.99885751856405 64.7240946205655 7.858423496393112 7.999857189820506 8.090511827570687
 136 4194304 17705.917 18060.923 18212.08 62.64252562035747 63.16679872894647 64.43330147769245 7.8303157025446835 7.8958498411183085 8.054162684711557
 144 4194304 18358.946 18728.971 18872.023 64.00795251256316 64.49684566226303 65.79678114418986 8.000994064070396 8.062105707782878 8.224597643023733
 152 4194304 19804.955 20000.935 20026.922 63.66771768522393 63.750440466908174 64.38128316878276 7.958464710652991 7.968805058363522 8.047660396097845
 160 4194304 20503.998 20648.956 20735.025 64.72995716185537 64.9997646370112 65.45929627968165 8.09124464523192 8.1249705796264 8.182412034960207
 176 4194304 22922.993 22946.119 22948.98 64.3337964475981 64.34181780369919 64.40672943537521 8.041724555949763 8.042727225462398 8.050841179421901
 192 4194304 24394.989 24511.814 24574.041 65.54122441644823 65.70761086878352 66.02227760791365 8.192653052056029 8.21345135859794 8.252784700989206
 208 4194304 26504.993 26628.971 26915.073 64.82726106668929 65.52376597653736 65.83025560504771 8.103407633336161 8.19047074706717 8.228781950630964
 224 4194304 28419.018 28754.95 28755.903 65.3447812784735 65.34694694304807 66.11939202121621 8.168097659809188 8.168368367881008 8.264924002652027
 240 4194304 30671.12 30856.133 30873.06 65.21109083453341 65.24686421334779 65.64044351820213 8.151386354316676 8.155858026668474 8.205055439775267
 264 2097152 16938.925 16992.092 17019.033 65.06223097399247 65.16538728721572 65.36992495096352 8.132778871749059 8.145673410901965 8.17124061887044
 288 2097152 18172.979 18229.961 18394.947 65.66800937235644 66.26232233848444 66.47009012666553 8.208501171544555 8.282790292310555 8.30876126583319
 312 2097152 19860.029 19994.974 19999.027 65.43432577994919 65.447589379211 65.89229290652094 8.179290722493649 8.180948672401374 8.236536613315117
 336 2097152 21132.946 21306.992 21307.945 66.138998575414 66.14195678113552 66.68668646576772 8.26737482192675 8.26774459764194 8.335835808220965
 368 2097152 23127.079 23149.967 23293.018 66.26465801898235 66.67412839076617 66.74011326722237 8.283082252372793 8.334266048845771 8.342514158402796
 400 2097152 25219.917 25271.893 25272.131 66.38623391118065 66.38685910865482 66.52367650535884 8.298279238897582 8.298357388581852 8.315459563169854
 440 2097152 27767.897 27866.125 27867.079 66.2248727252684 66.22713994141633 66.46141621743988 8.27810909065855 8.27839249267704 8.307677027179984
 480 2097152 30051.947 30114.889 30116.081 66.85019607962934 66.85284212736099 66.992861394305 8.356274509953668 8.356605265920123 8.374107674288124
 528 1048576 16552.925 16554.832 16555.071 66.88562410877005 66.88658972800208 66.89429547949985 8.360703013596256 8.36082371600026 8.36178693493748
 576 1048576 17995.119 18028.975 18029.213 67.00012651689234 67.00101098370817 67.12706662289924 8.375015814611542 8.375126372963521 8.390883327862404
 632 1048576 21473.169 21563.053 26110.888 50.760436182790876 61.46625266839534 61.72354271509715 6.3450545228488595 7.683281583549418 7.715442839387144
 688 1048576 23602.962 23603.916 23606.062 61.12161257561723 61.12716957643807 61.12964025447315 7.640201571952153 7.640896197054759 7.641205031809144
 752 1048576 25240.898 25243.044 25310.04 62.30959350518607 62.474965539021355 62.48027720725308 7.788699188148259 7.809370692377669 7.810034650906635
 824 1048576 26059.866 26060.104 26060.82 66.30847563507211 66.31029745698635 66.31090305683075 8.288559454384014 8.288787182123293 8.288862882103844
 904 1048576 28028.011 28071.88 28077.841 67.52034132538896 67.53467911661065 67.64038332937717 8.44004266567362 8.44183488957633 8.455047916172147
 992 1048576 30980.11 30980.11 30995.131 67.11940607703835 67.15194955731273 67.15194955731273 8.389925759629794 8.393993694664092 8.393993694664092
 1088 524288 16717.196 16718.149 16721.01 68.22857518774285 68.24025123833984 68.24414142180304 8.528571898467856 8.53003140479248 8.53051767772538
 1192 524288 17455.816 17458.916 17466.068 71.56176146800757 71.59107655939233 71.60379050741598 8.945220183500947 8.948884569924042 8.950473813426997
 1304 524288 18848.181 18848.896 18905.878 72.32370292456133 72.54234433677176 72.54509620848822 9.040462865570166 9.06779304209647 9.068137026061027
 1432 524288 20326.853 20343.065 20419.121 73.53699662194079 73.81192716043527 73.87079701909587 9.192124577742598 9.22649089505441 9.233849627386984
 1568 524288 22454.977 22456.169 22465.944 73.18486897323345 73.21672579147405 73.22061242814901 9.148108621654181 9.152090723934256 9.152576553518626
 1720 524288 23766.994 23775.816 23846.865 75.63051663185077 75.85652244280492 75.88467940034823 9.453814578981346 9.482065305350615 9.48558492504353
 1888 524288 26222.944 26255.846 26269.913 75.36041280380334 75.40078838061434 75.49539395729175 9.420051600475418 9.425098547576793 9.43692424466147
 2072 262144 14014.006 14018.059 14019.966 77.4841205749001 77.49466142209845 77.5170737046923 9.685515071862513 9.686832677762306 9.689634213086537
 2272 262144 15407.085 15408.039 15408.039 77.30914595945661 77.30914595945661 77.31393290813935 9.663643244932077 9.663643244932077 9.664241613517419
 2496 262144 16716.957 16717.911 16734.123 78.20086227404926 78.27669665187236 78.281163730935 9.775107784256157 9.784587081484045 9.785145466366876
 2744 262144 18028.975 18030.882 18031.12 79.78685028994317 79.78790344254928 79.79634294240243 9.973356286242897 9.97348793031866 9.974542867800304
 3016 262144 19668.102 19668.818 19670.01 80.3890088515461 80.39388071006607 80.39680737876995 10.048626106443262 10.049235088758259 10.049600922346244
 3312 262144 21633.863 21641.97 21718.025 79.9539486670634 80.23492574844157 80.26499271073317 9.994243583382925 10.029365718555196 10.033124088841646
 3640 262144 23355.961 23356.915 23357.153 81.70551950402518 81.70635205890845 81.70968944502006 10.213189938003147 10.213294007363556 10.213711180627508
 4000 262144 25735.855 25736.094 25748.968 81.44606028482384 81.48680215420413 81.48755889400216 10.18075753560298 10.185850269275516 10.18594486175027
 4400 131072 14055.014 14055.014 14097.929 81.81581847943765 82.06563152480675 82.06563152480675 10.226977309929707 10.258203940600843 10.258203940600843
 4840 131072 15283.823 15284.061 15285.015 83.0078976042876 83.01307878841887 83.01437146975597 10.37598720053595 10.376634848552358 10.376796433719496
 5320 131072 16718.149 16720.057 16720.057 83.40917019601069 83.40917019601069 83.41868947333822 10.426146274501336 10.426146274501336 10.427336184167277
 5848 131072 18277.884 18278.122 18278.837 83.86847106301128 83.87175181345216 83.87284392438426 10.48355888287641 10.48396897668152 10.484105490548032
 6432 131072 20119.905 20128.012 20135.88 83.73660391301497 83.76933638553079 83.80308992512639 10.467075489126872 10.471167048191349 10.475386240640798
 7072 131072 22043.943 22043.943 22047.043 84.08757437448641 84.09939945861773 84.09939945861773 10.510946796810801 10.512424932327216 10.512424932327216
 7776 131072 24148.941 24148.941 24279.833 83.95575636784652 84.41081304559069 84.41081304559069 10.494469545980815 10.551351630698836 10.551351630698836
 8552 65536 13173.103 13174.057 13175.011 85.07983363353549 85.08599469396557 85.0921566467673 10.634979204191936 10.635749336745697 10.636519580845912
 9400 65536 14443.874 14444.113 14444.828 85.29535969552562 85.2995819127142 85.30099334846038 10.661919961940702 10.662447739089275 10.662624168557548
 10336 65536 15898.943 15899.181 15980.005 84.77845857995665 85.20943261165465 85.21070815839771 10.597307322494581 10.651179076456831 10.651338519799713
 11368 65536 17394.066 17395.973 17395.973 85.65353004399351 85.65353004399351 85.66292067651118 10.706691255499189 10.706691255499189 10.707865084563897
 12504 65536 19076.109 19094.944 19101.858 85.79920801421515 85.83027465280861 85.91502009136138 10.724901001776894 10.728784331601076 10.739377511420173
 13752 65536 20937.92 20939.112 20942.211 86.07028856695217 86.08302701661847 86.08792774067338 10.758786070869022 10.76037837707731 10.760990967584172
 15120 65536 23051.977 23061.991 23063.183 85.92953713284068 85.93397855371637 85.97130909856452 10.741192141605085 10.741747319214547 10.746413637320565
 16632 32768 12619.972 12621.88 12622.118 86.35593107274072 86.35755941270239 86.37061571927417 10.79449138409259 10.794694926587798 10.796326964909271
 18288 32768 13890.028 13890.982 13892.174 86.2732044674937 86.2806076633027 86.28653361965864 10.784150558436712 10.785075957912838 10.78581670245733
 20112 32768 15252.829 15253.067 15262.842 86.35744457028383 86.412787146349 86.41413550233862 10.794680571285479 10.801598393293625 10.801766937792328
 22120 32768 16729.116 16729.832 16730.07 86.64974623537141 86.65097892196408 86.65468755193041 10.831218279421426 10.83137236524551 10.831835943991301
 24328 32768 18378.019 18378.019 18381.119 86.73899603174324 86.75362714555907 86.75362714555907 10.842374503967905 10.844203393194883 10.844203393194883
 26760 32768 20194.054 20201.921 20210.981 86.7718078602914 86.81072260405337 86.84454146750326 10.846475982536425 10.851340325506671 10.855567683437908
 29432 32768 22192.955 22206.068 22403.002 86.09808417639742 86.86164304279353 86.9129663895592 10.762260522049678 10.857705380349191 10.8641207986949
 32368 32768 24404.049 24405.956 24416.924 86.87700580138596 86.91604819741542 86.92284005822148 10.859625725173245 10.864506024676928 10.865355007277685
 35600 16384 13659.954 13660.908 13705.015 85.1178054164844 85.39262543895325 85.39858918997824 10.63972567706055 10.674078179869156 10.67482364874728
 39160 16384 15215.874 15233.04 15256.882 84.10597132494044 84.23760982706011 84.33264365885259 10.513246415617555 10.529701228382514 10.541580457356574
 43072 16384 16942.024 16942.978 17046.213 82.79746920914339 83.30196120186193 83.30665190888644 10.349683651142923 10.412745150232741 10.413331488610805
 47376 16384 18606.901 18608.809 18635.988 83.30209098653637 83.42375742585138 83.43231191481053 10.412761373317046 10.427969678231422 10.429038989351316
 52112 16384 20465.851 20497.084 20517.111 83.22838512693136 83.30970473653716 83.43684394066975 10.40354814086642 10.413713092067145 10.429605492583718
 57320 16384 22518.873 22644.997 22909.88 81.98479258730295 82.94378488988097 83.40833753092352 10.248099073412869 10.367973111235122 10.42604219136544
 63048 16384 24713.993 24719.954 24772.882 83.39590298779123 83.57446231493795 83.59462042414594 10.424487873473904 10.446807789367243 10.449327553018243
 69352 8192 13595.104 13617.039 13696.194 82.96196505394126 83.44421779213528 83.57885073920728 10.370245631742657 10.43052722401691 10.44735634240091
 76280 8192 14979.124 14983.892 15079.021 82.88147619132567 83.40767004994429 83.43421951777687 10.36018452391571 10.425958756243036 10.429277439722108
 83904 8192 16465.902 16465.902 16490.936 83.35992183827527 83.48665842903718 83.48665842903718 10.419990229784409 10.435832303629647 10.435832303629647
 92288 8192 18126.965 18136.978 18145.084 83.33092268958359 83.36816596458353 83.4142169966125 10.416365336197948 10.42102074557294 10.426777124576562
 101512 8192 19906.044 19932.985 19933.939 83.43421779308144 83.43821098545953 83.5511369310748 10.42927722413518 10.429776373182442 10.44389211638435
 111656 8192 21898.985 21905.184 21927.118 83.42965564375584 83.51319505008495 83.53683533734555 10.42870695546948 10.439149381260618 10.442104417168194
 122816 8192 24097.919 24116.039 24155.855 83.30143329639958 83.43896541218896 83.5017058526921 10.412679162049947 10.42987067652362 10.437713231586512
 135096 4096 13263.941 13273.001 13314.962 83.11750585544293 83.38027187672178 83.43722518066085 10.389688231930366 10.422533984590222 10.429653147582606
 148600 4096 14588.118 14596.939 14599.8 83.37999150673298 83.39633398481696 83.4467612614595 10.422498938341622 10.42454174810212 10.430845157682437
 163456 4096 16041.04 16073.942 16330.004 81.99823784488967 83.30449070924854 83.47535770748031 10.249779730611209 10.413061338656068 10.43441971343504
 179800 4096 17659.903 17678.976 18664.837 78.91424929132786 83.3148707255443 83.40485222370702 9.864281161415983 10.414358840693037 10.425606527963378
 197776 4096 19429.922 19679.07 20520.926 78.95262582205112 82.33016052079698 83.38587216150431 9.86907822775639 10.291270065099622 10.423234020188039
 217552 4096 21393.061 21750.212 22876.978 77.90303352129814 81.93878680354933 83.30673128076435 9.737879190162268 10.242348350443667 10.413341410095544
 239304 4096 23639.917 24623.871 25423.05 77.11027465233322 79.61292389811497 82.926618058769 9.638784331541652 9.951615487264371 10.365827257346124
 263232 2048 13530.016 13998.985 14392.853 74.91206031215633 77.01974621731505 79.68935676055374 9.364007539019541 9.62746827716438 9.961169595069217
 289552 2048 15487.909 16060.114 16175.032 73.32319293093207 73.847856372626 76.57618546183349 9.165399116366508 9.23098204657825 9.572023182729186
 318504 2048 17598.867 17951.012 17976.046 72.57393444587314 72.67514410886696 74.12933934894787 9.071741805734142 9.08439301360837 9.266167418618483
 350352 2048 19486.904 19738.913 19812.107 72.43256822709468 72.70115593497981 73.64134354025659 9.054071028386835 9.087644491872476 9.205167942532073
 385384 2048 21960.02 22040.129 22103.071 71.41690238428859 71.62085412476488 71.88212324032492 8.927112798036074 8.95260676559561 8.985265405040614
 423920 2048 24411.917 24441.957 24959.087 69.56890370228687 71.04080577508586 71.12822479283376 8.69611296278586 8.880100721885732 8.89102809910422
 466312 2048 27184.01 27223.11 27501.822 69.45045139191141 70.16148970488676 70.26240617186353 8.681306423988927 8.770186213110845 8.782800771482941
 512936 2048 30188.084 30254.126 35024.166 59.986749034937766 69.44460586962585 69.59652874955562 7.498343629367221 8.68057573370323 8.699566093694452
 564224 1024 16612.053 16638.041 16651.869 69.3934567945496 69.45113021418807 69.55977999829402 8.6741820993187 8.681391276773509 8.694972499786752
 620640 1024 18306.971 18306.971 18332.005 69.33615390133266 69.43096812684085 69.43096812684085 8.667019237666583 8.678871015855107 8.678871015855107
 682704 1024 20140.886 20141.125 20144.939 69.40590845174563 69.41905141842872 69.41987517331661 8.675738556468204 8.67738142730359 8.677484396664576
 750968 1024 22145.987 22146.94 22150.04 69.43474883115336 69.4444679039181 69.44745628180851 8.67934360389417 8.680558487989762 8.680932035226064
 826064 1024 24364.948 24369.001 24370.909 69.41797173014761 69.42340689304416 69.43495516592114 8.677246466268452 8.67792586163052 8.679369395740142
 908664 1024 26803.017 26809.931 26811.123 69.40939668957544 69.41248271023152 69.43038807907334 8.67617458619693 8.67656033877894 8.678798509884167
 999528 1024 29477.835 29481.173 29495.955 69.40047691285126 69.43527464120915 69.44313732674058 8.675059614106408 8.679409330151143 8.680392165842573
 1099480 512 16240.835 16263.008 16289.949 69.11424461795428 69.22873800467909 69.32325339183608 8.639280577244286 8.653592250584886 8.66540667397951
 1209424 512 17858.982 17860.889 17900.944 69.18351210975243 69.33866371377148 69.34606776578866 8.647939013719053 8.667332964221435 8.668258470723583
 1330360 512 19663.095 19689.083 19726.038 69.06042865779737 69.19005014098423 69.28149612255852 8.632553582224672 8.648756267623028 8.660187015319815
 1463392 512 21604.061 21615.028 21617.174 69.32050452108125 69.32738685325783 69.36257993346713 8.665063065135156 8.66592335665723 8.670322491683391
 1609728 512 23764.133 23768.902 23788.929 69.29111739330509 69.34950011573947 69.36341721366396 8.661389674163136 8.668687514467434 8.670427151707996
 1770696 512 26142.12 26150.227 26163.101 69.3034324944891 69.33755121896266 69.35905366511975 8.662929061811138 8.667193902370332 8.669881708139968
 1947760 512 28767.109 28779.984 28802.872 69.24678344576193 69.30185367719453 69.3328703972304 8.655847930720242 8.662731709649316 8.6666087996538
 2142536 256 15867.949 15871.048 15879.154 69.08292671007537 69.11821021522964 69.13170895621104 8.635365838759421 8.639776276903705 8.64146361952638
 2356784 256 17450.094 17458.2 17468.929 69.07540857255759 69.11785911491448 69.14996606895069 8.634426071569699 8.63973238936431 8.643745758618836
 2592456 256 19196.987 19203.901 19209.146 69.09924428707033 69.1181167826266 69.14301041095666 8.637405535883792 8.639764597828325 8.642876301369583
 2851696 256 21114.111 21121.025 21125.078 69.11540643778923 69.12866927623067 69.15130606256639 8.639425804723654 8.641083659528833 8.643913257820799
 3136864 256 23226.023 23234.129 23241.043 69.10508999101287 69.12565424768022 69.14977945212574 8.63813624887661 8.640706780960027 8.643722431515718
 3450544 256 25547.981 25655.985 25696.039 68.75295169033639 68.86028846680414 69.15139509458692 8.594118961292049 8.607536058350517 8.643924386823365
 3795592 256 28104.067 28109.074 28121.948 69.10414257220019 69.1357923779346 69.14810956008608 8.638017821525024 8.641974047241826 8.64351369501076
 4175144 256 30912.876 30934.095 31004.906 68.94630572335876 69.10413018386348 69.15156415727868 8.618288215419845 8.638016272982934 8.643945519659836
 4592656 128 17108.917 17115.831 17119.884 68.67569523251443 68.69195752166517 68.7197170925547 8.584461904064304 8.586494690208147 8.589964636569338
 5051920 128 18818.855 18826.008 18833.876 68.66836757340867 68.69706631379312 68.72317789791143 8.583545946676084 8.58713328922414 8.590397237238928
 5557112 128 20702.124 20709.991 20735.979 68.60639046750579 68.69248142116527 68.71858520410757 8.575798808438224 8.586560177645659 8.589823150513446
 6112816 128 22775.173 22781.849 22789.001 68.66825342629105 68.689810734853 68.70994551830627 8.58353167828638 8.586226341856625 8.588743189788284
 6724096 128 25055.885 25057.077 25066.137 68.67306980728623 68.6979002379248 68.70116844805122 8.584133725910778 8.5872375297406 8.587646056006403
 7396504 128 27555.943 27563.81 27566.91 68.68760495826336 68.69532999973515 68.71494196369909 8.58595061978292 8.586916249966894 8.589367745462386
 8136152 128 30313.969 30319.929 30326.843 68.68024185702416 68.69590334462855 68.70940957945824 8.58503023212802 8.586987918078568 8.58867619743228
 8949760 64 16879.082 16883.135 16892.195 67.81648447700255 67.85287685018216 67.86916966218897 8.477060559625318 8.48160960627277 8.48364620777362
 9844736 64 18568.039 18575.907 18592.119 67.7774388169525 67.83659112849779 67.86533612946418 8.472179852119062 8.479573891062223 8.483167016183023
 10829208 64 20427.942 20436.049 20439.863 67.81545571024618 67.82811217569503 67.85503033051495 8.476931963780773 8.478514021961878 8.481878791314369
 11912128 64 22470.951 22475.004 22483.11 67.81768109483073 67.84214071775025 67.85437714674381 8.477210136853842 8.480267589718782 8.481797143342977
 13103336 64 24714.231 24724.007 24732.828 67.81379824417975 67.83799276549306 67.86482686837394 8.476724780522469 8.479749095686632 8.483103358546742
 14413664 64 27186.871 27197.838 27235.031 67.74176214449692 67.83439889597108 67.86176283397968 8.467720268062115 8.479299861996385 8.48272035424746
 15855024 64 29906.988 29911.995 30073.166 67.48351909473048 67.84713196160938 67.85849086507808 8.43543988684131 8.480891495201172 8.48231135813476
 17440520 32 16860.962 16865.969 16957.045 65.82475189515628 66.1802046475954 66.19985739840942 8.228093986894535 8.272525580949425 8.274982174801178
 19184568 32 18900.156 19021.034 19078.97 64.3542262501592 64.55024222132194 64.96308030473399 8.0442782812699 8.068780277665242 8.120385038091749
 21103024 32 23441.076 24353.981 25991.917 51.962059435631474 55.45678696226297 57.61653330248151 6.495257429453934 6.932098370282871 7.202066662810188
 23213320 32 32671.928 33031.94 33169.031 44.79034916636545 44.97624057200394 45.47183380178849 5.5987936457956815 5.622030071500492 5.6839792252235615
 25534648 32 38498.878 39375.067 39547.92 41.32246327999045 41.50386517437545 42.4484441338784 5.165307909998806 5.187983146796931 5.3060555167348
 28088112 32 44564.009 44655.085 44667.959 40.24448862774321 40.25609105883462 40.338362915239514 5.030561078467901 5.0320113823543275 5.042295364404939
 30896920 32 48881.054 48951.864 49011.946 40.34532479081732 40.394843391459005 40.453360109624484 5.043165598852165 5.049355423932376 5.0566700137030605
 33986608 16 28451.204 28481.007 28532.028 38.11756584565248 38.18584981914439 38.22584998511838 4.76469573070656 4.773231227393048 4.7782312481397975
 37385264 16 31751.871 31817.913 31831.98 37.58259611874599 37.599211739626035 37.677415859997666 4.697824514843249 4.699901467453254 4.709676982499708
 41123784 16 34660.816 35101.891 35125.971 37.4640486949101 37.48974914200491 37.96682363161906 4.683006086863762 4.686218642750614 4.745852953952382
 45236160 16 38836.002 38933.992 39424.896 36.716827864301784 37.179776479123944 37.27358753354683 4.589603483037723 4.647472059890493 4.659198441693354
 49759776 16 42156.935 42693.138 42755.127 37.242617288916016 37.29669231622187 37.771076858410126 4.655327161114502 4.662086539527734 4.721384607301266
 54735752 16 46868.086 46876.907 47077.179 37.20579909853987 37.364753267531064 37.37178565388823 4.650724887317484 4.670594158441383 4.671473206736029
 60209320 16 51535.13 51579.952 51619.053 37.32533101682435 37.35362607549538 37.38611389939251 4.665666377103044 4.669203259436922 4.673264237424064
 66230248 16 56448.936 56492.09 56625.128 37.428046714525756 37.516189186840144 37.544869508257875 4.6785058393157195 4.689523648355018 4.693108688532234
 72853272 8 34363.031 34405.947 34496.784 33.79017452757335 33.87938579339205 33.92169776874455 4.223771815946669 4.234923224174007 4.240212221093069
 80138592 8 37746.906 37771.94 37788.868 33.931089759026385 33.946296430630774 33.968809840997295 4.241386219878298 4.243287053828847 4.246101230124662
 88152448 8 41301.012 41537.046 45113.087 31.264523485169615 33.956174158364554 34.15023263836731 3.908065435646202 4.244521769795569 4.268779079795913
 96967688 8 45722.961 45746.088 45789.003 33.88331054074272 33.915096914953686 33.93225141302637 4.23541381759284 4.239387114369211 4.241531426628296
 106664456 8 50357.819 50372.839 50428.152 33.84282842647099 33.879990286034904 33.89009551823521 4.230353553308873 4.234998785754363 4.236261939779402
 117330896 8 55342.913 55545.807 55554.867 33.79171686253879 33.79722858288835 33.92113342497891 4.223964607817349 4.224653572861044 4.240141678122364
 129063984 8 60718.06 60852.051 60919.046 33.897834578696454 33.93515436316189 34.010041559298834 4.237229322337057 4.2418942953952365 4.251255194912354
 141970376 4 39899.111 39988.041 40041.924 28.364346528403583 28.402566857426205 28.465872535355494 3.545543316050448 3.5503208571782756 3.5582340669194368
 156167408 4 43781.996 43915.033 44102.907 28.327821202352947 28.449011162077458 28.535456994697093 3.5409776502941184 3.556126395259682 3.5669321243371366
 171784144 4 48317.194 48449.993 50351.858 27.293395052075336 28.364775037222397 28.442735147243855 3.411674381509417 3.5455968796527997 3.555341893405482
 188962552 4 53277.016 53310.156 53369.999 28.324909955497656 28.356705915473217 28.37434468927464 3.540613744437207 3.544588239434152 3.54679308615933
 207858800 4 58525.085 58536.053 58641.911 28.356347391202856 28.407627688870654 28.412951472005552 3.544543423900357 3.550953461108832 3.551618934000694
 228644680 4 64187.05 64229.965 64357.996 28.421603432151613 28.478256838533227 28.49729719624129 3.5527004290189517 3.5597821048166534 3.5621621495301614
 251509144 4 70809.841 70849.18 70931.911 28.366261723866433 28.399385172841807 28.415162689039228 3.545782715483304 3.549923146605226 3.5518953361299035
 276660056 2 51539.898 51567.078 51648.14 21.426526182743462 21.46020808082242 21.47152530259179 2.6783157728429328 2.6825260101028023 2.6839406628239737
 304326056 2 56664.944 56820.154 56828.022 21.420844526314852 21.423810713360613 21.482492314825194 2.6776055657893565 2.6779763391700766 2.6853115393531493
 334758656 2 62291.861 62319.04 66035.986 20.277347323927287 21.486765906535144 21.49614094849406 2.534668415490911 2.685845738316893 2.6870176185617574
 368234520 2 68787.813 68895.102 68913.937 21.373587754825266 21.379431008027247 21.412776707990414 2.6716984693531582 2.672428876003406 2.6765970884988017
 405057968 2 75582.027 75707.912 76072.931 21.298402082075686 21.40109044349288 21.436734847029175 2.6623002602594608 2.67513630543661 2.679591855878647
 445563760 2 83022.118 83114.862 83274.841 21.40208277311511 21.443277376794537 21.467231659881282 2.675260346639389 2.680409672099317 2.6834039574851603
 490120136 2 91358.9 91379.881 91516.972 21.422043377921202 21.454181407830898 21.459108461244607 2.6777554222401503 2.6817726759788623 2.682388557655576
 539132144 1 50208.092 50272.942 50385.952 21.40009755099993 21.448203449084 21.475906473402734 2.6750121938749913 2.6810254311355 2.6844883091753418
 593045352 1 55259.228 55300.951 55375.099 21.41920692548107 21.447925985938287 21.464120056110808 2.677400865685134 2.680990748242286 2.683015007013851
 652349880 1 60759.068 60847.998 60869.932 21.43422404348998 21.441950481263166 21.473333988599038 2.6792780054362475 2.680243810157896 2.6841667485748797
 717584864 1 66836.834 67253.113 67534.924 21.250778752634712 21.339825979505214 21.472736545240906 2.656347344079339 2.6674782474381518 2.6840920681551133
 789343344 1 73607.922 73722.839 73796.034 21.39256816972034 21.413807571897763 21.447238899095666 2.6740710212150427 2.6767259464872204 2.6809048623869582
 868277672 1 80884.933 81117.153 81168.89 21.39434633145778 21.407991772097816 21.469453946385784 2.6742932914322224 2.675998971512227 2.683681743298223
 955105432 1 89160.204 89175.94 89200.974 21.414686166991853 21.420697824996292 21.424478391727323 2.6768357708739816 2.6775872281245365 2.6780597989659154
 1050615968 1 97908.02 98073.006 98138.809 21.410815531702653 21.425181318496552 21.4612851531468 2.6763519414628316 2.678147664812069 2.68266064414335
 
META_DATA
 FLOPS          2
 ERT_VERSION  1.1.0
 HOSTNAME  ('graoully-2.nancy.grid5000.fr', [], ['172.16.70.2'])
 UNAME  uname_result(system='Linux', node='graoully-2.nancy.grid5000.fr', release='4.19.0-14-amd64', version='#1 SMP Debian 4.19.171-2 (2021-01-30)', machine='x86_64', processor='')
 TIMESTAMP_DATA  1615574338.3235688
 CONFIG  {'ERT_RESULTS': ['Results.graoully.01'], 'ERT_SPEC_GBYTES_DRAM': ['59.00'], 'ERT_SPEC_GFLOPS': ['51.2'], 'ERT_DRIVER': ['driver1'], 'ERT_KERNEL': ['kernel1'], 'ERT_OPENMP': ['False'], 'ERT_FLOPS': ['1,2,4,8,16'], 'ERT_ALIGN': ['64'], 'ERT_CC': ['g++'], 'ERT_CFLAGS': ['-O3'], 'ERT_LD': ['g++'], 'ERT_LDFLAGS': [], 'ERT_LDLIBS': [], 'ERT_PRECISION': ['FP64'], 'ERT_RUN': ['ERT_CODE'], 'ERT_NUM_EXPERIMENTS': ['3'], 'ERT_MEMORY_MAX': ['1073741824'], 'ERT_WORKING_SET_MIN': ['1'], 'ERT_TRIALS_MIN': ['1'], 'ERT_GNUPLOT': ['gnuplo'], 'ERT_MPI': [False], 'ERT_GPU': [False], 'ERT_HIP': [False], 'ERT_OCL': [False], 'ERT_SYCL': [False], 'ERT_WSS_MULT': [1.1]}
 TIMESTAMP_DATA  1615574369.982728
 TIMESTAMP_DATA  1615574401.6815107
 