fp64
 8 134217728 482929.945 482929.945 482939.005 4.446697462343097 4.446780884544237 4.446780884544237 1.1116743655857741 1.1116952211360593 1.1116952211360593
 16 67108864 241828.918 241883.993 241891.861 8.877866494234794 8.87815527338347 8.880177216853776 2.2194666235586986 2.2195388183458675 2.220044304213444
 24 33554432 121177.912 121191.978 121199.131 13.288979241938625 13.289763584847174 13.291306224190429 3.3222448104846563 3.3224408962117935 3.322826556047607
 32 33554432 125902.891 125903.845 125904.799 17.05640821522617 17.05653745523022 17.05666669719284 4.264102053806543 4.264134363807555 4.26416667429821
 40 16777216 63013.077 63027.859 63028.097 21.294904080635657 21.294984492492443 21.299980002563593 5.323726020158914 5.323746123123111 5.324995000640898
 48 16777216 62952.995 62964.201 62965.155 25.57942938439523 25.579816950269887 25.584370306766186 6.394857346098807 6.394954237567472 6.396092576691546
 56 16777216 63041.925 63063.145 63090.086 29.783573159180666 29.796296902097094 29.806326377248155 7.445893289795166 7.4490742255242735 7.451581594312039
 64 16777216 62937.975 62968.016 63117.027 34.023840318080886 34.10435621792499 34.12063460891458 8.505960079520221 8.526089054481247 8.530158652228645
 72 8388608 31474.113 31480.074 31501.055 38.34663797768043 38.37219544020131 38.37946289383914 9.586659494420108 9.593048860050327 9.594865723459785
 80 8388608 31524.181 31664.848 31692.982 42.34935292614624 42.38698003540077 42.5761189481814 10.58733823153656 10.596745008850192 10.64402973704535
 88 8388608 31904.936 32047.987 32278.061 45.739891500917594 46.06826032474364 46.274814906383135 11.434972875229398 11.51706508118591 11.568703726595784
 96 8388608 31469.107 31470.06 31478.167 51.166026789298115 51.17920766595297 51.180757560104894 12.791506697324529 12.794801916488243 12.795189390026223
 104 8388608 31666.994 31676.054 31677.961 55.080264288474886 55.08358029696502 55.0993398362977 13.770066072118722 13.770895074241254 13.774834959074425
 112 8388608 31511.068 31512.976 31584.978 59.49183159158762 59.62776070403506 59.631371174090326 14.872957897896905 14.906940176008765 14.907842793522581
 120 8388608 32705.069 32706.022 32706.976 61.55463348247175 61.556428965895016 61.55822267184332 15.388658370617938 15.389107241473754 15.38955566796083
 128 8388608 32140.017 32186.031 32209.158 66.67307627228256 66.72098364660123 66.8165062887179 16.66826906807064 16.680245911650307 16.704126572179476
 136 4194304 15961.17 16103.983 16119.003 70.7767526316609 70.84276529601404 71.476632853356 17.694188157915224 17.71069132400351 17.869158213339
 144 4194304 16517.162 16526.937 16568.899 72.90523962998385 73.09034650522355 73.13360200741506 18.226309907495963 18.272586626305888 18.283400501853766
 152 4194304 18164.873 18165.112 18167.019 70.18589103693898 70.19325925433326 70.19418280546196 17.546472759234746 17.548314813583314 17.54854570136549
 160 4194304 15847.921 15849.829 15872.955 84.55749291798534 84.68086816583322 84.69106326312455 21.139373229496336 21.170217041458304 21.172765815781137
 176 4194304 17394.066 17416.954 17433.882 84.68538493033277 84.76769290428165 84.87923456194773 21.171346232583193 21.19192322607041 21.21980864048693
 192 4194304 16458.035 16520.977 16523.838 97.47207252939663 97.48895213642632 97.86178823899694 24.368018132349157 24.37223803410658 24.465447059749234
 208 4194304 18008.947 18198.967 18210.888 95.81248668379051 95.87524742475769 96.8868676219659 23.953121670947628 23.968811856189422 24.221716905491476
 224 4194304 17458.916 17464.876 17478.943 107.50353679853524 107.59012500289151 107.62685335103278 26.87588419963381 26.897531250722878 26.906713337758195
 240 4194304 19953.012 19997.12 20035.982 100.48251790204242 100.67779360227871 100.9003512853097 25.120629475510604 25.169448400569678 25.225087821327424
 264 2097152 10185.957 10196.924 10200.024 108.55820103952695 108.5912041709833 108.70812197616776 27.139550259881737 27.147801042745826 27.17703049404194
 288 2097152 10083.914 10086.06 10169.983 118.77694898801698 119.76525541192498 119.79074315786507 29.694237247004246 29.941313852981246 29.947685789466266
 312 2097152 13273.954 13273.954 13305.902 98.34905202217783 98.58576035445053 98.58576035445053 24.587263005544457 24.646440088612632 24.646440088612632
 336 2097152 13146.877 13148.785 13314.009 105.84987166525124 107.17995191190668 107.19550688730105 26.46246791631281 26.79498797797667 26.798876721825263
 368 2097152 14227.867 14227.867 14229.059 108.47547065480579 108.48455864817967 108.48455864817967 27.118867663701447 27.121139662044918 27.121139662044918
 400 2097152 15250.921 15269.041 15285.969 109.75565893140303 109.87733938234891 110.00788739250567 27.43891473285076 27.469334845587227 27.501971848126416
 440 2097152 17591.0 17591.0 17591.0 104.91124779716901 104.91124779716901 104.91124779716901 26.227811949292253 26.227811949292253 26.227811949292253
 480 2097152 16400.099 16418.934 16479.969 122.1644239743412 122.6185524590086 122.7593760257179 30.5411059935853 30.65463811475215 30.689844006429475
 528 1048576 9712.934 9712.934 9898.901 111.86052431476989 114.00224237084284 114.00224237084284 27.965131078692472 28.50056059271071 28.50056059271071
 576 1048576 9787.798 9819.984 9917.974 121.79499079146608 123.01033810238387 123.41484284820753 30.44874769786652 30.752584525595967 30.853710712051882
 632 1048576 12012.959 12012.959 12012.959 110.3308572017935 110.3308572017935 110.3308572017935 27.582714300448377 27.582714300448377 27.582714300448377
 688 1048576 12343.884 12345.791 12457.848 115.81780224000164 116.86902653706028 116.88708157011197 28.95445056000041 29.21725663426507 29.221770392527993
 752 1048576 13391.018 13394.117 13425.827 117.46451849856251 117.74261072977038 117.76985916978082 29.366129624640628 29.435652682442594 29.442464792445204
 824 1048576 15230.894 15233.04 15236.139 113.41805479721602 113.44112849437799 113.45711210385943 28.354513699304004 28.360282123594498 28.364278025964857
 904 1048576 15861.988 15863.895 15879.869 119.3854563913594 119.50567045482842 119.52003796749815 29.84636409783985 29.876417613707105 29.88000949187454
 992 1048576 16616.106 16630.888 16643.047 124.99963402134239 125.09102243969173 125.20230576285444 31.249908505335597 31.272755609922932 31.30057644071361
 1088 524288 9918.928 10039.091 10163.069 112.25454515757002 113.64083541029761 115.01753899211688 28.063636289392505 28.410208852574403 28.75438474802922
 1192 524288 10339.022 10344.028 10346.889 120.79984544146555 120.83325683186473 120.89176248972096 30.199961360366387 30.208314207966183 30.22294062243024
 1304 524288 12401.104 12449.026 12459.993 109.7386735289498 109.83534808265321 110.25978848334793 27.43466838223745 27.458837020663303 27.564947120836983
 1432 524288 13415.098 13423.92 13474.941 111.43357377223396 111.85710522708716 111.9306643902266 27.85839344305849 27.96427630677179 27.98266609755665
 1568 524288 14083.862 14094.114 14096.022 116.64050808093234 116.65629836682179 116.74121544218484 29.160127020233084 29.164074591705447 29.18530386054621
 1720 524288 15825.987 15830.04 15837.193 113.88070600642425 113.93216441651442 113.96134218990576 28.470176501606062 28.483041104128606 28.49033554747644
 1888 524288 16741.037 16741.037 16741.991 118.24827094937513 118.25500941190202 118.25500941190202 29.56206773734378 29.563752352975506 29.563752352975506
 2072 262144 9363.174 9384.871 9432.077 115.17343804551214 115.75276165223795 116.020992026849 28.793359511378036 28.938190413059488 29.00524800671225
 2272 262144 9905.815 9928.942 9974.957 119.41729032014875 119.97072155321283 120.25081590964498 29.854322580037188 29.992680388303206 30.062703977411246
 2496 262144 10805.13 10847.092 10861.874 120.47855167533704 120.6427352141938 121.11125437639343 30.11963791883426 30.16068380354845 30.277813594098358
 2744 262144 12109.995 12110.949 12145.996 118.44613418282042 118.7888968899134 118.79825482999786 29.611533545705104 29.69722422247835 29.699563707499465
 3016 262144 13032.913 13052.94 13088.942 120.80828290017635 121.14149057606944 121.32764240810937 30.202070725044088 30.28537264401736 30.331910602027342
 3312 262144 14353.991 14360.189 14444.113 120.2179639552806 120.92054331596889 120.97275635744789 30.05449098882015 30.23013582899222 30.243189089361973
 3640 262144 15774.012 15778.065 15783.072 120.91488399723451 120.9532550410966 120.98433296487919 30.228720999308628 30.23831376027415 30.246083241219797
 4000 262144 16996.145 17003.059 17014.027 123.26017820472485 123.33968846429339 123.38986281889215 30.815044551181213 30.834922116073347 30.84746570472304
 4400 131072 9432.077 9433.985 9437.084 122.22351734921509 122.26366694456266 122.28839946917314 30.55587933730377 30.565916736140665 30.572099867293286
 4840 131072 10300.159 10300.159 10338.068 122.72863362864321 123.18032760465155 123.18032760465155 30.682158407160802 30.795081901162888 30.795081901162888
 5320 131072 11247.873 11249.065 11253.119 123.93062581138615 123.97528861287581 123.98842696748086 30.982656452846538 30.993822153218954 30.997106741870216
 5848 131072 12440.205 12441.874 12443.066 123.20260231682447 123.21440580414172 123.23093646768683 30.800650579206117 30.80360145103543 30.807734116921708
 6432 131072 13511.181 13512.135 13514.042 124.76727599337048 124.78488469808806 124.79369553261111 31.19181899834262 31.196221174522016 31.198423883152778
 7072 131072 14823.914 14823.914 14824.152 125.05824063325848 125.06024846069668 125.06024846069668 31.26456015831462 31.26506211517417 31.26506211517417
 7776 131072 16303.062 16304.97 16308.069 124.99528570795232 125.01904290532273 125.03367428768902 31.24882142698808 31.254760726330684 31.258418571922256
 8552 65536 8962.154 8964.062 8970.022 124.96376753591016 125.04685308959264 125.07347497041448 31.24094188397754 31.26171327239816 31.26836874260362
 9400 65536 9862.9 9864.092 9865.999 124.8810992176261 124.90524216521904 124.92033783167223 31.220274804406525 31.22631054130476 31.230084457918057
 10336 65536 10770.082 10776.997 10787.01 125.59181756575734 125.70850599661483 125.78921794653003 31.397954391439335 31.427126499153708 31.447304486632508
 11368 65536 11847.973 11851.788 11861.086 125.62310871028167 125.72166292545901 125.76214479894578 31.405777177570418 31.430415731364754 31.440536199736446
 12504 65536 13072.014 13072.968 13075.113 125.3468545931496 125.36742138434056 125.3765707411268 31.3367136482874 31.34185534608514 31.3441426852817
 13752 65536 14336.109 14336.109 14337.063 125.72324917592954 125.73161546135007 125.73161546135007 31.430812293982385 31.43290386533752 31.43290386533752
 15120 65536 15738.964 15739.918 15774.965 125.62998650076244 125.90971820818889 125.91735008733737 31.40749662519061 31.477429552047223 31.479337521834342
 16632 32768 8712.053 8713.007 8715.153 125.06891755084506 125.09972182967373 125.11342068281725 31.267229387711264 31.27493045741843 31.278355170704312
 18288 32768 9566.069 9572.029 9575.844 125.16101640753547 125.21090021770722 125.2889110459061 31.290254101883868 31.302725054426805 31.322227761476526
 20112 32768 10496.855 10497.808 10501.146 125.5158277010909 125.55573811218493 125.56713720442933 31.378956925272725 31.38893452804623 31.391784301107332
 22120 32768 11530.876 11533.022 11533.976 125.68574097951998 125.69613757781785 125.71953076245032 31.421435244879994 31.424034394454463 31.42988269061258
 24328 32768 12660.98 12669.086 12700.796 125.53227435508767 125.84647448126883 125.9270457737079 31.383068588771916 31.461618620317207 31.481761443426976
 26760 32768 13923.168 13928.89 13931.99 125.87888449532336 125.90689997551853 125.95864389483773 31.46972112383084 31.476724993879632 31.489660973709434
 29432 32768 15287.161 15318.155 15322.924 125.88038366567632 125.91957399569334 126.17487001020005 31.47009591641908 31.479893498923335 31.543717502550013
 32368 32768 16825.199 16826.153 16835.928 125.99657399342644 126.06977055301945 126.07691879305558 31.49914349835661 31.517442638254863 31.519229698263896
 35600 16384 10071.039 10082.96 10756.016 108.45472896284274 115.6942802510374 115.83122654971348 27.113682240710684 28.92357006275935 28.95780663742837
 39160 16384 12024.879 12036.085 12055.874 106.43731678018533 106.61231455244791 106.71166670367326 26.60932919504633 26.653078638111978 26.677916675918315
 43072 16384 13648.033 13667.107 13767.958 102.51217326490972 103.268621223204 103.41294573364529 25.62804331622743 25.817155305801 25.853236433411322
 47376 16384 15020.132 15039.921 15058.994 103.0890090002028 103.21974217816704 103.35573402417502 25.7722522500507 25.80493554454176 25.838933506043755
 52112 16384 16569.853 16635.895 16659.021 102.50338336208353 102.64587604093437 103.05498884027517 25.62584584052088 25.661469010233592 25.763747210068793
 57320 16384 18162.012 18198.013 18270.016 102.80569869232737 103.21246391020823 103.41705313265955 25.701424673081842 25.803115977552057 25.854263283164887
 63048 16384 19988.775 20004.988 20043.85 103.07185815100392 103.27208714146691 103.35585167175077 25.76796453775098 25.818021785366728 25.838962917937693
 69352 8192 10980.844 10988.951 11034.012 102.9782429092881 103.40051275139912 103.47685187040268 25.744560727322025 25.85012818784978 25.86921296760067
 76280 8192 12079.954 12094.021 12155.056 102.81906722601688 103.33796509862186 103.45830124849812 25.70476680650422 25.834491274655466 25.86457531212453
 83904 8192 13322.115 13352.871 13365.03 102.85671906460367 102.95037943525405 103.18805504981755 25.714179766150917 25.737594858813512 25.797013762454387
 92288 8192 14627.934 14665.127 14748.812 102.51989055118473 103.1049094903849 103.36706413906434 25.629972637796183 25.776227372596225 25.841766034766085
 101512 8192 16091.824 16093.016 16124.01 103.14882017562628 103.34747743990313 103.3551328923309 25.78720504390657 25.836869359975783 25.838783223082725
 111656 8192 17697.096 17767.191 17785.072 102.85996615588626 102.96348499883861 103.3713047609619 25.714991538971564 25.740871249709652 25.842826190240476
 122816 8192 19494.057 19527.912 19545.078 102.95263820384857 103.04313866223896 103.22209194320095 25.73815955096214 25.76078466555974 25.805522985800238
 135096 4096 10734.081 10738.85 10767.937 102.77794455892526 103.056326515409 103.10211298014241 25.694486139731314 25.76408162885225 25.775528245035602
 148600 4096 11822.939 11847.973 11848.927 102.73767405268005 102.74594650072211 102.96350171475976 25.684418513170012 25.686486625180528 25.74087542868994
 163456 4096 12985.945 13015.032 13034.105 102.73291123556241 102.88346213824138 103.1139090763129 25.683227808890603 25.720865534560346 25.778477269078223
 179800 4096 14322.996 14333.01 14564.037 101.13415669020891 102.76429026422224 102.83613847270502 25.283539172552228 25.69107256605556 25.709034618176254
 197776 4096 15738.964 15775.919 16355.991 99.05734186329646 102.69962669052751 102.94076484322602 24.764335465824114 25.674906672631877 25.735191210806505
 217552 4096 17346.144 17561.913 17987.967 99.07656512823267 101.4801738284434 102.74248755227674 24.76914128205817 25.37004345711085 25.685621888069186
 239304 4096 19039.869 20138.979 20323.992 96.45636388756698 97.34249030201582 102.9617571423417 24.114090971891745 24.335622575503955 25.740439285585424
 263232 2048 10632.038 11332.035 11742.83 91.81758332531427 95.1460414656326 101.41031023403039 22.95439583132857 23.78651036640815 25.352577558507598
 289552 2048 13427.973 13438.225 14371.157 82.52675772730059 88.2560748908431 88.32345671234222 20.631689431825148 22.064018722710774 22.080864178085555
 318504 2048 15486.002 15713.93 15848.16 82.31822394524033 83.02139464793339 84.24333046063147 20.579555986310083 20.755348661983348 21.060832615157867
 350352 2048 17385.96 17690.897 18069.983 79.41577985989251 81.11752569697286 82.54026766425324 19.853944964973127 20.279381424243216 20.63506691606331
 385384 2048 19606.113 19707.918 19881.964 79.39521789698443 80.09637872453092 80.5122802260703 19.84880447424611 20.02409468113273 20.128070056517576
 423920 2048 21847.963 21849.871 21894.932 79.30494234921578 79.4684929718807 79.4754330186297 19.826235587303945 19.867123242970177 19.868858254657425
 466312 2048 24046.898 24054.05 24075.031 79.33588754257471 79.40508779186872 79.42870435928991 19.833971885643678 19.85127194796718 19.857176089822477
 512936 2048 26437.044 26490.211 26544.094 79.15078420080941 79.31178260528011 79.47128491369911 19.787696050202353 19.82794565132003 19.867821228424777
 564224 1024 14554.024 14584.064 14586.926 79.2168790052133 79.23242465200371 79.39596306835828 19.804219751303325 19.80810616300093 19.84899076708957
 620640 1024 16019.106 16026.974 16030.073 79.29288406858784 79.30821626091114 79.34716956114781 19.82322101714696 19.827054065227784 19.836792390286952
 682704 1024 17627.954 17660.141 17661.81 79.1639017745067 79.17138328623763 79.31594284850074 19.790975443626674 19.792845821559407 19.828985712125185
 750968 1024 19394.875 19402.027 19421.101 79.19131175930757 79.26916419609147 79.29839527194684 19.79782793982689 19.817291049022867 19.82459881798671
 826064 1024 21326.065 21357.059 21365.881 79.18133925766975 79.2140468404381 79.32917169670074 19.795334814417437 19.803511710109525 19.832292924175185
 908664 1024 23482.8 23506.88 23530.96 79.08491077287114 79.1659238486775 79.24710307118403 19.771227693217785 19.791480962169373 19.811775767796007
 999528 1024 25841.951 25853.157 25881.052 79.09390020158376 79.17924081766881 79.21357578613161 19.77347505039594 19.794810204417203 19.803393946532903
 1099480 512 14240.98 14255.047 14288.902 78.79314449773676 78.98027414430832 79.05828952782743 19.69828612443419 19.74506853607708 19.764572381956857
 1209424 512 15630.007 15636.206 15669.107 79.03769985105085 79.20400741714454 79.2354204319934 19.75942496276271 19.801001854286135 19.80885510799835
 1330360 512 17202.139 17209.053 17222.881 79.0976050987056 79.16116244165208 79.19297943122075 19.7744012746764 19.79029061041302 19.798244857805187
 1463392 512 18926.144 18934.965 18954.039 79.06037378101838 79.14001467655207 79.17689984816771 19.765093445254596 19.785003669138018 19.794224962041927
 1609728 512 20810.843 20813.942 20831.108 79.12980298503564 79.19506415459408 79.2068573099129 19.78245074625891 19.79876603864852 19.801714327478226
 1770696 512 22894.144 22897.005 22920.132 79.10917371680057 79.18907752345775 79.19897350169545 19.777293429200142 19.79726938086444 19.799743375423862
 1947760 512 25181.055 25196.075 25219.917 79.08456796269392 79.1594024069225 79.20661942083046 19.77114199067348 19.789850601730624 19.801654855207616
 2142536 256 13905.048 13907.909 13926.983 78.76640848918966 78.87443266992904 78.89066129077727 19.691602122297414 19.71860816748226 19.72266532269432
 2356784 256 15275.002 15296.936 15300.989 78.8624452968367 78.88334029769098 78.99661211173654 19.715611324209174 19.720835074422745 19.749153027934135
 2592456 256 16819.954 16836.882 16842.127 78.81056068512011 78.83511163171423 78.91445315486592 19.702640171280027 19.708777907928557 19.72861328871648
 2851696 256 18509.865 18512.964 18522.978 78.82470907215891 78.86734679546721 78.88055110072385 19.706177268039728 19.716836698866803 19.720137775180962
 3136864 256 20357.847 20371.199 20386.934 78.77959324339794 78.84044370682355 78.89215239705848 19.694898310849485 19.710110926705887 19.72303809926462
 3450544 256 22386.074 22404.909 22408.962 78.83803488979096 78.85229652126682 78.91864057985335 19.70950872244774 19.713074130316706 19.729660144963336
 3795592 256 24627.924 24651.051 24653.196 78.82722808028623 78.83408719571429 78.90811681894097 19.706807020071558 19.708521798928572 19.727029204735242
 4175144 256 27087.212 27101.994 27119.875 78.82314088837062 78.87514579185577 78.91818943935611 19.705785222092654 19.718786447963943 19.729547359839028
 4592656 128 15011.072 15015.841 15026.093 78.24521890021576 78.29864048240788 78.32351586882002 19.56130472505394 19.57466012060197 19.580878967205006
 5051920 128 16512.156 16515.017 16534.09 78.2196976065813 78.31003262061431 78.32360110938873 19.554924401645327 19.577508155153577 19.580900277347183
 5557112 128 18159.866 18166.065 18218.994 78.08447996634722 78.31198842457077 78.33872078130973 19.521119991586804 19.577997106142693 19.584680195327433
 6112816 128 19981.861 19991.875 20037.174 78.09888240726961 78.27584436177197 78.31507265514459 19.524720601817403 19.568961090442993 19.578768163786147
 6724096 128 21970.987 21996.975 21998.167 78.25054587502676 78.25478621492273 78.34734852831144 19.56263646875669 19.563696553730683 19.58683713207786
 7396504 128 24173.021 24204.016 24291.992 77.94770490620942 78.23102678497652 78.3313357482294 19.486926226552356 19.55775669624413 19.58283393705735
 8136152 128 26582.956 26610.136 26612.997 78.2645754628838 78.27299011173788 78.35302108614258 19.56614386572095 19.56824752793447 19.588255271535644
 8949760 64 14825.821 14841.08 14843.225 77.17792326128587 77.18907788381978 77.26852226261197 19.294480815321467 19.297269470954944 19.31713056565299
 9844736 64 16311.169 16324.043 16324.997 77.18998098437629 77.19449207527816 77.25541976789033 19.297495246094073 19.29862301881954 19.313854941972583
 10829208 64 17942.19 17955.065 17959.118 77.18300108056532 77.20042361305849 77.25582127934216 19.29575027014133 19.300105903264622 19.31395531983554
 11912128 64 19729.853 19749.88 19752.026 77.19473354277682 77.2031214366872 77.28148729744717 19.298683385694204 19.3007803591718 19.320371824361793
 13103336 64 21714.926 21728.039 21734.953 77.16727098512705 77.1918261008276 77.23843995600078 19.29181774628176 19.2979565252069 19.309609989000194
 14413664 64 23883.104 23910.999 23940.086 77.06526167032149 77.1590092074363 77.24912942639281 19.266315417580373 19.289752301859075 19.312282356598203
 15855024 64 26272.058 26296.139 26350.975 77.01586267680797 77.17646579218341 77.24720583366556 19.253965669201992 19.294116448045852 19.31180145841639
 17440520 32 14848.948 14858.007 14942.884 74.69731278112043 75.12402437285162 75.16985580392631 18.674328195280108 18.781006093212905 18.792463950981578
 19184568 32 16340.971 16347.885 17133.951 71.65961616208659 75.1052721498836 75.13704981178903 17.914904040521648 18.7763180374709 18.784262452947257
 21103024 32 19234.896 19491.911 21578.789 62.58894027834463 69.28994986689607 70.21579612387818 15.647235069586158 17.322487466724017 17.553949030969545
 23213320 32 31553.03 32217.979 32573.938 45.608623679458105 46.11252865985169 47.084304740305456 11.402155919864526 11.528132164962923 11.771076185076364
 25534648 32 37699.938 37853.956 37949.085 43.063422266966384 43.171642932115205 43.34801484288913 10.765855566741596 10.792910733028801 10.837003710722282
 28088112 32 42346.001 42485.952 44422.15 40.46718062948326 42.3113778408449 42.45121441337519 10.116795157370815 10.577844460211224 10.612803603343798
 30896920 32 47708.988 47716.141 47774.076 41.39070905316934 41.440963970661414 41.44717720694474 10.347677263292335 10.360240992665354 10.361794301736184
 33986608 16 28305.054 28393.03 28665.066 37.94065766323371 38.304170284045064 38.42322491241317 9.485164415808427 9.576042571011266 9.605806228103292
 37385264 16 31141.043 31282.187 31286.001 38.23845840828299 38.243120533740175 38.41645406674401 9.559614602070747 9.560780133435044 9.604113516686002
 41123784 16 34384.966 34774.065 34847.975 37.76291414350475 37.84317674680829 38.27140873136241 9.440728535876188 9.460794186702072 9.567852182840603
 45236160 16 37814.856 37860.87 37988.901 38.104738012821166 38.23359368128624 38.28011721107704 9.526184503205291 9.55839842032156 9.57002930276926
 49759776 16 41541.1 42046.785 42222.023 37.712850281948825 37.87002578199498 38.33102233691453 9.428212570487206 9.467506445498746 9.582755584228632
 54735752 16 45893.192 45897.961 45961.142 38.10923723348737 38.161696638332145 38.1656622184833 9.527309308371843 9.540424159583036 9.541415554620825
 60209320 16 50586.939 50752.878 50803.185 37.92475294609974 37.96234451965463 38.08687139579645 9.481188236524934 9.490586129913657 9.521717848949113
 66230248 16 55599.928 55600.882 55974.96 37.862786074344676 38.117523675253935 38.11817770699272 9.465696518586169 9.529380918813484 9.52954442674818
 72853272 8 34402.132 34427.881 34495.115 33.79180941997149 33.85780123964062 33.883142823822666 8.447952354992873 8.464450309910156 8.470785705955667
 80138592 8 37600.994 37734.985 37925.005 33.809289464826705 33.97954105454129 34.10062702065802 8.452322366206676 8.494885263635323 8.525156755164504
 88152448 8 41357.994 41744.947 41858.196 33.69565109781606 33.787063330083996 34.103181310002604 8.423912774454015 8.446765832520999 8.525795327500651
 96967688 8 45584.202 45686.96 45780.182 33.889839232181295 33.95898978614467 34.035541699293105 8.472459808045324 8.489747446536168 8.508885424823276
 106664456 8 50189.018 50296.068 50502.062 33.79329929142299 33.93170408470102 34.004078262698826 8.448324822855747 8.482926021175254 8.501019565674707
 117330896 8 55095.911 55273.056 55296.183 33.94979968147169 33.964004740392866 34.07320619492071 8.487449920367922 8.491001185098217 8.518301548730177
 129063984 8 60652.971 60679.913 60893.774 33.911902783361725 34.03142229290935 34.04653902279576 8.477975695840431 8.507855573227337 8.51163475569894
 141970376 4 40627.956 40901.184 40990.114 27.708217840038213 27.768462839608752 27.95520916681115 6.927054460009553 6.942115709902188 6.988802291702788
 156167408 4 44701.099 44836.998 44840.097 27.86209994148764 27.864025687000723 27.948737099282503 6.96552498537191 6.966006421750181 6.987184274820626
 171784144 4 49274.921 49334.049 49402.952 27.81763227428191 27.85648410897715 27.889910812845343 6.954408068570477 6.964121027244287 6.972477703211336
 188962552 4 54081.917 54090.977 54197.073 27.892657893167037 27.947367561876355 27.952049406828536 6.973164473291759 6.986841890469089 6.988012351707134
 207858800 4 59517.86 59596.062 59776.068 27.818330238783858 27.90235368236244 27.939015280455315 6.9545825596959645 6.97558842059061 6.984753820113829
 228644680 4 65433.979 65458.059 65643.072 27.86520167733771 27.943960880355466 27.954244384251794 6.966300419334427 6.985990220088866 6.9885610960629485
 251509144 4 72000.027 72003.841 72019.815 27.9377717368477 27.943969711282488 27.945449964900707 6.984442934211925 6.985992427820622 6.986362491225177
 276660056 2 53650.856 53818.941 53825.855 20.559640418159635 20.562281669570567 20.626702097726085 5.139910104539909 5.140570417392642 5.156675524431521
 304326056 2 59112.072 59184.074 59292.793 20.530391003844265 20.568104588406673 20.593157756337824 5.132597750961066 5.142026147101668 5.148289439084456
 334758656 2 64985.037 65016.031 65081.12 20.574855257561637 20.595453204456604 20.605276011460916 5.143713814390409 5.148863301114151 5.151319002865229
 368234520 2 71603.06 71643.829 71799.994 20.51445965301891 20.559175864260414 20.57088174723259 5.128614913254728 5.1397939660651035 5.142720436808148
 405057968 2 78726.053 78787.088 79047.918 20.496831706560567 20.564687858497827 20.58063131908823 5.124207926640142 5.141171964624457 5.1451578297720575
 445563760 2 86606.979 86649.895 86726.189 20.55036731753542 20.568461623640744 20.5786538288098 5.137591829383855 5.142115405910186 5.14466345720245
 490120136 2 95129.013 95325.947 95435.858 20.542389255828766 20.56607467010005 20.60865010761753 5.1355973139571915 5.141518667525013 5.152162526904383
 539132144 1 52442.074 52451.134 52517.891 20.531370690418623 20.557501921693436 20.561053477785794 5.132842672604656 5.139375480423359 5.140263369446449
 593045352 1 57584.047 57653.904 57799.101 20.520919590081512 20.572599975189885 20.597557236642295 5.130229897520378 5.143149993797471 5.149389309160574
 652349880 1 63356.876 63360.929 63414.097 20.574285872114526 20.59155035432009 20.59286761550554 5.1435714680286315 5.147887588580023 5.148216903876385
 717584864 1 69746.017 69770.098 70048.094 20.4883480198619 20.56998297465484 20.577085111541205 5.122087004965475 5.14249574366371 5.144271277885301
 789343344 1 76674.938 76725.96 76761.961 20.566002580366597 20.57565246495449 20.589344173972464 5.141500645091649 5.143913116238623 5.147336043493116
 868277672 1 84270.0 84429.979 84553.957 20.53783649652257 20.567994503468963 20.607040987302717 5.134459124130642 5.141998625867241 5.151760246825679
 955105432 1 92821.121 92850.208 93031.168 20.533020331422687 20.57303807009242 20.57948496441882 5.133255082855672 5.143259517523105 5.144871241104705
 1050615968 1 102026.939 102048.159 102303.982 20.53910214364872 20.59059131091233 20.594873830332205 5.13477553591218 5.147647827728083 5.148718457583051
 
META_DATA
 FLOPS          4
 ERT_VERSION  1.1.0
 HOSTNAME  ('graoully-1.nancy.grid5000.fr', [], ['172.16.70.1'])
 UNAME  uname_result(system='Linux', node='graoully-1.nancy.grid5000.fr', release='4.19.0-14-amd64', version='#1 SMP Debian 4.19.171-2 (2021-01-30)', machine='x86_64', processor='')
 TIMESTAMP_DATA  1615912868.678948
 CONFIG  {'ERT_RESULTS': ['Results.graoully.01'], 'ERT_DRIVER': ['driver1'], 'ERT_KERNEL': ['kernel1'], 'ERT_OPENMP': ['False'], 'ERT_FLOPS': ['1,2,4,8,16,32'], 'ERT_ALIGN': ['64'], 'ERT_CC': ['g++'], 'ERT_CFLAGS': ['-O3', '-march=native', '-DERT_INTEL', '-fpermissive'], 'ERT_LD': ['g++'], 'ERT_LDFLAGS': [], 'ERT_LDLIBS': [], 'ERT_PRECISION': ['FP64'], 'ERT_RUN': ['ERT_CODE'], 'ERT_NUM_EXPERIMENTS': ['3'], 'ERT_MEMORY_MAX': ['1073741824'], 'ERT_WORKING_SET_MIN': ['1'], 'ERT_TRIALS_MIN': ['1'], 'ERT_GNUPLOT': ['gnuplo'], 'ERT_MPI': [False], 'ERT_GPU': [False], 'ERT_HIP': [False], 'ERT_OCL': [False], 'ERT_SYCL': [False], 'ERT_WSS_MULT': [1.1]}
 TIMESTAMP_DATA  1615912901.023255
 TIMESTAMP_DATA  1615912933.281906
 