fp64
 8 134217728 272746.086 272825.003 272872.21 7.869924342973585 7.871286078571032 7.873563575170792 0.49187027143584905 0.4919553799106895 0.4920977234481745
 16 67108864 136409.044 136651.993 138237.953 15.534689290429526 15.714982276182392 15.74297117718969 0.9709180806518454 0.9821863922613995 0.9839356985743556
 24 33554432 68182.945 68186.045 68228.006 23.606328697338746 23.62085579241324 23.621929736241224 1.4753955435836716 1.4763034870258276 1.4763706085150765
 32 33554432 68184.137 68188.19 68223.953 31.47697478039715 31.493483666306442 31.495355701282836 1.9673109237748219 1.9683427291441526 1.9684597313301773
 40 16777216 34092.903 34094.095 34096.003 39.36465162793422 39.36685458288305 39.36823097757325 2.460290726745889 2.4604284114301906 2.460514436098328
 48 16777216 34417.152 34810.066 34850.121 46.215413025395236 46.26859184926567 46.79680457000045 2.8884633140872022 2.8917869905791043 2.924800285625028
 56 16777216 34091.949 34091.949 34095.049 55.11205430442408 55.117065674361996 55.117065674361996 3.444503394026505 3.4448166046476247 3.4448166046476247
 64 16777216 39335.012 39337.158 39338.827 54.58941742213107 54.59173354618043 54.59471190704098 3.411838588883192 3.411983346636277 3.4121694941900613
 72 8388608 18066.883 18345.833 18347.025 65.83953267627857 65.84381052634677 66.86042921736968 4.11497079226741 4.115238157896673 4.178776826085605
 80 8388608 22290.945 22294.998 22484.064 59.69460325321971 60.20082531516711 60.211771192293554 3.730912703326232 3.7625515821979443 3.763235699518347
 88 8388608 23813.009 23975.849 24202.108 61.00274438904247 61.57842452210973 61.99951497099757 3.8126715243151543 3.848651532631858 3.8749696856873483
 96 8388608 25514.126 25636.911 26014.09 61.91309155922809 62.8239781305946 63.12631426214639 3.869568222451756 3.9264986331621623 3.945394641384149
 104 8388608 27787.924 28007.984 28290.033 61.676508613475285 62.29760999577835 62.7909614262656 3.8547817883422053 3.893600624736147 3.9244350891416
 112 8388608 28851.032 29371.977 29378.176 63.96068265095832 63.97418164940004 65.12932334621514 3.997542665684895 3.9983863530875023 4.0705827091384466
 120 8388608 31484.127 31594.038 32114.029 62.69116590758513 63.722969504562855 63.94542621429522 3.9181978692240707 3.9826855940351784 3.996589138393451
 128 8388608 33087.969 33242.941 33556.938 63.99522054127823 64.5996889384727 64.90225036175536 3.9997012838298893 4.0374805586545435 4.05639064760971
 136 4194304 17713.07 17906.904 17920.971 63.66009341792919 63.71010242753299 64.40728162876339 3.9787558386205744 3.9818814017208117 4.025455101797712
 144 4194304 18497.944 18501.997 18625.021 64.8568155708388 65.28806333716301 65.3023683064453 4.053550973177425 4.080503958572688 4.081398019152831
 152 4194304 19828.081 20022.869 20066.023 63.54365366769488 63.68060521197038 64.30619362509162 3.97147835423093 3.980037825748149 4.0191371015682265
 160 4194304 20722.151 20732.164 21080.017 63.670597609100604 64.73888977532688 64.77017178380757 3.9794123505687877 4.04618061095793 4.048135736487973
 176 4194304 22433.996 22575.855 22712.946 65.00235627734068 65.39708055353829 65.81061207285586 4.0626472673337926 4.087317534596143 4.113163254553491
 192 4194304 24679.184 24679.899 24699.926 65.20718871789332 65.26010240155358 65.26199310317554 4.075449294868332 4.078756400097099 4.078874568948471
 208 4194304 26650.906 26653.051 26802.063 65.10060303940037 65.46456779000648 65.46983671024168 4.068787689962523 4.091535486875405 4.091864794390105
 224 4194304 28547.049 28749.943 28753.996 65.34911502387355 65.35832756259725 65.82285237258675 4.084319688992097 4.084895472662328 4.113928273286672
 240 4194304 30678.988 30689.001 30879.974 65.19649012657847 65.6021979992115 65.62360922726656 4.074780632911154 4.100137374950719 4.10147557670416
 264 2097152 16903.877 16967.058 16970.158 65.24961382209877 65.26153538226839 65.50546102530205 4.078100863881173 4.0788459613917745 4.094091314081378
 288 2097152 18224.955 18276.93 18357.992 65.80020037049803 66.09203799544015 66.28052316178558 4.112512523156127 4.1307523747150094 4.142532697611599
 312 2097152 19736.052 19979.0 19995.928 65.4444668934595 65.49991731317884 66.30621200227887 4.090279180841219 4.093744832073678 4.144138250142429
 336 2097152 21126.032 21136.045 21209.955 66.44456077346697 66.67690875942023 66.70851128124771 4.152785048341686 4.167306797463764 4.169281955077982
 368 2097152 23247.957 23276.091 23276.091 66.31284746223066 66.31284746223066 66.3930973375424 4.1445529663894165 4.1445529663894165 4.1495685835964
 400 2097152 25211.096 25271.893 25273.085 66.38372798572077 66.38685910865482 66.54695218327676 4.148982999107548 4.149178694290926 4.159184511454797
 440 2097152 27704.0 27772.903 27865.887 66.22770558137985 66.44943670454616 66.61470401386082 4.139231598836241 4.153089794034135 4.163419000866301
 480 2097152 30080.08 30113.935 30158.997 66.75506881080959 66.85496000439663 66.9302049728591 4.172191800675599 4.178435000274789 4.183137810803694
 528 1048576 16554.832 16556.025 16566.992 66.83749566608108 66.88176999007912 66.88658972800208 4.177343479130068 4.180110624379945 4.18041185800013
 576 1048576 17992.973 18028.975 18030.167 66.99658145151956 67.00101098370817 67.13507278647057 4.1872863407199725 4.187563186481761 4.195942049154411
 632 1048576 21471.977 21473.169 21473.885 61.72148467778421 61.72354271509715 61.726969249268485 3.857592792361513 3.857721419693572 3.8579355780792803
 688 1048576 23603.916 23603.916 23606.062 61.12161257561723 61.12716957643807 61.12716957643807 3.8201007859760767 3.8204480985273794 3.8204480985273794
 752 1048576 25241.137 25242.09 25243.044 62.474965539021355 62.47732671898404 62.47968560211847 3.9046853461888347 3.9048329199365024 3.9049803501324045
 824 1048576 26060.104 26062.012 26329.041 65.632973415173 66.30544287985133 66.31029745698635 4.102060838448312 4.144090179990708 4.144393591061647
 904 1048576 28028.965 28028.965 28031.111 67.63290288422746 67.63808110645542 67.63808110645542 4.227056430264216 4.2273800691534635 4.2273800691534635
 992 1048576 30977.964 30978.918 30979.872 67.15246544595149 67.15453341527292 67.15660151196508 4.197029090371968 4.197158338454558 4.197287594497817
 1088 524288 16718.149 16719.103 16798.019 67.9157874508893 68.23635741702172 68.24025123833984 4.244736715680581 4.264772338563858 4.26501570239624
 1192 524288 17456.055 17457.962 17467.022 71.55785296428893 71.59498869341105 71.60281014238325 4.472365810268058 4.474686793338191 4.475175633898953
 1304 524288 18847.942 18864.87 18949.986 72.15536222559741 72.48091844788753 72.54601611146724 4.509710139099838 4.530057402992971 4.534126006966702
 1432 524288 20323.992 20325.184 20421.982 73.52669451966024 73.87686291056455 73.88119578082889 4.595418407478765 4.617303931910285 4.617574736301806
 1568 524288 22453.07 22454.023 22566.08 72.86011429543811 73.22372333902037 73.22683125292 4.553757143464882 4.576482708688773 4.5766769533075
 1720 524288 23766.041 23769.14 23853.064 75.61086156478682 75.87782814186798 75.88772231773899 4.725678847799176 4.742364258866749 4.742982644858687
 1888 524288 26257.038 26257.992 30810.118 64.25523874981589 75.39462606280024 75.3973653844733 4.015952421863493 4.712164128925015 4.7123353365295815
 2072 262144 14013.052 14014.959 14084.816 77.12736439013473 77.51180263888034 77.52235101960657 4.820460274383421 4.844487664930021 4.845146938725411
 2272 262144 15407.085 15408.039 15408.993 77.30435960351205 77.30914595945661 77.31393290813935 4.831522475219503 4.831821622466038 4.832120806758709
 2496 262144 16717.911 16719.103 16721.01 78.26218918594033 78.27111586070139 78.27669665187236 4.891386824121271 4.891944741293837 4.892293540742022
 2744 262144 18033.981 18069.983 18078.089 79.57955467527569 79.6152532074878 79.7741925091304 4.9737221672047305 4.975953325467987 4.98588703182065
 3016 262144 19669.056 19669.771 19721.031 80.18103150895102 80.38998562820076 80.39290792603366 5.011314469309439 5.024374101762548 5.024556745377104
 3312 262144 21634.102 21635.056 21636.963 80.25349287698093 80.26056673946209 80.26410599339876 5.015843304811308 5.016285421216381 5.016506624587422
 3640 262144 23357.153 23357.868 23396.015 81.56980237873843 81.70301844329286 81.70551950402518 5.098112648671152 5.106438652705804 5.1065949690015735
 4000 262144 25732.04 25732.994 25733.948 81.49359748453676 81.49661869893569 81.49964013735405 5.093349842783548 5.093538668683481 5.093727508584628
 4400 131072 14054.06 14055.967 14097.929 81.81581847943765 82.06006744324314 82.07120220064523 5.113488654964853 5.128754215202696 5.129450137540327
 4840 131072 15284.061 15284.061 15285.015 83.0078976042876 83.01307878841887 83.01307878841887 5.187993600267975 5.188317424276179 5.188317424276179
 5320 131072 16716.957 16719.103 16723.871 83.39014813017872 83.41392956308721 83.42463762992273 5.21188425813617 5.2133705976929505 5.2140398518701705
 5848 131072 18276.93 18276.93 18278.122 83.87175181345216 83.87722183101866 83.87722183101866 5.24198448834076 5.242326364438666 5.242326364438666
 6432 131072 20120.144 20121.098 20143.986 83.70290805404652 83.79812115621127 83.80209445817088 5.231431753377907 5.237382572263204 5.23763090363568
 7072 131072 22044.182 22047.997 22050.142 84.07575642823525 84.08393596933091 84.09848766445496 5.254734776764703 5.255245998083182 5.256155479028435
 7776 131072 24141.788 24162.054 24244.07 84.07960148605412 84.36500241246047 84.43582322900026 5.254975092878382 5.272812650778779 5.2772389518125165
 8552 65536 13175.011 13175.964 13175.964 85.07367992201557 85.07367992201557 85.07983363353549 5.317104995125973 5.317104995125973 5.317489602095968
 9400 65536 14442.921 14445.066 14446.02 85.28832162768707 85.29395435091816 85.30662183916951 5.330520101730442 5.330872146932385 5.331663864948094
 10336 65536 15896.797 15900.135 15901.089 85.19920818001836 85.20432008910618 85.2222112416734 5.3249505112511475 5.325270005569136 5.326388202604588
 11368 65536 17394.066 17395.02 17395.973 85.65353004399351 85.6582226407328 85.66292067651118 5.3533456277495945 5.3536389150458 5.353932542281949
 12504 65536 19075.155 19077.063 19088.03 85.86136379710216 85.91072367900657 85.91931693346659 5.366335237318885 5.36942022993791 5.369957308341662
 13752 65536 20940.065 20941.019 20965.815 85.97338782203316 86.07518784066811 86.07910930553464 5.3733367388770725 5.379699240041757 5.379944331595915
 15120 65536 23048.878 23049.116 23049.831 85.97931325396702 85.98198039352137 85.9828682333257 5.373707078372939 5.3738737745950855 5.3739292645828565
 16632 32768 12620.926 12621.164 12621.164 86.36245848639633 86.36245848639633 86.36408707253335 5.397653655399771 5.397653655399771 5.3977554420333345
 18288 32768 13890.028 13890.982 13891.935 86.27468873126746 86.2806076633027 86.28653361965864 5.392168045704216 5.392537978956419 5.392908351228665
 20112 32768 15251.875 15254.021 15254.021 86.40738281401343 86.40738281401343 86.41954067942466 5.400461425875839 5.400461425875839 5.401221292464041
 22120 32768 16728.878 16729.832 16734.123 86.62875969060345 86.65097892196408 86.65592037911928 5.414297480662715 5.415686182622755 5.415995023694955
 24328 32768 18376.827 18385.887 18390.894 86.6928931241733 86.71650206487183 86.7592543587639 5.418305820260831 5.4197813790544895 5.422453397422744
 26760 32768 20193.1 20193.1 20195.961 86.83634118723047 86.84864433890786 86.84864433890786 5.427271324201905 5.428040271181741 5.428040271181741
 29432 32768 22188.902 22189.856 22288.084 86.5420083664437 86.92510451622579 86.92884181470538 5.408875522902731 5.432819032264112 5.433052613419086
 32368 32768 24401.903 24403.811 24418.116 86.87276479479415 86.92368777974882 86.93048439705707 5.429547799674634 5.432730486234301 5.433155274816067
 35600 16384 13669.014 13678.074 13813.019 84.45226926857914 85.28545758708425 85.34198589598343 5.2782668292861965 5.330341099192766 5.333874118498964
 39160 16384 15213.013 15236.139 15303.135 83.85176501416213 84.22047606680407 84.34850348185464 5.240735313385133 5.263779754175254 5.271781467615915
 43072 16384 16916.037 16917.944 16976.833 83.13584141400224 83.42522566571918 83.43463046338807 5.19599008837514 5.214076604107449 5.214664403961755
 47376 16384 18576.145 18631.935 18640.995 83.27971591645189 83.32021166883632 83.57044844342032 5.204982244778243 5.20751322930227 5.22315302771377
 52112 16384 20473.957 20483.017 20502.09 83.28936298689548 83.3669188479412 83.4038098253308 5.205585186680968 5.210432427996325 5.212738114083175
 57320 16384 22475.004 22490.978 22542.953 83.319242159623 83.51178681513984 83.57114241225497 5.207452634976438 5.21948667594624 5.223196400765936
 63048 16384 24706.125 24777.174 24914.026 82.9234449703151 83.38145681989398 83.6212422627992 5.182715310644694 5.211341051243374 5.22632764142495
 69352 8192 13607.979 13635.159 13643.026 83.28527468906091 83.33332731946874 83.4997737724316 5.205329668066307 5.208332957466796 5.218735860776975
 76280 8192 14954.09 14966.965 14971.972 83.47407542573549 83.50200057259437 83.57389316233886 5.217129714108468 5.218875035787148 5.223368322646179
 83904 8192 16452.074 16459.942 16504.049 83.29368968790628 83.51688821260733 83.55682912683227 5.2058556054941425 5.219805513287958 5.222301820427017
 92288 8192 18118.858 18126.965 18140.078 83.35391898535386 83.4142169966125 83.4515393850981 5.209619936584616 5.213388562288281 5.215721211568631
 101512 8192 19916.058 19924.879 19968.033 83.29175978425116 83.47215599151193 83.50912655506426 5.205734986515697 5.217009749469495 5.219320409691516
 111656 8192 21924.019 21940.947 21945.0 83.36167254499887 83.37707137253466 83.44144857747114 5.210104534062429 5.211066960783416 5.215090536091946
 122816 8192 24126.053 24150.848 24188.042 83.19058417378307 83.31870350887885 83.4043324036468 5.199411510861442 5.207418969304928 5.212770775227925
 135096 4096 13267.04 13273.001 13479.948 82.10020038652968 83.38027187672178 83.4177353803109 5.131262524158105 5.211266992295111 5.213608461269431
 148600 4096 14590.979 14595.032 14843.941 82.00862560690587 83.40723062477699 83.43039901572061 5.125539100431617 5.212951914048562 5.214399938482538
 163456 4096 16091.824 16202.211 16285.896 82.22031824346661 82.64498913142164 83.21191879801817 5.138769890216663 5.165311820713852 5.200744924876136
 179800 4096 17699.957 17903.09 18019.915 81.73854316182957 82.27192065727202 83.21611176795516 5.108658947614348 5.141995041079501 5.201006985497197
 197776 4096 19492.865 19665.956 20085.096 80.66583261538806 82.38506137204824 83.11661687494373 5.0416145384617534 5.149066335753015 5.194788554683983
 217552 4096 21682.978 22628.069 22880.077 77.89248191778375 78.75996771973782 82.19286040875014 4.868280119861485 4.9224979824836135 5.1370537755468835
 239304 4096 23777.008 24721.146 25712.013 76.24367520349341 79.29965576838549 82.4484883884465 4.765229700218338 4.956228485524093 5.153030524277907
 263232 2048 13640.881 14120.102 14339.924 75.18856250563114 76.3590993889421 79.04168887625367 4.699285156601946 4.772443711808881 4.940105554765855
 289552 2048 15770.912 15931.129 16043.901 73.92248256829808 74.4457591172603 75.2020550238312 4.62015516051863 4.652859944828768 4.70012843898945
 318504 2048 17821.074 17900.944 18210.173 71.64085613025203 72.87841266918662 73.20503713749238 4.477553508140752 4.5549007918241635 4.575314821093274
 350352 2048 19818.068 19946.814 20337.82 70.5602563106567 71.94340870677392 72.41078151513055 4.410016019416044 4.49646304417337 4.5256738446956595
 385384 2048 22047.997 22358.179 22423.983 70.39484751660756 70.60203176654056 71.5952956633657 4.399677969787972 4.412626985408785 4.4747059789603565
 423920 2048 24713.039 24980.783 25003.91 69.44419172841367 69.5084825803899 70.26154573704999 4.340261983025854 4.3442801612743684 4.391346608565624
 466312 2048 27229.071 27493.954 27523.994 69.39450546312428 69.47032616698202 70.14612992121545 4.337156591445267 4.341895385436376 4.3841331200759655
 512936 2048 30222.893 30241.013 30242.92 69.47033738805644 69.47471819148386 69.51637144729989 4.341896086753527 4.342169886967741 4.344773215456243
 564224 1024 16638.994 16650.915 16651.869 69.3934567945496 69.39743263358199 69.44715239394883 4.33709104965935 4.337339539598874 4.340447024621802
 620640 1024 18284.798 18307.924 18311.024 69.41560013246664 69.42735396978925 69.51516336138907 4.338475008279165 4.339209623111828 4.344697710086817
 682704 1024 20131.111 20146.132 20184.04 69.27145368320713 69.40179841966686 69.45358316289648 4.3294658552004455 4.337612401229179 4.34084894768103
 750968 1024 22135.019 22160.053 22161.961 69.39739962542123 69.4033748023978 69.48186780413425 4.337337476588827 4.337710925149863 4.342616737758391
 826064 1024 24373.055 24379.969 24384.022 69.38064081471055 69.39217486289667 69.41185961300296 4.336290050919409 4.337010928931042 4.338241225812685
 908664 1024 26784.897 26802.063 26824.951 69.37361682412765 69.43285940339743 69.47735778114061 4.335851051507978 4.339553712712339 4.342334861321288
 999528 1024 29453.993 29487.133 29599.19 69.15842440282995 69.42124024061613 69.49934917143493 4.322401525176872 4.338827515038508 4.343709323214683
 1099480 512 16227.007 16237.974 16245.127 69.30493802849308 69.33546758973749 69.38232786859585 4.331558626780818 4.333466724358593 4.336395491787241
 1209424 512 17844.915 17868.996 17871.857 69.2961104153866 69.30720539643079 69.40073270172483 4.331006900961662 4.331700337276924 4.337545793857802
 1330360 512 19624.949 19651.89 19670.01 69.25714018447373 69.32099864186092 69.41616204964406 4.328571261529608 4.332562415116308 4.338510128102754
 1463392 512 21588.087 21612.167 21614.075 69.33044361139675 69.33656435284809 69.41390443720188 4.333152725712297 4.333535272053005 4.338369027325117
 1609728 512 23746.967 23782.969 23787.975 69.29389626481446 69.30848171227065 69.41355803459027 4.330868516550904 4.3317801070169155 4.338347377161892
 1770696 512 26128.054 26156.902 26198.864 69.20882920725111 69.31985691577695 69.39639301112895 4.325551825453195 4.3324910572360595 4.337274563195559
 1947760 512 28740.168 28767.109 28775.93 69.31161703548764 69.3328703972304 69.39786294916578 4.331976064717978 4.3333043998269 4.3373664343228615
 2142536 256 15856.981 15874.147 15874.147 69.10471674478005 69.10471674478005 69.17952616579412 4.319044796548753 4.319044796548753 4.323720385362132
 2356784 256 17444.134 17455.101 17457.008 69.12257862286594 69.13013038423554 69.17359199373269 4.3201611639291215 4.320633149014721 4.323349499608293
 2592456 256 19190.788 19205.093 19207.954 69.10353242203723 69.11382683749565 69.16534495613207 4.318970776377327 4.319614177343478 4.322834059758255
 2851696 256 21106.958 21124.84 21125.078 69.11540643778923 69.11618511666835 69.17474095509168 4.319712902361827 4.319761569791772 4.32342130969323
 3136864 256 23217.201 23235.083 23243.904 69.09658411943192 69.12281604502984 69.17605477077103 4.318536507464495 4.320176002814365 4.3235034231731895
 3450544 256 25535.107 25558.949 25563.955 69.10818486419647 69.12172045884985 69.1862590589497 4.31926155401228 4.320107528678116 4.324141191184356
 3795592 256 28113.127 28117.895 28301.001 68.66693881251763 69.11410345617978 69.12582524171003 4.291683675782352 4.319631466011236 4.320364077606877
 4175144 256 30896.902 30922.89 30934.811 69.10253073794438 69.12917026836756 69.18731619111847 4.318908171121524 4.3205731417729725 4.324207261944904
 4592656 128 17104.864 17118.931 17273.903 68.0633633290635 68.67951836478574 68.73600023946405 4.253960208066469 4.2924698977991085 4.296000014966503
 5051920 128 18812.895 18838.882 18841.028 68.64230125872112 68.65012053263032 68.74494967414637 4.29014382867007 4.290632533289395 4.296559354634148
 5557112 128 20697.117 20711.899 20713.091 68.68220064306192 68.68615340389599 68.7352094497026 4.29263754019137 4.292884587743499 4.295950590606412
 6112816 128 22787.809 22788.048 22952.08 68.1803521075214 68.6711251441984 68.67184537135623 4.2612720067200875 4.2919453215124 4.291990335709764
 6724096 128 25046.825 25063.038 25540.829 67.39673861016806 68.68156111002983 68.7260192060271 4.212296163135504 4.2925975693768645 4.295376200376694
 7396504 128 27549.982 27563.81 27621.031 68.55301759011095 68.69532999973515 68.72980984161805 4.284563599381935 4.293458124983447 4.295613115101128
 8136152 128 30326.128 30328.035 30912.876 67.37823138811154 68.67754247843621 68.6818611330797 4.2111394617569715 4.292346404902263 4.292616320817482
 8949760 64 16885.042 16890.049 17308.95 66.18363794453158 67.8251010402634 67.84521353278242 4.136477371533224 4.239068815016463 4.2403258457989015
 9844736 64 18579.96 18584.013 19285.202 65.34161311870106 67.8070020721574 67.82179337307508 4.083850819918816 4.237937629509838 4.238862085817193
 10829208 64 20421.982 20433.903 20437.956 67.82178335250356 67.83523558861955 67.87483330462244 4.238861459531472 4.239702224288722 4.242177081538903
 11912128 64 22469.044 22516.012 22573.948 67.5447814445218 67.71858107021794 67.86013610547916 4.221548840282613 4.232411316888621 4.241258506592447
 13103336 64 24730.921 24730.921 24825.096 67.56175315495256 67.81902736254747 67.81902736254747 4.222609572184535 4.238689210159217 4.238689210159217
 14413664 64 27189.016 27204.037 27344.942 67.46947907221745 67.81894143137653 67.85640907342876 4.216842442013591 4.238683839461033 4.241025567089298
 15855024 64 29921.055 29970.884 29979.229 67.6949721422122 67.71382092033053 67.82658806649698 4.230935758888262 4.232113807520658 4.239161754156061
 17440520 32 16857.862 16866.922 16870.022 66.16430494281512 66.17646539184803 66.212030920647 4.135269058925945 4.136029086990502 4.138251932540437
 19184568 32 18754.005 18822.908 18887.043 65.00818322910578 65.22968459496269 65.46934118872208 4.063011451819111 4.076855287185168 4.09183382429513
 21103024 32 23153.067 23195.982 23455.858 57.58022307263286 58.22532264424072 58.33324526724689 3.598763942039554 3.639082665265045 3.6458278292029305
 23213320 32 33031.94 33097.982 33125.162 44.84966684842175 44.886497309715125 44.97624057200394 2.8031041780263592 2.8054060818571953 2.811015035750246
 25534648 32 39163.113 39340.019 39933.92 40.9230416648303 41.54084094367113 41.72848751834411 2.557690104051894 2.5963025589794455 2.608030469896507
 28088112 32 44695.139 44730.186 44913.054 40.02487045303132 40.1885019659878 40.22001515645806 2.5015544033144574 2.5117813728742373 2.513750947278629
 30896920 32 48691.034 49272.06 49369.812 40.05287441645514 40.132336257099865 40.61123203914708 2.5033046510284462 2.5082710160687416 2.5382020024466927
 33986608 16 28532.028 28676.987 28717.995 37.87073073868841 37.924885762929 38.11756584565248 2.3669206711680255 2.3703053601830626 2.38234786535328
 37385264 16 31755.209 31774.998 31872.034 37.53536558099806 37.64999286545982 37.67345533767389 2.345960348812379 2.353124554091239 2.3545909586046183
 41123784 16 34687.996 34724.951 34968.853 37.632377819198126 37.8967010781383 37.93707448536375 2.352023613699883 2.3685438173836437 2.3710671553352345
 45236160 16 38667.917 38820.982 38933.039 37.18068656289585 37.28800884016792 37.43561154328535 2.3237929101809907 2.330500552510495 2.339725721455334
 49759776 16 42157.888 42178.154 42903.9 37.113475278471185 37.75207497227119 37.77022302445511 2.319592204904449 2.3595046857669493 2.3606389390284446
 54735752 16 47002.792 47116.041 49968.958 35.05264336310555 37.17511121106292 37.264681298081186 2.190790210194097 2.3234444506914325 2.329042581130074
 60209320 16 51434.04 51928.043 51985.025 37.062562536038016 37.1032322554501 37.459593685427 2.316410158502376 2.3189520159656314 2.3412246053391876
 66230248 16 56473.017 56506.872 56596.041 37.44728250514908 37.50637508301646 37.52885977386333 2.3404551565718177 2.3441484426885286 2.345553735866458
 72853272 8 34424.067 34457.922 34466.028 33.8203274250227 33.82828343508352 33.86155250046428 2.1137704640639186 2.11426771469272 2.1163470312790174
 80138592 8 37725.925 37822.008 37832.975 33.8915317127453 33.90135901827316 33.98770134860841 2.118220732046581 2.1188349386420726 2.1242313342880257
 88152448 8 41415.215 41618.109 41710.138 33.81526016528643 33.890034936474414 34.05606292276884 2.113453760330402 2.118127183529651 2.1285039326730524
 96967688 8 45615.196 45660.019 45691.967 33.95526850485557 33.979026771758456 34.01241568708813 2.122204281553473 2.1236891732349035 2.125775980443008
 106664456 8 50377.846 50397.158 51090.002 33.40440847898186 33.86364159661543 33.876622990192956 2.087775529936366 2.1164775997884644 2.1172889368870598
 117330896 8 55383.921 55454.016 55601.12 33.76360648850239 33.853171896513324 33.896017149092785 2.1102254055313994 2.1158232435320827 2.118501071818299
 129063984 8 60754.061 60781.002 60910.94 33.902345686998096 33.97482233017481 33.989888247964196 2.118896605437381 2.1234263956359256 2.124368015497762
 141970376 4 39919.138 39943.933 40060.997 28.35084229181815 28.43393032929432 28.4515915148268 1.7719276432386344 1.777120645580895 1.778224469676675
 156167408 4 43793.201 43815.136 43874.979 28.474982609108487 28.513873927037455 28.5281558660213 1.7796864130692804 1.782117120439841 1.7830097416263313
 171784144 4 48537.016 48589.945 48698.902 28.219797481265594 28.28307692054395 28.31391925700583 1.7637373425790996 1.767692307533997 1.7696199535628643
 188962552 4 53221.941 53229.094 53232.908 28.397855251492178 28.39989003006514 28.403706959879575 1.7748659532182611 1.7749931268790713 1.7752316849924734
 207858800 4 58494.806 58597.803 59365.988 28.01048977741262 28.377691907664186 28.427659030102607 1.7506556110882887 1.7736057442290116 1.776728689381413
 228644680 4 64318.895 64345.121 64456.224 28.378290357188774 28.42729039238266 28.438881607030094 1.7736431473242984 1.7767056495239162 1.7774301004393809
 251509144 4 70743.084 70894.957 70906.878 28.37627616322355 28.381047639255925 28.441976773305505 1.773517260201472 1.7738154774534953 1.777623548331594
 276660056 2 51525.831 51571.131 51748.991 21.384769105932904 21.458521512743243 21.477387215744272 1.3365480691208065 1.3411575945464527 1.342336700984017
 304326056 2 56797.981 56885.958 56935.072 21.380568799491463 21.399028280406213 21.43217421760115 1.3362855499682165 1.3374392675253883 1.339510888600072
 334758656 2 62376.022 62458.992 62462.091 21.437556805455007 21.438620463167258 21.467137227827706 1.339847300340938 1.3399137789479536 1.3416960767392316
 368234520 2 68666.935 68700.79 68768.978 21.418641411247958 21.439900181642745 21.450470739665313 1.3386650882029973 1.3399937613526716 1.340654421229082
 405057968 2 75570.107 75617.075 76189.995 21.265677626045257 21.426799066216198 21.440116155982153 1.3291048516278285 1.3391749416385124 1.3400072597488846
 445563760 2 83334.208 83335.876 84178.925 21.172223807799874 21.386407937920996 21.386836003769304 1.3232639879874921 1.3366504961200623 1.3366772502355815
 490120136 2 91442.108 91475.01 91589.928 21.404979639245923 21.431870234285846 21.439581685934012 1.3378112274528702 1.3394918896428654 1.3399738553708758
 539132144 1 50139.189 50357.103 50358.057 21.41195177566124 21.41235741857509 21.50541940357272 1.3382469859788275 1.3382723386609432 1.344088712723295
 593045352 1 55309.057 55352.926 55438.042 21.394888080643252 21.427786924940516 21.444782614897953 1.3371805050402032 1.3392366828087823 1.340298913431122
 652349880 1 60781.002 60884.953 60893.774 21.425831809997522 21.428935980290568 21.46558492076192 1.3391144881248451 1.3393084987681605 1.34159905754762
 717584864 1 66874.027 66900.969 66954.136 21.43511683878648 21.45215158243822 21.460794158545287 1.339694802424155 1.3407594739023887 1.3412996349090804
 789343344 1 73551.893 73675.156 73719.025 21.414915457712578 21.427666715765078 21.463576579871305 1.338432216107036 1.3392291697353174 1.3414735362419565
 868277672 1 80991.03 81028.938 81987.143 21.180825193530648 21.43129833442961 21.44132929288589 1.3238015745956655 1.3394561459018506 1.340083080805368
 955105432 1 89102.983 89334.965 89601.04 21.319070225077745 21.38256688184744 21.438236966769114 1.332441889067359 1.336410430115465 1.3398898104230696
 1050615968 1 97923.994 98194.122 98224.163 21.3922101428342 21.398754764567272 21.45778424846519 1.3370131339271376 1.3374221727854545 1.3411115155290745
 
META_DATA
 FLOPS          1
 ERT_VERSION  1.1.0
 HOSTNAME  ('graoully-2.nancy.grid5000.fr', [], ['172.16.70.2'])
 UNAME  uname_result(system='Linux', node='graoully-2.nancy.grid5000.fr', release='4.19.0-14-amd64', version='#1 SMP Debian 4.19.171-2 (2021-01-30)', machine='x86_64', processor='')
 TIMESTAMP_DATA  1615574242.6033216
 CONFIG  {'ERT_RESULTS': ['Results.graoully.01'], 'ERT_SPEC_GBYTES_DRAM': ['59.00'], 'ERT_SPEC_GFLOPS': ['51.2'], 'ERT_DRIVER': ['driver1'], 'ERT_KERNEL': ['kernel1'], 'ERT_OPENMP': ['False'], 'ERT_FLOPS': ['1,2,4,8,16'], 'ERT_ALIGN': ['64'], 'ERT_CC': ['g++'], 'ERT_CFLAGS': ['-O3'], 'ERT_LD': ['g++'], 'ERT_LDFLAGS': [], 'ERT_LDLIBS': [], 'ERT_PRECISION': ['FP64'], 'ERT_RUN': ['ERT_CODE'], 'ERT_NUM_EXPERIMENTS': ['3'], 'ERT_MEMORY_MAX': ['1073741824'], 'ERT_WORKING_SET_MIN': ['1'], 'ERT_TRIALS_MIN': ['1'], 'ERT_GNUPLOT': ['gnuplo'], 'ERT_MPI': [False], 'ERT_GPU': [False], 'ERT_HIP': [False], 'ERT_OCL': [False], 'ERT_SYCL': [False], 'ERT_WSS_MULT': [1.1]}
 TIMESTAMP_DATA  1615574274.2975936
 TIMESTAMP_DATA  1615574306.0501418
 