fp64
 8 134217728 272732.019 272737.98 272844.076 7.87073584108163 7.873797584040185 7.873969678639017 0.9838419801352037 0.9842246980050231 0.9842462098298771
 16 67108864 136363.983 136371.851 136415.958 15.742173272719311 15.747264792937365 15.748173386809919 1.967771659089914 1.9684080991171706 1.9685216733512398
 24 33554432 68182.23 68197.966 68655.014 23.45950633700257 23.616726868364374 23.622177450048202 2.932438292125321 2.9520908585455468 2.9527721812560253
 32 33554432 73426.008 73431.969 73433.161 29.244058389369897 29.2445330997457 29.24690728113668 3.655507298671237 3.6555666374682123 3.655863410142085
 40 16777216 36713.839 36716.938 36720.991 36.55068241486184 36.554717062735456 36.5578026313184 4.56883530185773 4.569339632841932 4.5697253289148
 48 16777216 36713.123 36715.031 36715.984 43.86680024699869 43.86793888312391 43.87021872260772 5.483350030874837 5.483492360390489 5.483777340325965
 56 16777216 36715.031 36728.144 36790.133 51.07478660107045 51.160989567019776 51.179262030311236 6.384348325133806 6.395123695877472 6.3974077537889045
 64 16777216 39336.92 39337.873 39338.112 54.5904096261661 54.59074129401964 54.59206384231405 6.8238012032707624 6.823842661752455 6.824007980289256
 72 8388608 19668.102 19668.818 19679.785 61.380729108575125 61.4149539641884 61.41718972171285 7.672591138571891 7.67686924552355 7.6771487152141065
 80 8388608 19666.91 19670.963 19670.963 68.23139670386244 68.23139670386244 68.2454579799267 8.528924587982806 8.528924587982806 8.530682247490837
 88 8388608 19666.91 19667.149 19671.917 75.05089656488485 75.06909150889129 75.07000377791935 9.381362070610606 9.383636438611411 9.38375047223992
 96 8388608 19668.102 19670.963 19670.963 81.87767604463492 81.87767604463492 81.88958629561714 10.234709505579366 10.234709505579366 10.236198286952142
 104 8388608 19667.864 19668.102 19668.102 88.71371848691857 88.71371848691857 88.71479200791708 11.08921481086482 11.08921481086482 11.089349000989635
 112 8388608 19680.977 19699.812 19881.964 94.5101898383882 95.38406721850949 95.47535124907671 11.813773729798525 11.923008402313686 11.934418906134589
 120 8388608 20797.968 20797.968 20802.021 96.78222707303294 96.80108749085487 96.80108749085487 12.097778384129118 12.100135936356859 12.100135936356859
 128 8388608 19669.056 19670.963 19675.016 109.14774595354841 109.17023472617991 109.1808192523322 13.643468244193551 13.64627934077249 13.647602406541525
 136 4194304 9909.868 9911.06 9915.829 115.05348549274096 115.10884688418797 115.12269265342384 14.38168568659262 14.388605860523496 14.39033658167798
 144 4194304 10228.872 10381.937 10407.925 116.06151581607286 116.35204027918876 118.09313402298903 14.507689477009107 14.544005034898595 14.76164175287363
 152 4194304 13419.151 13448.954 13461.113 94.72236181361825 94.80799889716332 95.01856086126462 11.840295226702281 11.850999862145414 11.877320107658077
 160 4194304 13357.162 13363.838 13370.037 100.3869533046169 100.4335191731597 100.48371652601054 12.548369163077112 12.554189896644962 12.560464565751317
 176 4194304 20555.019 20555.019 20558.834 71.81316839272111 71.82649687650495 71.82649687650495 8.976646049090139 8.978312109563118 8.978312109563118
 192 4194304 19593.0 19608.974 19632.816 82.036766197982 82.13651239478415 82.20347756851938 10.25459577474775 10.267064049348019 10.275434696064922
 208 4194304 21993.16 21994.114 22032.976 79.19177436584147 79.33170047222634 79.33514165313215 9.898971795730183 9.916462559028293 9.91689270664152
 224 4194304 22023.201 22030.83 22032.976 85.28344931706003 85.29175668824097 85.32130238469874 10.660431164632504 10.66146958603012 10.665162798087342
 240 4194304 23213.148 23225.784 23254.156 86.57660677945051 86.68236645962091 86.72955171784541 10.822075847431314 10.835295807452614 10.841193964730676
 264 2097152 12370.825 12375.832 12381.077 89.43456663745812 89.4724698913172 89.50868321231607 11.179320829682265 11.18405873641465 11.188585401539509
 288 2097152 12955.904 12963.057 13005.972 92.87729913611993 93.18477516530244 93.23622280622023 11.609662392014991 11.648096895662805 11.654527850777528
 312 2097152 14070.034 14070.988 14141.083 92.54049693365069 93.00148987405859 93.00779571676941 11.567562116706336 11.625186234257324 11.625974464596176
 336 2097152 15027.046 15028.954 15032.053 93.75207391831309 93.7714057811342 93.78331203617796 11.719009239789136 11.721425722641776 11.722914004522245
 368 2097152 16386.032 16414.881 16416.073 94.0239405611805 94.03076830103123 94.19631744891016 11.752992570147562 11.753846037628904 11.77453968111377
 400 2097152 17420.053 17430.067 17431.021 96.24918700975691 96.25445501729855 96.30978734680083 12.031148376219614 12.03180687716232 12.038723418350104
 440 2097152 18933.058 18934.011 18960.953 97.33127654501331 97.46977330899408 97.47467947333178 12.166409568126664 12.18372166362426 12.184334934166472
 480 2097152 19052.982 19055.128 19072.056 105.56103232918359 105.65480956097485 105.66670980951957 13.195129041147949 13.206851195121857 13.208338726189947
 528 1048576 10740.042 10768.175 10775.089 102.76446496172792 102.83044768496055 103.09980687226363 12.84555812021599 12.853805960620068 12.887475859032953
 576 1048576 11031.866 11044.025 11114.12 108.68692726009795 109.3767491471633 109.49730100057415 13.585865907512243 13.672093643395412 13.68716262507177
 632 1048576 12593.031 12596.13 12642.86 104.8338796759594 105.22279970117808 105.24869382120953 13.104234959494924 13.15284996264726 13.156086727651191
 688 1048576 13246.059 13248.92 13256.073 108.84374097819166 108.90250495889475 108.92602667706674 13.605467622273958 13.612813119861844 13.615753334633343
 752 1048576 14062.881 14088.869 14171.839 111.28113323895367 111.93647297025757 112.14332994782505 13.910141654869209 13.992059121282196 14.017916243478131
 824 1048576 15155.792 15156.031 15171.766 113.89928159978211 114.01753189868772 114.01932990370942 14.237410199972764 14.252191487335965 14.252416237963677
 904 1048576 15805.006 15811.92 15863.18 119.51105692553448 119.89849480644982 119.95094516256432 14.93888211569181 14.987311850806227 14.99386814532054
 992 1048576 16597.033 16603.947 16675.949 124.7530071002256 125.29399088060205 125.34618591166264 15.5941258875282 15.661748860075257 15.66827323895783
 1088 524288 9700.06 10077.0 10193.825 111.91585965032752 113.21332618834971 117.61274548817224 13.98948245629094 14.151665773543714 14.70159318602153
 1192 524288 10740.042 10750.055 10964.155 113.99898961661887 116.26941369137181 116.37781230278243 14.249873702077359 14.533676711421476 14.547226537847804
 1304 524288 11790.037 11842.966 11889.935 115.00004869664973 115.4561369170527 115.97445402419008 14.375006087081216 14.432017114631588 14.49680675302376
 1432 524288 12597.799 12600.899 12601.137 119.1607417648106 119.16299241823938 119.19231541954272 14.895092720601324 14.895374052279923 14.89903942744284
 1568 524288 13080.835 13252.02 13253.927 124.05132214776798 124.06917345431113 125.6928298537517 15.506415268470997 15.50864668178889 15.711603731718963
 1720 524288 14427.9 14431.0 14436.007 124.9341815919042 124.97752893077404 125.0043817880634 15.616772698988026 15.622191116346755 15.625547723507925
 1888 524288 15290.022 15292.883 15296.936 129.4188253124678 129.45312456781366 129.47734725299938 16.177353164058474 16.181640570976707 16.184668406624922
 2072 262144 8352.995 8352.995 8358.955 129.9593951636299 130.05212334019114 130.05212334019114 16.244924395453737 16.256515417523893 16.256515417523893
 2272 262144 8892.059 8892.059 8892.059 133.96023755577872 133.96023755577872 133.96023755577872 16.74502969447234 16.74502969447234 16.74502969447234
 2496 262144 9588.957 9589.911 9591.103 136.44132984496153 136.45828913323595 136.47186529254432 17.05516623062019 17.057286141654494 17.05898316156804
 2744 262144 10466.099 10478.02 10490.894 137.13285750480367 137.3013481554721 137.4577358765668 17.14160718810046 17.162668519434014 17.18221698457085
 3016 262144 11271.0 11275.053 11284.828 140.12199459309437 140.24347450960985 140.29390542099193 17.515249324136796 17.53043431370123 17.53673817762399
 3312 262144 12222.052 12228.966 12233.019 141.94712327349447 141.99416827228072 142.0744942011374 17.74339040918681 17.74927103403509 17.759311775142177
 3640 262144 13302.803 13324.022 13329.029 143.1768450650081 143.2306491238156 143.4591130906772 17.897105633126014 17.90383114047695 17.93238913633465
 4000 262144 14429.808 14497.995 14548.063 144.15334879976805 144.65117417960207 145.33471270026598 18.019168599971007 18.08139677245026 18.166839087533248
 4400 131072 8543.968 8547.068 8548.021 134.93574711620386 134.9507924822875 134.99975655339531 16.866968389525482 16.86884906028594 16.874969569174414
 4840 131072 9495.02 9506.941 9525.061 133.2040771182463 133.45796087300846 133.62551737647738 16.650509639780786 16.682245109126058 16.703189672059672
 5320 131072 10565.996 10571.003 10571.957 131.91560275926207 131.92750773034498 131.99002536060019 16.48945034490776 16.490938466293123 16.498753170075023
 5848 131072 11378.05 11386.871 11409.044 134.3686738345474 134.63032223689896 134.73469636712795 16.796084229318424 16.82879027961237 16.841837045890994
 6432 131072 12300.014 12306.929 12323.141 136.82471116738827 137.00495127582195 137.08197470344345 17.103088895923534 17.125618909477744 17.13524683793043
 7072 131072 13274.908 13326.883 13331.89 139.05623043694482 139.10847480239755 139.653123622401 17.382028804618102 17.388559350299694 17.456640452800126
 7776 131072 14369.011 14400.959 14402.866 141.52959167987814 141.54833327419374 141.8630512566244 17.691198959984767 17.693541659274217 17.73288140707805
 8552 65536 8177.996 8179.903 8195.877 136.76727261768326 137.0343565198756 137.06631111093722 17.095909077210408 17.12929456498445 17.133288888867153
 9400 65536 9155.989 9165.049 9204.865 133.8506105195459 134.43210178145253 134.5651245321505 16.73132631494324 16.804012722681566 16.82064056651881
 10336 65536 9813.07 9874.105 9889.126 136.99493686297455 137.20334065720388 138.05671334251159 17.12436710787182 17.150417582150485 17.257089167813948
 11368 65536 10702.848 10709.047 10714.054 139.0721472936388 139.1371702822856 139.2177573670111 17.38401841170485 17.3921462852857 17.402219670876388
 12504 65536 11936.188 11936.188 11941.91 137.24138667935028 137.30717780249438 137.30717780249438 17.155173334918786 17.163397225311797 17.163397225311797
 13752 65536 13226.986 13269.901 13271.093 135.8216797968336 135.8338802979766 136.27459377366844 16.9777099746042 16.979235037247076 17.034324221708555
 15120 65536 14271.975 14310.122 14319.181 138.40237371117803 138.48998911399917 138.86015355267926 17.300296713897254 17.311248639249897 17.357519194084908
 16632 32768 7941.961 7955.074 7966.042 136.8301537953227 137.0188073674739 137.24503960671677 17.103769224415338 17.127350920934237 17.155629950839597
 18288 32768 8723.021 8728.027 8794.069 136.28757836673785 137.31881993490626 137.3976249741918 17.03594729584223 17.164852491863282 17.174703121773977
 20112 32768 9435.892 9474.039 9480.0 139.03586835443036 139.1233487639221 139.68579038420535 17.379483544303795 17.390418595490264 17.46072379802567
 22120 32768 10552.168 10582.924 10585.785 136.94367682699016 136.9806983400807 137.37995073618998 17.11795960337377 17.122587292510087 17.172493842023748
 24328 32768 11458.874 11468.887 11484.861 138.82273438050316 139.01608830917942 139.1375634290071 17.352841797562895 17.377011038647428 17.392195428625886
 26760 32768 12712.955 12735.844 12747.049 137.58034192855146 137.70138516143885 137.94930918893365 17.197542741068933 17.212673145179856 17.243663648616707
 29432 32768 14060.02 14076.948 14081.001 136.98284319417346 137.0222829550837 137.18725521016327 17.122855399271682 17.127785369385464 17.14840690127041
 32368 32768 15270.948 15357.971 15403.986 137.70911295297202 138.12171204125858 138.90881220995578 17.213639119121503 17.265214005157322 17.363601526244473
 35600 16384 9943.962 11057.854 11173.01 104.40703087171674 105.4943210499976 117.31147001567383 13.050878858964593 13.1867901312497 14.66393375195923
 39160 16384 12676.954 12701.035 13235.092 96.95398263948599 101.03073332212689 101.22265017290431 12.119247829935748 12.628841665265861 12.652831271613039
 43072 16384 14918.089 14973.879 14981.031 94.2113594184539 94.2563577547274 94.60885345301264 11.776419927306737 11.782044719340925 11.82610668162658
 47376 16384 16427.04 16463.041 16468.048 94.26841408283484 94.29708448153654 94.5037430967478 11.783551760354355 11.787135560192068 11.812967887093475
 52112 16384 18080.95 18105.03 18122.911 94.22360546823852 94.31666315935406 94.44227300003594 11.777950683529815 11.789582894919258 11.805284125004492
 57320 16384 19830.942 19894.123 19896.03 94.40384639548695 94.4128957079435 94.71369337876133 11.800480799435869 11.801611963492938 11.839211672345167
 63048 16384 21869.183 21919.012 21924.973 94.22847927794483 94.25410524890447 94.46886351447148 11.778559909743104 11.781763156113058 11.808607939308935
 69352 8192 12017.012 12037.992 12038.946 94.3822796447463 94.38975935521471 94.55455049890936 11.797784955593288 11.798719919401838 11.81931881236367
 76280 8192 13211.966 13246.059 13263.941 94.22324179517986 94.35044189369835 94.59390979359165 11.777905224397482 11.793805236712293 11.824238724198956
 83904 8192 14558.077 14577.866 14583.826 94.26080206936095 94.2993395603993 94.42752198659205 11.782600258670119 11.787417445049913 11.803440248324007
 92288 8192 16032.934 16040.087 16046.047 94.23171900219411 94.26673259315864 94.30878914614131 11.778964875274264 11.78334157414483 11.788598643267663
 101512 8192 17610.073 17659.903 17735.958 93.77404975812415 94.17790165665124 94.44439032138027 11.721756219765519 11.772237707081405 11.805548790172534
 111656 8192 19382.954 19426.107 19522.905 93.70387777843513 94.17079314965164 94.38044913071558 11.712984722304391 11.771349143706455 11.797556141339447
 122816 8192 21321.058 21407.843 21471.024 93.71780982593098 93.9943993423345 94.37699311169268 11.714726228241373 11.749299917791813 11.797124138961586
 135096 4096 11726.141 11744.976 11841.059 93.46346741452771 94.22807096412967 94.37942388719358 11.682933426815964 11.778508870516209 11.797427985899198
 148600 4096 12923.002 12933.969 12981.176 93.77665012784668 94.11892049532516 94.1987937477685 11.722081265980835 11.764865061915645 11.774849218471063
 163456 4096 14205.217 14225.006 14293.909 93.67847185818799 94.13223108658092 94.26336479055547 11.709808982273499 11.766528885822614 11.782920598819434
 179800 4096 15659.094 15707.97 15808.105 93.1750896138405 93.76906118359025 94.06173818229843 11.646886201730062 11.721132647948782 11.757717272787303
 197776 4096 17389.059 17396.927 17431.974 92.94305923127239 93.13029778190138 93.17243630031965 11.617882403909048 11.641287222737672 11.646554537539956
 217552 4096 19169.092 19294.977 19407.988 91.82744671936112 92.36528159634501 92.97185197921738 11.47843083992014 11.545660199543127 11.621481497402172
 239304 4096 21235.943 21916.151 22716.999 86.29565762625602 89.44902633678696 92.31416603444453 10.786957203282002 11.18112829209837 11.539270754305566
 263232 2048 12017.965 12498.14 13007.879 82.88809205559186 86.2686985423431 89.71554435380699 10.361011506948982 10.783587317792888 11.214443044225874
 289552 2048 13783.216 14091.969 14477.968 81.9179177630452 84.16176561274014 86.04704388293703 10.23973972038065 10.520220701592518 10.755880485367129
 318504 2048 15829.086 15999.794 16330.957 79.88462549990182 81.5380738027002 82.41741715219692 9.985578187487727 10.192259225337525 10.302177144024615
 350352 2048 17984.152 18045.902 18184.185 78.91702553620082 79.52175468979051 79.79479888737596 9.864628192025103 9.940219336223814 9.974349860921995
 385384 2048 20137.787 20195.007 20308.018 77.72953835278263 78.16451185186517 78.38661040560217 9.716192294097828 9.770563981483146 9.798326300700271
 423920 2048 22329.092 22428.989 22450.924 77.34097358309172 77.41661115443054 77.76296143166054 9.667621697886466 9.677076394303818 9.720370178957568
 466312 2048 24616.003 24684.191 24705.887 77.31007399167656 77.3780251497811 77.59236753424184 9.66375924895957 9.672253143722637 9.69904594178023
 512936 2048 27060.986 27137.041 27155.876 77.3676332886481 77.42133182464514 77.63892476053901 9.670954161081012 9.677666478080642 9.704865595067377
 564224 1024 14924.049 14936.924 15007.019 76.99935290279835 77.36069032687051 77.42742951326412 9.624919112849794 9.670086290858814 9.678428689158014
 620640 1024 16412.02 16461.134 16554.832 76.77943938059897 77.21647366457256 77.44754880873896 9.597429922574872 9.65205920807157 9.68094360109237
 682704 1024 18054.008 18096.924 18142.939 77.06456996851504 77.26052184338067 77.44417704921808 9.63307124606438 9.657565230422584 9.68052213115226
 750968 1024 19868.135 19893.169 19963.98 77.03786840099018 77.312089592161 77.40950340834709 9.629733550123772 9.664011199020125 9.676187926043387
 826064 1024 21847.963 21859.884 21948.099 77.08089306504405 77.39195102773648 77.43417873785306 9.635111633130506 9.67399387846706 9.679272342231632
 908664 1024 24049.044 24049.044 24140.12 77.08925523153987 77.38119951878336 77.38119951878336 9.636156903942483 9.67264993984792 9.67264993984792
 999528 1024 26432.991 26456.118 26547.909 77.10714030246224 77.37466789345285 77.44236526241014 9.63839253780778 9.671833486681606 9.680295657801267
 1099480 512 14568.09 14569.998 14638.901 76.90929257599323 77.27300443006237 77.28312496696546 9.613661571999154 9.659125553757796 9.660390620870682
 1209424 512 16026.974 16029.119 16077.995 77.02765027604498 77.26252303698038 77.2728636110597 9.628456284505623 9.657815379622548 9.659107951382463
 1330360 512 17633.2 17642.975 17676.115 77.0694601160945 77.21422492521812 77.25702878660708 9.633682514511813 9.651778115652265 9.657128598325885
 1463392 512 19392.967 19404.888 19448.042 77.05214787174975 77.22350203721867 77.27097189408923 9.63151848396872 9.652937754652333 9.658871486761154
 1609728 512 21317.959 21338.94 21388.054 77.0692589423984 77.24664261673729 77.32266827232382 9.6336573677998 9.655830327092161 9.665333534040478
 1770696 512 23431.778 23473.024 23535.013 77.04234979602518 77.24580795384523 77.38178058873724 9.630293724503147 9.655725994230654 9.672722573592155
 1947760 512 25794.983 25804.996 25888.92 77.0409209808675 77.2914764257278 77.3214791418936 9.630115122608437 9.661434553215974 9.6651848927367
 2142536 256 14233.112 14233.112 14281.988 76.80852497565465 77.0722827165275 77.0722827165275 9.601065621956831 9.634035339565937 9.634035339565937
 2356784 256 15658.855 15661.955 15702.009 76.84834520219674 77.04487773078138 77.06013038628942 9.606043150274592 9.630609716347672 9.632516298286177
 2592456 256 17226.934 17236.948 17265.797 76.87669859665326 77.00536498688746 77.05012813075152 9.609587324581657 9.625670623360932 9.63126601634394
 2851696 256 18945.932 18946.886 18995.047 76.86574042170047 77.06112508409034 77.06500540590982 9.608217552712558 9.632640635511292 9.633125675738727
 3136864 256 20853.043 20853.996 20904.064 76.83072382480267 77.01518538701168 77.01870503983518 9.603840478100334 9.62689817337646 9.627338129979398
 3450544 256 22938.013 22938.967 22988.081 76.85193592279408 77.01648151810846 77.01968466056759 9.60649199034926 9.627060189763558 9.627460582570949
 3795592 256 25226.831 25234.938 25288.105 76.8481111573999 77.01002094794131 77.03476921060755 9.606013894674987 9.626252618492664 9.629346151325944
 4175144 256 27734.041 27738.094 27818.918 76.84244685576915 77.0663524321462 77.07761476230601 9.605305856971144 9.633294054018275 9.634701845288252
 4592656 128 15354.872 15357.018 15388.012 76.40492716018156 76.55912990399568 76.56982982339416 9.550615895022695 9.56989123799946 9.57122872792427
 5051920 128 16894.102 16898.155 16936.064 76.3631691519352 76.5344808353338 76.55284193264609 9.5453961439919 9.566810104416724 9.569105241580761
 5557112 128 18581.152 18588.066 18623.829 76.38712060769029 76.53408762374741 76.56256576556719 9.548390075961287 9.566760952968426 9.570320720695898
 6112816 128 20439.148 20441.055 20488.024 76.38027444715996 76.5557793372211 76.56292209440433 9.547534305894995 9.569472417152637 9.570365261800541
 6724096 128 22484.064 22490.025 22534.132 76.38938903881453 76.53920242418583 76.55949458247406 9.548673629851816 9.567400303023229 9.569936822809257
 7396504 128 24722.815 24733.067 24781.942 76.40664416049397 76.5576312877008 76.58937802996948 9.550830520061746 9.5697039109626 9.573672253746185
 8136152 128 27200.937 27204.99 27267.933 76.3847744528344 76.56150257728454 76.57291041113768 9.5480968066043 9.570187822160568 9.57161380139221
 8949760 64 15150.07 15151.024 15184.879 75.44144935234584 75.6100234545203 75.61478461815688 9.43018116904323 9.451252931815038 9.45184807726961
 9844736 64 16664.028 16674.042 16703.129 75.44252385286613 75.57412941625071 75.61954456629574 9.430315481608266 9.44676617703134 9.452443070786968
 10829208 64 18325.09 18328.905 18381.119 75.4110032147662 75.62582838418335 75.64157251069436 9.426375401845775 9.453228548022919 9.455196563836795
 11912128 64 20172.119 20174.026 20213.127 75.43377053931339 75.57997516212183 75.58712022271929 9.429221317414173 9.447496895265228 9.448390027839912
 13103336 64 22173.882 22185.802 22230.864 75.44587596775365 75.59911550639458 75.63975527604954 9.430734495969206 9.449889438299323 9.454969409506193
 14413664 64 24393.082 24405.956 24454.117 75.44533266116295 75.59421118353241 75.63410773595562 9.430666582645369 9.449276397941551 9.454263466994453
 15855024 64 26831.865 26861.191 26903.152 75.43514128009981 75.55298169764698 75.63555764759549 9.429392660012477 9.444122712205873 9.454444705949436
 17440520 32 15130.997 15140.057 15205.86 73.4054686811532 73.72450975580871 73.76865384349756 9.17568358514415 9.215563719476089 9.221081730437195
 19184568 32 16788.006 16811.132 16947.031 72.44999740662539 73.03567374285085 73.13628265322278 9.056249675828173 9.129459217856356 9.142035331652847
 21103024 32 21555.901 21694.183 21853.924 61.80096242670196 62.25602208665797 62.6553970534565 7.725120303337745 7.782002760832246 7.831924631682062
 23213320 32 32377.005 33150.911 33174.992 44.78230107787215 44.814831182165705 45.886037945758105 5.5977876347340185 5.601853897770713 5.735754743219763
 25534648 32 38569.927 38779.02 39057.97 41.84081947935338 42.141793990668155 42.370250584088474 5.230102434919172 5.267724248833519 5.296281323011059
 28088112 32 43704.033 43947.935 44151.068 40.71564402473797 40.90383696071272 41.132111720673464 5.089455503092246 5.11297962008909 5.141513965084183
 30896920 32 48478.842 48785.925 48862.934 40.46836156011425 40.532241215063564 40.78898749272931 5.058545195014282 5.0665301518829455 5.098623436591164
 33986608 16 28852.94 29122.829 29128.075 37.337567140979964 37.34429289132591 37.69360959403098 4.6671958926224955 4.668036611415738 4.711701199253873
 37385264 16 32007.217 32017.946 32243.013 37.103494267114556 37.36430962810669 37.376834355826695 4.6379367833893195 4.670538703513336 4.672104294478337
 41123784 16 35150.051 35568.953 35573.959 36.99225852258951 36.99746483963135 37.43838346066695 4.624032315323689 4.6246831049539185 4.6797979325833685
 45236160 16 39066.076 39196.968 39237.022 36.892634716263636 36.93033399930321 37.054070134917055 4.6115793395329545 4.616291749912901 4.631758766864632
 49759776 16 42613.983 42715.073 43070.793 36.96966601009645 37.27753975745283 37.3659705078495 4.621208251262056 4.6596924696816036 4.670746313481187
 54735752 16 47101.974 47362.804 47367.096 36.97807575115012 36.981426690869064 37.18621355444678 4.622259468893765 4.622678336358633 4.648276694305848
 60209320 16 51978.827 52048.922 52052.021 37.01485942303758 37.01706329287665 37.0669819078449 4.626857427879697 4.627132911609581 4.633372738480612
 66230248 16 57479.858 57539.94 57569.981 36.813768203258576 36.832988286049655 36.871488722188566 4.601721025407322 4.604123535756207 4.608936090273571
 72853272 8 35770.178 35847.902 35854.101 32.510990918444726 32.516612882951975 32.58726730406541 4.063873864805591 4.064576610368997 4.073408413008177
 80138592 8 39257.05 39346.218 39600.134 32.37911952520161 32.588074208301286 32.662094375405175 4.047389940650201 4.073509276037661 4.082761796925647
 88152448 8 43033.123 43269.873 43329.0 32.551851369752356 32.596332510613095 32.77566371373976 4.0689814212190445 4.074541563826637 4.09695796421747
 96967688 8 47394.037 47600.031 47612.19 32.58583585422136 32.59415961304731 32.73582725185449 4.07322948177767 4.074269951630914 4.091978406481811
 106664456 8 52371.025 52413.94 52467.108 32.52764181322897 32.56063741821355 32.587318961200396 4.065955226653621 4.070079677276694 4.073414870150049
 117330896 8 57468.176 57493.925 57570.934 32.6083703279853 32.65204690756458 32.66667687521525 4.076046290998162 4.081505863445573 4.0833346094019065
 129063984 8 63229.084 63277.96 63421.965 32.56007195614327 32.63417063381942 32.65939680543213 4.0700089945179085 4.079271329227428 4.082424600679016
 141970376 4 42901.039 43127.775 43339.014 26.2064801012778 26.334838929205137 26.474021013803423 3.275810012659725 3.291854866150642 3.309252626725428
 156167408 4 47247.887 47272.921 47318.935 26.402522880111313 26.428222279727542 26.442225109453044 3.300315360013914 3.303527784965943 3.3052781386816306
 171784144 4 52013.874 52121.162 52126.884 26.363999658985946 26.36689396909455 26.421280445290424 3.2954999573732433 3.295861746136819 3.302660055661303
 188962552 4 57140.827 57180.166 57527.065 26.278073042662616 26.43749610660452 26.455697184781734 3.284759130332827 3.304687013325565 3.3069621480977167
 207858800 4 63022.137 63043.833 63222.885 26.301716538244023 26.376416548149923 26.385496892940967 3.287714567280503 3.2970520685187403 3.298187111617621
 228644680 4 69111.824 69183.826 69257.975 26.410784317618294 26.439090546972636 26.466635289498367 3.3013480397022867 3.3048863183715795 3.308329411187296
 251509144 4 76184.034 76236.963 76359.034 26.35016508983076 26.392357103731953 26.410693243153812 3.293770636228845 3.299044637966494 3.3013366553942265
 276660056 2 57826.996 57958.126 58071.852 19.056396272672686 19.093788919262156 19.137086491575666 2.3820495340840857 2.3867236149077695 2.392135811446958
 304326056 2 63712.12 63735.962 63846.827 19.066009717287912 19.099173932606526 19.10632112069101 2.383251214660989 2.3873967415758157 2.3882901400863763
 334758656 2 70014.0 70046.902 70883.036 18.8907628617939 19.116257618359764 19.125241008941067 2.3613453577242374 2.3895322022949705 2.3906551261176334
 368234520 2 76897.144 77186.823 77301.979 19.054338570038418 19.082765979369302 19.154652609725012 2.3817923212548022 2.385345747421163 2.3943315762156265
 405057968 2 84742.785 84949.017 85128.069 19.032874714919235 19.07299141554516 19.119407888234967 2.3791093393649043 2.384123926943145 2.389925986029371
 445563760 2 93241.93 93245.983 93555.927 19.05015638399906 19.11347795003673 19.114308766453036 2.3812695479998824 2.3891847437545914 2.3892885958066294
 490120136 2 102721.93 102725.983 102922.201 19.048179352480034 19.08456348380721 19.085316484999844 2.3810224190600042 2.385570435475901 2.3856645606249804
 539132144 1 56479.931 56546.211 56656.122 19.031734787636893 19.0687274873289 19.091104909458902 2.3789668484546116 2.3835909359161125 2.386388113682363
 593045352 1 62050.104 62155.962 62183.142 19.07415202660554 19.082492907116453 19.115047800725684 2.3842690033256924 2.3853116133895567 2.3893809750907105
 652349880 1 68269.968 68429.947 68969.965 18.916926520116405 19.066210295325817 19.110888699991776 2.3646158150145506 2.383276286915727 2.388861087498972
 717584864 1 75087.07 75289.011 75357.914 19.044711455256046 19.06214079502253 19.1134069820543 2.3805889319070057 2.382767599377816 2.3891758727567876
 789343344 1 82697.868 82783.937 82799.911 19.066284841779602 19.06996387475507 19.089811214963845 2.3832856052224503 2.383745484344384 2.3862264018704806
 868277672 1 90834.856 90844.154 91361.046 19.007612325279197 19.115763288411493 19.117720008275235 2.3759515406598997 2.3894704110514366 2.3897150010344044
 955105432 1 100178.003 100265.98 100283.861 19.04803868690297 19.051435631507317 19.06816673117351 2.3810048358628713 2.3814294539384147 2.3835208413966886
 1050615968 1 109821.081 110081.911 110174.894 19.071785410567312 19.087894794994977 19.13322940246782 2.383973176320914 2.385986849374372 2.3916536753084774
 
META_DATA
 FLOPS          2
 ERT_VERSION  1.1.0
 HOSTNAME  ('graoully-2.nancy.grid5000.fr', [], ['172.16.70.2'])
 UNAME  uname_result(system='Linux', node='graoully-2.nancy.grid5000.fr', release='4.19.0-14-amd64', version='#1 SMP Debian 4.19.171-2 (2021-01-30)', machine='x86_64', processor='')
 TIMESTAMP_DATA  1615579973.2676582
 CONFIG  {'ERT_RESULTS': ['Results.graoully.01'], 'ERT_DRIVER': ['driver1'], 'ERT_KERNEL': ['kernel1'], 'ERT_OPENMP': ['False'], 'ERT_FLOPS': ['1,2,4,8,16,32'], 'ERT_ALIGN': ['64'], 'ERT_CC': ['g++'], 'ERT_CFLAGS': ['-O3', '-march=native'], 'ERT_LD': ['g++'], 'ERT_LDFLAGS': [], 'ERT_LDLIBS': [], 'ERT_PRECISION': ['FP64'], 'ERT_RUN': ['ERT_CODE'], 'ERT_NUM_EXPERIMENTS': ['3'], 'ERT_MEMORY_MAX': ['1073741824'], 'ERT_WORKING_SET_MIN': ['1'], 'ERT_TRIALS_MIN': ['1'], 'ERT_GNUPLOT': ['gnuplo'], 'ERT_MPI': [False], 'ERT_GPU': [False], 'ERT_HIP': [False], 'ERT_OCL': [False], 'ERT_SYCL': [False], 'ERT_WSS_MULT': [1.1]}
 TIMESTAMP_DATA  1615580006.0637214
 TIMESTAMP_DATA  1615580038.821784
 